1610.5  5.960  0.000    1   0.000 
1611.5  4.608  0.071   66   0.000 
1612.5  7.627  0.067  556   0.000 
1613.5  7.644  0.107  164   0.000 
1614.5 10.017  0.000    1   0.000 
1615.5  2.490  0.000   13   0.000 
1616.5  1.787  0.159   73   0.000 
1617.5  0.062  0.000  219   0.000 
1618.5  0.109  0.000  709   0.000 
1619.5  1.242  0.000   21   0.000 
1620.5  1.242  0.000   45   0.000 
1621.5  1.242  0.000   76   0.000 
1622.5  1.242  0.000   34   0.000 
1623.5  1.242  0.000   11   0.000 
1624.5  0.916  0.000   66   0.000 
1625.5  3.512  0.006  387   0.000 
1626.5  2.170  0.036  413   0.000 
1627.5  1.511  0.000   97   0.000 
1628.5  1.738  0.000   25   0.000 
1629.5  1.424  0.000   68   0.000 
1630.5  0.000  0.000   14   0.000 
1631.5  0.267  0.000   65   0.000 
1632.5  0.000  0.000  470   0.000 
1633.5  0.358  0.000  111   0.000 
1634.5  0.132  0.000  339   0.000 
1635.5  0.141  0.000  282   0.000 
1636.5 -1.000 -1.000    0   0.000 
1637.5 -1.000 -1.000    0   0.000 
1638.5  5.730  0.004  335   0.000 
1639.5  6.351  0.000  365   0.000 
1640.5  1.242  0.000    2   0.000 
1641.5 -1.000 -1.000    0   0.000 
1642.5  4.170  0.000   37   0.000 
1643.5  1.278  0.000  177   0.000 
1644.5  0.995  0.000  250   0.000 
1645.5  0.004  0.000  351   0.000 
1646.5  0.000  0.000  365   0.000 
1647.5  0.000  0.000  365   0.000 
1648.5  0.000  0.000  479   0.000 
1649.5  0.000  0.000  365   0.000 
1650.5  0.000  0.000  365   0.000 
1651.5  0.000  0.000  365   0.000 
1652.5  0.170  0.000   96   0.000 
1653.5  0.069  0.000  474   0.000 
1654.5  0.058  0.000  691   0.000 
1655.5  0.044  0.000  413   0.000 
1656.5  0.044  0.000  492   0.000 
1657.5  0.014  0.000  481   0.000 
1658.5  0.000  0.000  444   0.000 
1659.5  0.000  0.000  706   0.000 
1660.5  0.164  0.003  775   0.000 
1661.5  0.063  0.000  836   0.000 
1662.5  0.000  0.000 1237   0.000 
1663.5  0.000  0.000 1265   0.000 
1664.5  0.000  0.000 1219   0.000 
1665.5  0.000  0.000  740   0.000 
1666.5  0.000  0.000 1001   0.000 
1667.5  0.000  0.000 1254   0.000 
1668.5  0.000  0.000  849   0.000 
1669.5  0.000  0.000  786   0.000 
1670.5  0.000  0.000  836   0.000 
1671.5  0.081  0.000  556   0.000 
1672.5  0.030  0.000  816   0.000 
1673.5  0.000  0.000  633   0.000 
1674.5  0.018  0.000  312   0.000 
1675.5  0.000  0.000  713   0.000 
1676.5  0.140  0.001  736   0.000 
1677.5  0.027  0.000  875   0.000 
1678.5  0.019  0.002  753   0.000 
1679.5  0.000  0.000  780   0.000 
1680.5  0.063  0.001  731   0.000 
1681.5  0.003  0.000  865   0.000 
1682.5  0.000  0.000  876   0.000 
1683.5  0.000  0.000  916   0.000 
1684.5  0.117  0.003  943   0.000 
1685.5  0.000  0.000  750   0.000 
1686.5  0.046  0.001  820   0.000 
1687.5  0.005  0.002  885   0.000 
1688.5  0.041  0.005  933   0.000 
1689.5  0.016  0.000 1991   0.000 
1690.5  0.000  0.000 1380   0.000 
1691.5  0.000  0.000  888   0.000 
1692.5  0.000  0.000  682   0.000 
1693.5  0.000  0.000  798   0.000 
1694.5  0.000  0.000  809   0.000 
1695.5  0.011  0.001 1351   0.000 
1696.5  0.000  0.000 1425   0.000 
1697.5  0.000  0.000 1444   0.000 
1698.5  0.000  0.000 1296   0.000 
1699.5  0.000  0.000 1469   0.000 
1700.5  0.034  0.001 1343   0.000 
1701.5  0.041  0.002  937   0.000 
1702.5  0.050  0.006  890   0.000 
1703.5  0.221  0.007  956   0.000 
1704.5  0.343  0.010  729   0.000 
1705.5  0.456  0.008  697   0.000 
1706.5  0.264  0.007  602   0.000 
1707.5  0.435  0.008  824   0.000 
1708.5  0.236  0.004  741   0.000 
1709.5  0.131  0.003 1108   0.000 
1710.5  0.034  0.000  667   0.000 
1711.5  0.000  0.000 1277   0.000 
1712.5  0.000  0.000 1135   0.000 
1713.5  0.027  0.001  918   0.000 
1714.5  0.081  0.003  627   0.000 
1715.5  0.299  0.004  403   0.000 
1716.5  0.752  0.012  628   0.000 
1717.5  1.443  0.020  527   0.000 
1718.5  0.831  0.013  266   0.000 
1719.5  2.800  0.074  530   0.000 
1720.5  1.981  0.050  484   0.000 
1721.5  1.453  0.007  320   0.000 
1722.5  0.903  0.076  108   0.000 
1723.5  0.653  0.000    8   0.000 
1724.5  1.222  0.067   24   0.000 
1725.5  1.033  0.013  134   0.000 
1726.5  3.019  0.018  392   0.000 
1727.5  3.292  0.000   34   0.000 
1728.5  5.425  0.000   58   0.000 
1729.5  2.297  0.000   24   0.000 
1730.5  7.026  0.106   43   0.000 
1731.5  0.000  0.000    1   0.000 
1732.5  1.490  0.000    2   0.000 
1733.5  0.002  0.000  395   0.000 
1734.5  0.000  0.000    1   0.000 
1735.5  1.681  0.022   27   0.000 
1736.5  4.396  0.049   26   0.000 
1737.5  1.987  0.000    3   0.000 
1738.5  1.407  0.579    2   0.000 
1739.5  4.621  0.016   19   0.000 
1740.5  1.021  0.000   45   0.000 
1741.5  1.247  0.000   17   0.000 
1742.5  0.930  0.000   21   0.000 
1743.5  0.898  0.000   22   0.000 
1744.5 -1.000 -1.000    0   0.000 
1745.5 -1.000 -1.000    0   0.000 
1746.5  0.000  0.000    1   0.000 
1747.5 -1.000 -1.000    0   0.000 
1748.5  5.050  0.579    5   0.000 
1749.5  5.379  0.000  109   0.000 
1750.5  4.086  0.047  137   0.000 
1751.5  2.918  0.021  156   0.000 
1752.5  2.400  0.024  137   0.000 
1753.5  2.073  0.000   21   0.000 
1754.5  0.864  0.012  432   0.000 
1755.5  0.389  0.004  559   0.000 
1756.5  0.610  0.003  425   0.000 
1757.5  1.586  0.015  269   0.000 
1758.5  3.132  0.000  105   0.000 
1759.5  4.207  0.000   17   0.000 
1760.5  3.509  0.004   89   0.000 
1761.5  6.124  0.029  268   0.000 
1762.5  3.816  0.010  266   0.000 
1763.5  2.668  0.000  210   0.000 
1764.5  2.364  0.037  212   0.000 
1765.5  0.563  0.002  127   0.000 
1766.5  0.356  0.000  184   0.000 
1767.5  2.729  0.031  533   0.000 
1768.5  5.899  0.050  584   0.000 
1769.5  8.475  0.056  522   0.000 
1770.5  7.976  0.041  658   0.000 
1771.5  6.840  0.047  439   0.000 
1772.5  5.406  0.041  369   0.000 
1773.5  2.522  0.020  571   0.000 
1774.5  2.079  0.022  503   0.000 
1775.5  0.467  0.011  604   0.000 
1776.5  1.031  0.013  588   0.000 
1777.5  2.884  0.018  188   0.000 
1778.5  4.395  0.015  166   0.000 
1779.5  6.463  0.000   34   0.000 
1780.5  5.205  0.000   26   0.000 
1781.5  5.644  0.000   34   0.000 
1782.5  1.987  0.000   23   0.000 
1783.5  1.882  0.000   19   0.000 
1784.5  0.397  0.000    5   0.000 
1785.5  1.786  0.069   30   0.000 
1786.5  4.413  0.025   61   0.000 
1787.5  7.090  0.005   56   0.000 
1788.5  6.890  0.085   47   0.000 
1789.5  6.469  0.175   22   0.000 
1790.5  7.489  0.000   13   0.000 
1791.5  3.667  0.000   28   0.000 
1792.5  3.477  0.000    4   0.000 
1793.5  1.614  0.000   15   0.000 
1794.5  3.265  0.030   70   0.000 
1795.5  1.870  0.010  121   0.000 
1796.5  0.985  0.011  276   0.000 
1797.5  0.541  0.006  342   0.000 
1798.5  0.285  0.007  373   0.000 
1799.5  0.400  0.001  258   0.000 
1800.5  0.710  0.009  288   0.000 
1801.5  4.132  0.045  431   0.000 
1802.5  2.818  0.024  272   0.000 
1803.5  1.521  0.025  247   0.000 
1804.5  1.769  0.019  264   0.000 
1805.5  1.635  0.024  178   0.000 
1806.5  1.737  0.021   80   0.000 
1807.5  0.192  0.004  322   0.000 
1808.5  0.232  0.003  321   0.000 
1809.5  0.101  0.002  517   0.000 
1810.5  0.000  0.000  997   0.000 
1811.5  0.025  0.004 1035   0.000 
1812.5  0.326  0.009  535   0.000 
1813.5  0.750  0.014  695   0.000 
1814.5  0.880  0.011  543   0.000 
1815.5  1.406  0.027  449   0.000 
1816.5  2.593  0.028  716   0.000 
1817.5  2.335  0.024  677   0.000 
1818.5  1.816  0.025  623   0.000 
1819.5  1.594  0.017  675   0.000 
1820.5  0.882  0.010  528   0.000 
1821.5  0.342  0.007  801   0.000 
1822.5  0.248  0.006  878   0.000 
1823.5  0.102  0.002  840   0.000 
1824.5  0.332  0.008  888   0.000 
1825.5  1.200  0.020  966   0.000 
1826.5  2.379  0.035  943   0.000 
1827.5  3.676  0.033 1011   0.000 
1828.5  4.727  0.043 1068   0.000 
1829.5  4.907  0.034  982   0.000 
1830.5  5.300  0.038  848   0.000 
1831.5  3.253  0.037  823   0.000 
1832.5  1.870  0.023 1064   0.000 
1833.5  0.539  0.011 1010   0.000 
1834.5  0.779  0.012  916   0.000 
1835.5  3.836  0.038  777   0.000 
1836.5  8.238  0.039  516   0.000 
1837.5  9.099  0.050  482   0.000 
1838.5  6.359  0.000  336   0.000 
1839.5  5.421  0.000  344   0.000 
1840.5  3.964  0.005  371   0.000 
1841.5  2.203  0.033  550   0.000 
1842.5  1.560  0.012  602   0.000 
1843.5  0.677  0.007  619   0.000 
1844.5  0.982  0.009  612   0.000 
1845.5  2.471  0.035  626   0.000 
1846.5  3.606  0.035  627   0.000 
1847.5  4.876  0.052  696   0.000 
1848.5  7.118  0.052  800   0.000 
1849.5  6.904  0.052  926   0.000 
1850.5  4.541  0.040 1016   0.000 
1851.5  4.788  0.031  830   0.000 
1852.5  4.118  0.026  895   0.000 
1853.5  2.945  0.015  777   0.000 
1854.5  1.426  0.019 1012   0.000 
1855.5  0.370  0.013 1126   0.000 
1856.5  0.254  0.006 1033   0.000 
1857.5  1.444  0.023 1126   0.000 
1858.5  3.685  0.036  857   0.000 
1859.5  6.261  0.058  894   0.000 
1860.5  7.093  0.053 1867   0.000 
1861.5  5.849  0.053 1984   0.000 
1862.5  4.178  0.034 1713   0.000 
1863.5  3.383  0.033 1820   0.000 
1864.5  2.853  0.027 1964   0.000 
1865.5  1.864  0.022 1773   0.000 
1866.5  1.129  0.011 1837   0.000 
1867.5  0.516  0.008 1406   0.000 
1868.5  2.394  0.027 1446   0.000 
1869.5  5.160  0.039 1333   0.000 
1870.5  7.968  0.053 1589   0.000 
1871.5  7.182  0.052 1802   0.000 
1872.5  6.632  0.043 1555   0.000 
1873.5  4.269  0.031 1961   0.000 
1874.5  2.891  0.026 2583   0.000 
1875.5  1.280  0.017 2573   0.000 
1876.5  0.755  0.011 3137   0.000 
1877.5  0.701  0.008 3536   0.000 
1878.5  0.218  0.006 4190   0.000 
1879.5  0.362  0.007 3792   0.000 
1880.5  2.053  0.020 3263   0.000 
1881.5  3.741  0.032 2982   0.000 
1882.5  3.950  0.032 3420   0.000 
1883.5  4.533  0.039 3269   0.000 
1884.5  5.108  0.044 2741   0.000 
1885.5  3.909  0.034 2860   0.000 
1886.5  1.871  0.020 2908   0.000 
1887.5  1.054  0.016 2479   0.000 
1888.5  0.627  0.012 3209   0.000 
1889.5  0.482  0.008 3901   0.000 
1890.5  0.650  0.013 4023   0.000 
1891.5  3.226  0.032 3247   0.000 
1892.5  5.657  0.041 2943   0.000 
1893.5  7.291  0.064 2950   0.000 
1894.5  7.278  0.054 2184   0.000 
1895.5  5.715  0.043 2853   0.000 
1896.5  3.281  0.030 2565   0.000 
1897.5  2.533  0.025 2540   0.000 
1898.5  2.151  0.024 3064   0.000 
1899.5  1.018  0.014 3151   0.000 
1900.5  0.753  0.013 3713   0.000 
1901.5  0.205  0.006 3956   0.000 
1902.5  0.315  0.007 3548   0.000 
1903.5  2.001  0.022 2950   0.000 
1904.5  3.763  0.028 2508   0.000 
1905.5  5.035  0.034 2452   0.000 
1906.5  4.667  0.035 3032   0.000 
1907.5  5.063  0.034 2981   0.000 
1908.5  4.389  0.034 3450   0.000 
1909.5  3.846  0.030 3333   0.000 
1910.5  1.778  0.019 2836   0.000 
1911.5  0.703  0.012 2766   0.000 
1912.5  0.298  0.006 3100   0.000 
1913.5  0.133  0.005 3329   0.000 
1914.5  1.028  0.012 2577   0.000 
1915.5  4.183  0.031 1525   0.000 
1916.5  5.547  0.034 1498   0.000 
1917.5  9.137  0.054 1611   0.000 
1918.5  7.399  0.043 1531   0.000 
1919.5  5.925  0.034 1330   0.000 
1920.5  3.598  0.023 1200   0.000 
1921.5  2.369  0.018 1454   0.000 
1922.5  1.304  0.013 1602   0.000 
1923.5  0.568  0.008 2021   0.000 
1924.5  1.510  0.013 1823   0.000 
1925.5  4.246  0.025 1636   0.000 
1926.5  5.857  0.031 1320   0.000 
1927.5  6.396  0.031 1353   0.000 
1928.5  6.814  0.034 1846   0.000 
1929.5  6.161  0.032 1808   0.000 
1930.5  3.649  0.023 1898   0.000 
1931.5  2.138  0.016 1911   0.000 
1932.5  1.119  0.011 2036   0.000 
1933.5  0.486  0.006 2424   0.000 
1934.5  0.865  0.008 2207   0.000 
1935.5  3.556  0.021 2097   0.000 
1936.5  7.351  0.038 2039   0.000 
1937.5  9.971  0.044 1993   0.000 
1938.5  9.411  0.047 1763   0.000 
1939.5  8.052  0.033 1414   0.000 
1940.5  5.934  0.030 1640   0.000 
1941.5  4.129  0.025 2076   0.000 
1942.5  2.699  0.019 2272   0.000 
1943.5  1.281  0.012 2408   0.000 
1944.5  0.896  0.012 2581   0.000 
1945.5  3.098  0.025 1732   0.000 
1946.5  7.885  0.040 1845   0.000 
1947.5 12.005  0.055 1995   0.000 
1948.5 10.559  0.052 1890   0.000 
1949.5 10.679  0.047 2024   0.000 
1950.5  6.291  0.033 2107   0.000 
1951.5  4.823  0.030 2067   0.000 
1952.5  2.457  0.019 2098   0.000 
1953.5  1.127  0.013 2738   0.000 
1954.5  0.369  0.009 2833   0.000 
1955.5  3.157  0.021 1686   0.000 
1956.5 10.442  0.048 1836   0.000 
1957.5 13.757  0.054 1452   0.000 
1958.5 14.512  0.054 1577   0.000 
1959.5 12.387  0.053 1358   0.000 
1960.5  8.595  0.041 1409   0.000 
1961.5  4.066  0.027 1520   0.000 
1962.5  2.591  0.026 1769   0.000 
1963.5  2.023  0.022 1967   0.000 
1964.5  0.845  0.013 2500   0.000 
1965.5  1.203  0.014 2271   0.000 
1966.5  3.635  0.024 1979   0.000 
1967.5  7.934  0.049 2097   0.000 
1968.5  8.129  0.041 2214   0.000 
1969.5  7.947  0.043 1915   0.000 
1970.5  8.968  0.048 1903   0.000 
1971.5  6.081  0.033 1938   0.000 
1972.5  5.955  0.037 1905   0.000 
1973.5  3.235  0.024 1751   0.000 
1974.5  2.824  0.024 1888   0.000 
1975.5  1.252  0.016 1825   0.000 
1976.5  1.122  0.013 1553   0.000 
1977.5  2.498  0.021 1747   0.000 
1978.5  8.489  0.055 1637   0.000 
1979.5 12.900  0.061 1611   0.000 
1980.5 11.696  0.053 1621   0.000 
1981.5 11.677  0.062 1676   0.000 
1982.5  9.611  0.048 1884   0.000 
1983.5  5.940  0.040 1870   0.000 
1984.5  3.640  0.027 1819   0.000 
1985.5  1.402  0.016 1730   0.000 
1986.5  1.004  0.011 1759   0.000 
1987.5  2.295  0.020 1667   0.000 
1988.5  7.400  0.054 1447   0.000 
1989.5 12.233  0.065 1353   0.000 
1990.5 12.310  0.074 1218   0.000 
1991.5 12.085  0.058 1152   0.000 
1992.5  7.939  0.043  932   0.000 
1993.5  4.452  0.023  714   0.000 
1994.5  2.952  0.023  719   0.000 
1995.5  1.566  0.010  448   0.000 
