4.000000000000000000e+00 4.000000000000000000e+00
3.152840686026679329e+00 4.069466015098088363e+00
2.242623449829370674e+00 4.115526064956958052e+00
1.361483509088542432e+00 4.105711043501668378e+00
6.162151428488548133e-01 4.052376725313808770e+00
-1.954513628827378169e-01 3.925616745698258470e+00
-9.148671230123537335e-01 3.790253110759930877e+00
-1.274482376593449873e+00 3.720837720284820183e+00
-2.048428886573194330e+00 3.540891918554862183e+00
-2.606549292073451429e+00 3.357771013549327499e+00
-3.062703870379189119e+00 3.181226216014409580e+00
-3.406918811892027055e+00 3.030945795184404989e+00
-3.831656172807901051e+00 2.822636360073936590e+00
-4.146685524748448870e+00 2.649723598395544499e+00
-4.425487750965353406e+00 2.480952501933178400e+00
-4.659205017577471963e+00 2.325651777329144743e+00
-4.919886749606019016e+00 2.133932986114228214e+00
-5.114662781496803312e+00 1.975187946953914420e+00
-5.311120842511263263e+00 1.798098587276308891e+00
-5.430384357725011490e+00 1.680028757594889344e+00
-5.558836608056844319e+00 1.541828653519057513e+00
-5.675307669284999967e+00 1.403881919487733221e+00
-5.788136243625801924e+00 1.255613112093652672e+00
-5.869874572709949057e+00 1.136104074209666415e+00
-5.927140743290522984e+00 1.044397840839525582e+00
-5.990169723170926552e+00 9.333707137447836422e-01
-6.022381742481917044e+00 8.714502034997547719e-01
-6.067108220029586718e+00 7.778692387851215972e-01
-6.102706972546887876e+00 6.950259557455020776e-01
-6.130310755133453249e+00 6.239329241566404782e-01
-6.150890400198671948e+00 5.656829910214109525e-01
-6.163840375163067264e+00 5.260899064095512223e-01
-6.176618034345186636e+00 4.841762338085613959e-01
-6.186480114342570502e+00 4.494734823204005192e-01
-6.197835036212611115e+00 4.063409965116220324e-01
-6.208148640935448270e+00 3.633559963954073324e-01
-6.214756297072100644e+00 3.333267889198526235e-01
-6.220777675056679890e+00 3.037703948367766471e-01
-6.226471051301589732e+00 2.734107924455357885e-01
-6.230310079009670154e+00 2.512589101397655900e-01
-6.233308908948922422e+00 2.327591353442809430e-01
-6.236186952415393669e+00 2.137915793891169147e-01
-6.238740342587171028e+00 1.957392429766506847e-01
-6.240757746734938216e+00 1.805007469894063521e-01
-6.242292323090508077e+00 1.682043076931054593e-01
-6.243817417430381767e+00 1.552556745794010096e-01
-6.245430893775121284e+00 1.406089950674494493e-01
-6.246470740694821444e+00 1.305368569927904121e-01
-6.247533210209881283e+00 1.196421643576656840e-01
-6.248484537805556016e+00 1.092555354224256370e-01
-6.249390043770933545e+00 9.870142208902407677e-02
-6.249867291870351060e+00 9.282328860497707224e-02
-6.250543583415896443e+00 8.404909589637812872e-02
-6.251205182449142583e+00 7.487282783607848713e-02
-6.251586691960032027e+00 6.926134932610930606e-02
-6.252051004131427447e+00 6.204516441640602759e-02
-6.252350012349110031e+00 5.714147941641557760e-02
-6.252584099757786618e+00 5.313838689888582267e-02
-6.252839195760942381e+00 4.858817112594678023e-02
-6.252974094149743145e+00 4.609634617012258601e-02
-6.253231751699853902e+00 4.114220562055583008e-02
-6.253358800995179934e+00 3.859745768307365488e-02
-6.253540688371664658e+00 3.482279559161992333e-02
-6.253655637605385564e+00 3.234313864339959793e-02
-6.253755760443711509e+00 3.012087320554674569e-02
-6.253831891263206266e+00 2.838880745652258911e-02
-6.253906570861539116e+00 2.665086022653833167e-02
-6.254007358232324343e+00 2.424077093307000844e-02
-6.254086470544590881e+00 2.229248687721422512e-02
-6.254160428099713620e+00 2.042164786966063975e-02
-6.254204774462902350e+00 1.927592107225116827e-02
-6.254244054044178824e+00 1.824385717774116428e-02
-6.254299884336922410e+00 1.674888037555383527e-02
-6.254359792497696802e+00 1.510697572380342510e-02
-6.254396357862739286e+00 1.408338283632270746e-02
-6.254422874122096410e+00 1.333103324135617024e-02
-6.254476779599723812e+00 1.177153215778104292e-02
-6.254511345149487589e+00 1.075133564149085251e-02
-6.254534652914059301e+00 1.005280507390915110e-02
-6.254559419997593572e+00 9.301677335236294836e-03
-6.254584503295927078e+00 8.530522393915626264e-03
-6.254606459280195097e+00 7.846796203803409545e-03
-6.254630494108004868e+00 7.088909910590328843e-03
-6.254642346908030781e+00 6.711746440552301442e-03
-6.254660088964962839e+00 6.142011968759917076e-03
-6.254674971771437164e+00 5.659449790198126974e-03
-6.254690822801654448e+00 5.140647462168697335e-03
-6.254705957171358577e+00 4.640592596639923906e-03
-6.254716134048616816e+00 4.301745051342808525e-03
-6.254726098570398740e+00 3.968168240359525901e-03
-6.254736034002037925e+00 3.633391829776623852e-03
-6.254746605110046431e+00 3.274505588027275347e-03
-6.254753782738367462e+00 3.029534228401360718e-03
-6.254761778652463633e+00 2.755179783274672514e-03
-6.254767272562141045e+00 2.565993442022766833e-03
-6.254772917804737098e+00 2.370790064970004427e-03
-6.254781569527900764e+00 2.070123837335422889e-03
-6.254785778595290502e+00 1.923217795441357816e-03
-6.254789571816114169e+00 1.790479251477264996e-03
-6.254795155880882085e+00 1.594454729518027291e-03
-6.254799380626191230e+00 1.445541362267568648e-03
-6.254801949195239352e+00 1.354787244644130133e-03
-6.254805054417635013e+00 1.244852235035917012e-03
-6.254808177661014490e+00 1.134059119438910780e-03
-6.254810560550573051e+00 1.049401304697034250e-03
-6.254812592001127491e+00 9.770362783435672990e-04
-6.254814668991617310e+00 9.029279401963514204e-04
-6.254816428328817679e+00 8.400909856161303119e-04
-6.254818309741346560e+00 7.728345942956214160e-04
-6.254820005377289327e+00 7.121990287180314820e-04
-6.254822336947284178e+00 6.286418785608956792e-04
-6.254823931062742481e+00 5.714423703769833367e-04
-6.254825556944345166e+00 5.130391253439440646e-04
-6.254826655389208234e+00 4.735357044856442713e-04
-6.254827896491775618e+00 4.288403150989880739e-04
-6.254829379569719627e+00 3.754170416529744865e-04
-6.254830100431552964e+00 3.494255192576045210e-04
-6.254830835020565694e+00 3.229135474653524874e-04
-6.254831483505155276e+00 2.995074144863220725e-04
-6.254832147993824698e+00 2.754959795739919128e-04
-6.254832780919711510e+00 2.526132628310402998e-04
-6.254833409426267643e+00 2.298957337489510911e-04
-6.254834080006326680e+00 2.056354140548602688e-04
-6.254834519639605794e+00 1.897202850477989697e-04
-6.254835167275592411e+00 1.662835334946417810e-04
-6.254835653014993113e+00 1.486977158354469515e-04
-6.254835945582843060e+00 1.381087154264936138e-04
-6.254836310982740066e+00 1.248709381861364063e-04
-6.254836597511300056e+00 1.144863692041992375e-04
-6.254836872156380956e+00 1.045384462239451852e-04
-6.254837221171738904e+00 9.189851697238093995e-05
-6.254837490332512573e+00 8.214342700066073056e-05
-6.254837713830518453e+00 7.403433397537513604e-05
-6.254837867442287980e+00 6.845883351892412976e-05
-6.254838003291579795e+00 6.352671276901702740e-05
-6.254838134891300250e+00 5.875102930291819917e-05
-6.254838295886545829e+00 5.290621325359637958e-05
-6.254838405253856592e+00 4.893195009743818604e-05
-6.254838530557210063e+00 4.437984252417739449e-05
-6.254838638142156348e+00 4.047492225643914470e-05
-6.254838720681028086e+00 3.747733055273028233e-05
-6.254838796102319520e+00 3.473958235511550636e-05
-6.254838879595062018e+00 3.170705870994699224e-05
-6.254838955365987552e+00 2.895493954480223998e-05
-6.254839048590592476e+00 2.557171848982963314e-05
-6.254839115179755105e+00 2.315117442062117448e-05
-6.254839158063119520e+00 2.159339623641136252e-05
-6.254839204071549474e+00 1.992243628375313982e-05
-6.254839268026894494e+00 1.759818442537050329e-05
-6.254839318077303645e+00 1.577969341400985853e-05
-6.254839348076278505e+00 1.468942597277131424e-05
-6.254839381745387783e+00 1.346663575346398045e-05
-6.254839416008140418e+00 1.222184723702965861e-05
-6.254839461331540562e+00 1.057544033237196582e-05
-6.254839489338137604e+00 9.557632279706951137e-06
-6.254839511487076287e+00 8.752844563817780083e-06
-6.254839529745615856e+00 8.089147233985111921e-06
-6.254839545064265316e+00 7.532749410863573152e-06
-6.254839565538484969e+00 6.789067952422515002e-06
-6.254839583806499625e+00 6.126200377905179102e-06
-6.254839598168048909e+00 5.604723689004878650e-06
-6.254839621601640864e+00 4.752874284275041919e-06
-6.254839633647280017e+00 4.315014235488444356e-06
-6.254839645050205732e+00 3.900512423434555887e-06
-6.254839656945126336e+00 3.468645760335255746e-06
-6.254839669519716594e+00 3.011846271686043257e-06
-6.254839680360126053e+00 2.617985747618830661e-06
-6.254839689095421207e+00 2.300649719861578711e-06
-6.254839698453324992e+00 1.960754034831075535e-06
-6.254839706154943890e+00 1.680991852651787156e-06
-6.254839712074569569e+00 1.466081061654015361e-06
-6.254839717109279995e+00 1.283096352227650636e-06
-6.254839723142237240e+00 1.063873897078860208e-06
-6.254839727986539977e+00 8.878723873215625047e-07
-6.254839731758075061e+00 7.508082481409624109e-07
-6.254839735527627731e+00 6.138903597571902059e-07
-6.254839737784751108e+00 5.319200175285001954e-07
-6.254839741678930309e+00 3.905051041271783924e-07
-6.254839744912073840e+00 2.730435323877534350e-07
-6.254839747802046546e+00 1.681237727928527997e-07
-6.254839750839231272e+00 5.773750725139343853e-08
-6.254839753096183230e+00 -2.432200268776757059e-08
-6.254839755638673893e+00 -1.166863431998402750e-07
-6.254839758692694041e+00 -2.276774110985628612e-07
-6.254839761498017126e+00 -3.296538696371839190e-07
-6.254839765134768470e+00 -4.616656511421809694e-07
-6.254839769553650619e+00 -6.222394247397978551e-07
-6.254839773754111043e+00 -7.748344929845253996e-07
-6.254839779377900477e+00 -9.792216053146054025e-07
-6.254839784759539612e+00 -1.174713318881239083e-06
-6.254839791140078376e+00 -1.406628201650917426e-06
-6.254839796639732441e+00 -1.606642203457592917e-06
-6.254839804168399908e+00 -1.880187671926733955e-06
-6.254839812009329592e+00 -2.165218394765993129e-06
-6.254839818071273427e+00 -2.385536637158165286e-06
-6.254839827173860556e+00 -2.716277281939877292e-06
-6.254839835335777920e+00 -3.012830939652102163e-06
-6.254839844910593527e+00 -3.360367852536144648e-06
-6.254839857725595920e+00 -3.826100776842599522e-06
-6.254839870795564138e+00 -4.301384880134834319e-06
-6.254839882227690495e+00 -4.716752286707681013e-06
-6.254839891410997943e+00 -5.050693046737859039e-06
-6.254839912611496189e+00 -5.821153524628120486e-06
-6.254839930991019870e+00 -6.488982413939255869e-06
-6.254839950686363004e+00 -7.205006431627397918e-06
-6.254839976739311247e+00 -8.152722591435996013e-06
-6.254839996118827017e+00 -8.857596116362017227e-06
-6.254840017042567091e+00 -9.617273542492694682e-06
-6.254840043450290210e+00 -1.057708316685226597e-05
-6.254840078579630536e+00 -1.185439318156870564e-05
-6.254840106519111487e+00 -1.286946481465564568e-05
-6.254840143386063644e+00 -1.421039055870184407e-05
-6.254840184634912426e+00 -1.571108766697058897e-05
-6.254840217883828046e+00 -1.691968830901317456e-05
-6.254840266512042390e+00 -1.868860711400893563e-05
-6.254840323967125748e+00 -2.077690032305463667e-05
-6.254840389793294264e+00 -2.317006848471299751e-05
-6.254840469957168025e+00 -2.608626968362046079e-05
-6.254840548336559003e+00 -2.893372576339655036e-05
-6.254840623184250603e+00 -3.165587367650322844e-05
-6.254840707817021617e+00 -3.473311338982299726e-05
-6.254840807755030596e+00 -3.836556453090412275e-05
-6.254840935520497247e+00 -4.301173127482878949e-05
-6.254841019830666760e+00 -4.607726921315679865e-05
-6.254841138468281159e+00 -5.039245426457979068e-05
-6.254841355686760807e+00 -5.829169345057829245e-05
-6.254841503058419683e+00 -6.365307227976917408e-05
-6.254841688833433722e+00 -7.040882081024275277e-05
-6.254841855490793634e+00 -7.647600860558323714e-05
-6.254842090632967810e+00 -8.503282981565069107e-05
-6.254842371547128188e+00 -9.525794852629679938e-05
-6.254842573247403337e+00 -1.025974093172581412e-04
-6.254842757924225616e+00 -1.093160512471559820e-04
-6.254843096864229679e+00 -1.216651214758164204e-04
-6.254843276476684366e+00 -1.282116245222883315e-04
-6.254843524540574684e+00 -1.372499779420344136e-04
-6.254843851171558278e+00 -1.491445337494656668e-04
-6.254844272403301098e+00 -1.644984392318674939e-04
-6.254844740518730184e+00 -1.815833057412473688e-04
-6.254845165374553595e+00 -1.970854277833739108e-04
-6.254845615158083127e+00 -2.134876720815388025e-04
-6.254846227111340085e+00 -2.358232410705942274e-04
-6.254846755144185089e+00 -2.551075009073495840e-04
-6.254847316778578303e+00 -2.756255590777965275e-04
-6.254847896548732855e+00 -2.968225987051162709e-04
-6.254848449419873724e+00 -3.170454207535346181e-04
-6.254848991428646698e+00 -3.368765378586711804e-04
-6.254849865448571578e+00 -3.688568553130608624e-04
-6.254850714875813900e+00 -3.999369977158994142e-04
-6.254851575786399387e+00 -4.314968665305846086e-04
-6.254852332564358797e+00 -4.592566622890308092e-04
-6.254853590331802771e+00 -5.054124892339102249e-04
-6.254854475553363713e+00 -5.379189660888565594e-04
-6.254855403517860957e+00 -5.720501153137905800e-04
-6.254856743642290162e+00 -6.213564814908072859e-04
-6.254858143690285033e+00 -6.728702274589984681e-04
-6.254859370596683732e+00 -7.181061863766460352e-04
-6.254861601755137279e+00 -8.004586369466307324e-04
-6.254863411873442303e+00 -8.673955387067998433e-04
-6.254866407326020727e+00 -9.783147666925461321e-04
-6.254868314183785749e+00 -1.048972904745731688e-03
-6.254870745345381344e+00 -1.139297694406874936e-03
-6.254874197460929430e+00 -1.267901531540158990e-03
-6.254878088469714825e+00 -1.413330418666170927e-03
-6.254881346611411708e+00 -1.535392167787548402e-03
-6.254888376516007042e+00 -1.799943676570200934e-03
-6.254891321505230195e+00 -1.911195541519898015e-03
-6.254895363665609054e+00 -2.064329286942679417e-03
-6.254899447866804074e+00 -2.219636312655077701e-03
-6.254905646580315448e+00 -2.456155334082255146e-03
-6.254911851341421247e+00 -2.694238359484673207e-03
-6.254919620102389999e+00 -2.993815995681054897e-03
-6.254926054227397891e+00 -3.243402496545245723e-03
-6.254933561346610382e+00 -3.536618783562115852e-03
-6.254942443197148982e+00 -3.885946585287180198e-03
-6.254952758298127691e+00 -4.295075040043015539e-03
-6.254964364360414031e+00 -4.759800245285493100e-03
-6.254979859806513609e+00 -5.387884449653481019e-03
-6.254990580995617222e+00 -5.828143223987251528e-03
-6.255004559425696442e+00 -6.408516537505791998e-03
-6.255016008673224270e+00 -6.889823361242635412e-03
-6.255025893833757955e+00 -7.310170654529346904e-03
-6.255042261818713811e+00 -8.015448493494619839e-03
-6.255063364001061998e+00 -8.943041648335347746e-03
-6.255080840200793801e+00 -9.727982044370525952e-03
-6.255102681894207706e+00 -1.073188963048646478e-02
-6.255124700848518238e+00 -1.177158076312336855e-02
-6.255140862273157687e+00 -1.255354779869499553e-02
-6.255172478345453868e+00 -1.413426557108821320e-02
-6.255207034071736061e+00 -1.594882585122599575e-02
-6.255234832968185721e+00 -1.748371688287248676e-02
-6.255264848261820276e+00 -1.923070704959451566e-02
-6.255292093718041180e+00 -2.091087684240237887e-02
-6.255318974826010958e+00 -2.267550607365966669e-02
-6.255348412135214531e+00 -2.475786177263259932e-02
-6.255385765986997804e+00 -2.769346384120927734e-02
-6.255410967340186090e+00 -2.993000365003693417e-02
-6.255437216442938819e+00 -3.258992918142247092e-02
-6.255455717376265490e+00 -3.476567127317852640e-02
-6.255477781044794128e+00 -3.792487422056487617e-02
-6.255491500283239859e+00 -4.048171737999232273e-02
-6.255506983899249640e+00 -4.516188060014577482e-02
-6.255510393679966086e+00 -4.898891289611525396e-02
-6.255505431553726403e+00 -5.284019320564636857e-02
-6.255490452297955528e+00 -5.703054204999311039e-02
-6.255455889527628877e+00 -6.249630753014887713e-02
-6.255409990061293612e+00 -6.744203465431439226e-02
-6.255347683470006359e+00 -7.256663746043180707e-02
-6.255254683384437797e+00 -7.862447733861861743e-02
-6.255127965174836824e+00 -8.530785339253835198e-02
-6.254973905529713996e+00 -9.206323097914756448e-02
-6.254793128666716662e+00 -9.884050140429122278e-02
-6.254456171886371152e+00 -1.094803723816866053e-01
-6.254073919488186029e+00 -1.196452119371913675e-01
-6.253654137759195208e+00 -1.293296634296795811e-01
-6.253045534238354186e+00 -1.415883710143563123e-01
-6.252341713889737917e+00 -1.539990137708203144e-01
-6.251293150186509884e+00 -1.701324291476327966e-01
-6.250035356620623261e+00 -1.870077711762070105e-01
-6.248681261191511460e+00 -2.031138003162467620e-01
-6.247571843161213501e+00 -2.151261350055245491e-01
-6.245970747167905124e+00 -2.310620180285341829e-01
-6.243192405292123048e+00 -2.557631789482121554e-01
-6.240999472270871706e+00 -2.733190950893655824e-01
-6.236999719122080066e+00 -3.021889302635589747e-01
-6.233307535880123318e+00 -3.261141705160966464e-01
-6.227816543992561016e+00 -3.581960083799936023e-01
-6.220480980059718945e+00 -3.963251387678126680e-01
-6.207061082152152132e+00 -4.566728329273788689e-01
-6.197036929856369447e+00 -4.962600230528401712e-01
-6.179586587182579471e+00 -5.575272396641020034e-01
-6.163884618261193715e+00 -6.065818010137289384e-01
-6.147716893366811597e+00 -6.525980493666450055e-01
-6.118483035537378711e+00 -7.273628221299565100e-01
-6.099488013096884487e+00 -7.714453778681619189e-01
-6.064686228297436088e+00 -8.451345273186369189e-01
-6.022190108090755167e+00 -9.258757663382691794e-01
-5.977199536807320079e+00 -1.002816701940492328e+00
-5.920592866130627741e+00 -1.090179651247708437e+00
-5.856617796555675604e+00 -1.179131620201880892e+00
-5.762899274416871442e+00 -1.295369951212619331e+00
-5.698723150574425134e+00 -1.367372418307721160e+00
-5.577113526597771376e+00 -1.490642478450632469e+00
-5.429221532490801749e+00 -1.622411307499920907e+00
-5.320447736000994965e+00 -1.709116772231496162e+00
-5.144216814392308379e+00 -1.835602159941945200e+00
-4.960431542760467494e+00 -1.951905580323726408e+00
-4.762629504905950384e+00 -2.062668728659410977e+00
-4.576921396182940249e+00 -2.155327434105766216e+00
-4.384819940735193100e+00 -2.241240233335939358e+00
-4.167049263576827478e+00 -2.327997049217904291e+00
-3.890768949031735868e+00 -2.424321306718871138e+00
-3.533360544983424223e+00 -2.527894618123673887e+00
-3.270049929597790062e+00 -2.591451663548434148e+00
-2.968582263720207504e+00 -2.652173422643282041e+00
-2.567488567168571212e+00 -2.714518057505187709e+00
-2.219431347535309573e+00 -2.752909442242199578e+00
-1.915006817801202743e+00 -2.775390475242218713e+00
-1.499645793926053461e+00 -2.789928999197628379e+00
-1.203364450214901460e+00 -2.789297621734196042e+00
-7.771696206799444395e-01 -2.769127789652011895e+00
-4.103957698400929610e-01 -2.724610191962424377e+00
-9.666302448731396713e-02 -2.671951704962287177e+00
2.301612324309802171e-01 -2.612703877666954888e+00
5.204965163677791606e-01 -2.558746763571595473e+00
7.448541856849871801e-01 -2.516320365016873950e+00
1.170274494628258388e+00 -2.432648365252521927e+00
1.532794100514964120e+00 -2.346937621225237969e+00
1.819664023882671788e+00 -2.255873768159528225e+00
2.039489825359177555e+00 -2.170632433633668867e+00
2.305086369447989281e+00 -2.053942986678206406e+00
2.479630738135692347e+00 -1.969282307266184473e+00
2.632370222279805994e+00 -1.889571808311259815e+00
2.802584947227422241e+00 -1.794022389560977482e+00
2.920913390785655039e+00 -1.722986778096707416e+00
3.078833224475889363e+00 -1.621721227466299986e+00
3.237661485805249928e+00 -1.510616850051959448e+00
3.348568896195278644e+00 -1.426214566524928840e+00
3.469218104424255156e+00 -1.326749708349701740e+00
3.574986766021436946e+00 -1.231639190461831568e+00
3.654599903192988108e+00 -1.154004803750541264e+00
3.718143229404617056e+00 -1.087740380516570404e+00
3.771999167551097987e+00 -1.027902785048586010e+00
3.808649518373599108e+00 -9.849433488327593578e-01
3.859657841255550448e+00 -9.216448793563576380e-01
3.911083764829016207e+00 -8.530405616437874983e-01
3.944043842083881479e+00 -8.060013997026058696e-01
3.978906134323759947e+00 -7.530324843418804148e-01
4.014440166254212627e+00 -6.949643222222898764e-01
4.037940205229411994e+00 -6.538625069952358482e-01
4.061041109749167433e+00 -6.108416750202416701e-01
4.076162006498952550e+00 -5.810303715474895991e-01
4.092570089176250647e+00 -5.470227500359713391e-01
4.107599709826868839e+00 -5.140100936922379349e-01
4.118343405937425317e+00 -4.891122944020610541e-01
4.132941375722301025e+00 -4.532728310140864414e-01
4.143609235275931724e+00 -4.253331478709428404e-01
4.154185325531440931e+00 -3.958520331779484258e-01
4.161393764433716669e+00 -3.745705530541784123e-01
4.169815864759430113e+00 -3.482351002524342598e-01
4.177196192929858221e+00 -3.235707732170454709e-01
4.181539380391375182e+00 -3.082480968494430429e-01
4.186663068048393832e+00 -2.892209834363579368e-01
4.190966664455591406e+00 -2.723626442958059779e-01
4.194994684503818405e+00 -2.557016902124645275e-01
4.199030888494651670e+00 -2.379908785159784157e-01
4.202135057849098132e+00 -2.235433645065161012e-01
4.204622000014674121e+00 -2.113804565528912272e-01
4.206706851594267604e+00 -2.007004044946445742e-01
4.208872426198409400e+00 -1.890799101147724037e-01
4.210708939819879149e+00 -1.787234848111855234e-01
4.211921208034867803e+00 -1.715973537650364034e-01
4.213041148981960582e+00 -1.647961583626282589e-01
4.214584165217310385e+00 -1.550483272128671541e-01
4.216071374161320051e+00 -1.451391196671446282e-01
4.217464038702778417e+00 -1.353349406211938610e-01
4.218374372606039202e+00 -1.286114546876616638e-01
4.219600519016367457e+00 -1.190946303190347222e-01
4.220566096815464796e+00 -1.111624955019365479e-01
4.221536355689537778e+00 -1.027125226788711543e-01
4.222160307996248640e+00 -9.699718468638804381e-02
4.222937258585793607e+00 -8.951528872550312821e-02
4.223376662024412198e+00 -8.507267289842125602e-02
4.223711766398340117e+00 -8.157053106915931884e-02
4.224213919007994811e+00 -7.611592005004250150e-02
4.224652290246591058e+00 -7.111679460714488699e-02
4.225078358274284795e+00 -6.602154373637629525e-02
4.225378137441641258e+00 -6.227230180863273235e-02
4.225698363845814320e+00 -5.809535793407041848e-02
4.225901468964078589e+00 -5.534568036800043001e-02
4.226094727769212689e+00 -5.264557299614688185e-02
4.226364507552889727e+00 -4.872574126334875549e-02
4.226551305748639464e+00 -4.589750802619500109e-02
4.226683147965033527e+00 -4.383767951608966151e-02
4.226864619941906653e+00 -4.091293683979935203e-02
4.227043701055485769e+00 -3.790366346164599637e-02
4.227164223510246011e+00 -3.580489682452349387e-02
4.227274464058632830e+00 -3.382542408897407094e-02
4.227370353424892535e+00 -3.205700826382805457e-02
4.227485589837717939e+00 -2.986072037348173891e-02
4.227562145854287579e+00 -2.835871885745478230e-02
4.227671627478603256e+00 -2.614717899982662089e-02
4.227714568929084926e+00 -2.525644004460614669e-02
4.227799883954420856e+00 -2.344353957936977373e-02
4.227855277500927933e+00 -2.223318020209123086e-02
4.227915486053552385e+00 -2.088762947158715952e-02
4.227962415836111987e+00 -1.981502743269736994e-02
4.228007354848621446e+00 -1.876703260302070575e-02
4.228074904669239409e+00 -1.715015668787641875e-02
4.228102060422077813e+00 -1.648488305030331585e-02
4.228131357223864129e+00 -1.575603061590923407e-02
4.228168912701788962e+00 -1.480722635248392892e-02
4.228199231105606692e+00 -1.402617837998886008e-02
4.228225936539448782e+00 -1.332843757409414923e-02
4.228255043393257750e+00 -1.255445818601640465e-02
4.228276305929792755e+00 -1.198132214407050811e-02
4.228293461307129242e+00 -1.151258368349976705e-02
4.228316707236745131e+00 -1.087019306009974484e-02
4.228348198683107739e+00 -9.984784978907972064e-03
4.228366258282163059e+00 -9.467983359518502770e-03
4.228377072921156277e+00 -9.154625754582403074e-03
4.228398107013386920e+00 -8.540075782195932427e-03
4.228414229075720066e+00 -8.062153400121369051e-03
4.228438292845158486e+00 -7.338010181453285402e-03
4.228457599029633585e+00 -6.747118964576493197e-03
4.228470929012148716e+00 -6.334608058197114047e-03
4.228481598095058303e+00 -6.001312469229539738e-03
4.228490960907329566e+00 -5.705747153849616803e-03
4.228499610763819305e+00 -5.431015193676254696e-03
4.228507137186006126e+00 -5.190631265655543808e-03
4.228516751276131025e+00 -4.881095406532104213e-03
4.228525384636689921e+00 -4.600881489404550113e-03
4.228532403181255894e+00 -4.371216306146219303e-03
4.228538960615705555e+00 -4.155062795578728062e-03
4.228544864548259952e+00 -3.959659656478821746e-03
4.228551456541274511e+00 -3.740567673222944603e-03
4.228556287276845183e+00 -3.578834586169247611e-03
4.228560040987810353e+00 -3.452879569837756686e-03
4.228565113998576486e+00 -3.281918066816739629e-03
4.228569010505690784e+00 -3.150042780203970039e-03
4.228574292785101107e+00 -2.970337376015771014e-03
4.228580010344908047e+00 -2.774884559332013896e-03
4.228585669349175014e+00 -2.580205604986262821e-03
4.228588525589094260e+00 -2.481702001990290438e-03
4.228593826263999489e+00 -2.297963167384976628e-03
4.228596569260989924e+00 -2.202484698029746196e-03
4.228599942797575117e+00 -2.084690427819930678e-03
4.228604782063772660e+00 -1.915063999503513427e-03
4.228607531864892799e+00 -1.818254576959738283e-03
4.228610143653481757e+00 -1.726042762632906159e-03
4.228614036554862565e+00 -1.588169453543372515e-03
4.228616682080528655e+00 -1.494147803447686993e-03
4.228619567730422801e+00 -1.391309155259328693e-03
4.228622670597795619e+00 -1.280297508048441543e-03
4.228625122805566683e+00 -1.192406059752239636e-03
4.228626927869781227e+00 -1.127469971940104438e-03
4.228628707988220548e+00 -1.063355483022409816e-03
4.228630744069771907e+00 -9.899464288952199154e-04
4.228632357543464337e+00 -9.316713984085101940e-04
4.228633468199363143e+00 -8.915041091946546148e-04
4.228635123100825233e+00 -8.314777599718870243e-04
4.228636626187347147e+00 -7.768527615902674896e-04
4.228637744948945176e+00 -7.361812096592886597e-04
4.228639155478242095e+00 -6.848562715989726588e-04
4.228640393106687156e+00 -6.397046249543472240e-04
4.228641274050310983e+00 -6.075211551365690367e-04
4.228642368473719770e+00 -5.674958521887375458e-04
4.228643438050903036e+00 -5.283633137765316769e-04
4.228644181007676472e+00 -5.011108241463101479e-04
4.228644998878692718e+00 -4.710649088216523625e-04
4.228645862916787124e+00 -4.393462071109757944e-04
4.228646672055761613e+00 -4.096381084102845307e-04
4.228647478418167793e+00 -3.799983740346043852e-04
4.228648008502485567e+00 -3.604664719607913992e-04
4.228648612281387997e+00 -3.382377143364367574e-04
4.228649146894948530e+00 -3.185204184565115001e-04
4.228649725292172867e+00 -2.971802828904367404e-04
4.228650060120505927e+00 -2.848398557419890985e-04
4.228650610000432408e+00 -2.645453663635091734e-04
4.228651176460202166e+00 -2.436280226322809430e-04
4.228651580394973131e+00 -2.287058274988496346e-04
4.228651880635764471e+00 -2.176029445239205373e-04
4.228652266706713903e+00 -2.033194931774206507e-04
4.228652530488523631e+00 -1.935581888783265050e-04
4.228652785818966642e+00 -1.841068369322853995e-04
4.228653069214326266e+00 -1.736162595031796050e-04
4.228653375184244112e+00 -1.622805507543809557e-04
4.228653672755101844e+00 -1.512482980479302888e-04
4.228654048795989162e+00 -1.373062698451839477e-04
4.228654218653416841e+00 -1.310117594838907317e-04
4.228654432658057516e+00 -1.230774464389646546e-04
4.228654651271080311e+00 -1.149725009496374540e-04
4.228654806405386601e+00 -1.092121188117105215e-04
4.228655007523727249e+00 -1.017475708554035701e-04
4.228655211457430951e+00 -9.417604250856757614e-05
4.228655402493471271e+00 -8.708070994321715614e-05
4.228655552642316628e+00 -8.150748315453113099e-05
4.228655648480173390e+00 -7.794730633192525741e-05
4.228655740429263510e+00 -7.453238146328855279e-05
4.228655835976964816e+00 -7.098456546694600997e-05
4.228655975983904192e+00 -6.578250930260657302e-05
4.228656052863447812e+00 -6.292548079158567364e-05
4.228656136020860323e+00 -5.983420128584544389e-05
4.228656231865879356e+00 -5.627572573472446488e-05
4.228656307420688876e+00 -5.346728765734920215e-05
4.228656381606624493e+00 -5.070799229828102723e-05
4.228656457846220462e+00 -4.787572568092611502e-05
4.228656528892061672e+00 -4.523156792914066754e-05
4.228656588767758961e+00 -4.300572139624388098e-05
4.228656655474355652e+00 -4.052452048105742352e-05
4.228656720168587846e+00 -3.811767275265989666e-05
4.228656782166513750e+00 -3.580698865229418247e-05
4.228656825925564355e+00 -3.417827862873085664e-05
4.228656869757570824e+00 -3.254855352570559140e-05
4.228656929276912280e+00 -3.033400358739532892e-05
4.228656971963234312e+00 -2.874534925870469377e-05
4.228657021245558312e+00 -2.690969424678240997e-05
4.228657063130794036e+00 -2.535311760661746087e-05
4.228657105298002428e+00 -2.378227411450776834e-05
4.228657137574915126e+00 -2.258115184883893587e-05
4.228657165374683835e+00 -2.154655199592920713e-05
4.228657199101063746e+00 -2.028859538822058074e-05
4.228657219201000572e+00 -1.954015524528590145e-05
4.228657252682815226e+00 -1.829545959260658693e-05
4.228657286565963069e+00 -1.703462793505227944e-05
4.228657310852168116e+00 -1.613162660392903071e-05
4.228657339016210770e+00 -1.508295394274362743e-05
4.228657362254221397e+00 -1.421876381616969475e-05
4.228657398575169424e+00 -1.286561690734387815e-05
4.228657415764707217e+00 -1.222591824887342505e-05
4.228657431270205436e+00 -1.164914638996509793e-05
4.228657449565172755e+00 -1.096801940656662200e-05
4.228657472517351579e+00 -1.011378643807918210e-05
4.228657495800939969e+00 -9.247596350802991341e-06
4.228657514593785471e+00 -8.548042989322247889e-06
4.228657531794682178e+00 -7.908062357950893024e-06
4.228657543932930807e+00 -7.456074577282252621e-06
4.228657559532135402e+00 -6.875533940054272310e-06
4.228657573358468369e+00 -6.361202922277059802e-06
4.228657583299541223e+00 -5.990527603560576505e-06
4.228657593718089025e+00 -5.602762171714603639e-06
4.228657602986348962e+00 -5.257400454820032932e-06
4.228657608988441119e+00 -5.034043961414083187e-06
4.228657619797401068e+00 -4.631331488512078749e-06
4.228657626634444000e+00 -4.376889533649774657e-06
4.228657636350104276e+00 -4.015456219738532719e-06
4.228657644217509670e+00 -3.722290123182778471e-06
4.228657653338881772e+00 -3.382414837051222135e-06
4.228657662622087088e+00 -3.036422689214165810e-06
4.228657667646102070e+00 -2.849242783864173558e-06
4.228657676292709056e+00 -2.527304897488682750e-06
4.228657683935268530e+00 -2.242824902823994772e-06
4.228657690439958650e+00 -2.000820123718719117e-06
4.228657695330816146e+00 -1.818741208787731145e-06
4.228657701049328921e+00 -1.605889181794764856e-06
4.228657706335029687e+00 -1.409026763468443494e-06
4.228657709483913507e+00 -1.291899459691316227e-06
4.228657712809566149e+00 -1.168007499651526382e-06
4.228657715758382452e+00 -1.058235895496792834e-06
4.228657718853538583e+00 -9.429192423662623722e-07
4.228657722235249494e+00 -8.170915749555005042e-07
4.228657724367859139e+00 -7.377392718276721991e-07
4.228657726753036528e+00 -6.488918883367712492e-07
4.228657728527098314e+00 -5.827812770021915999e-07
4.228657731890192117e+00 -4.575974704354263943e-07
4.228657734483488362e+00 -3.610585556822797759e-07
4.228657735937177087e+00 -3.069031896476479586e-07
4.228657737618844337e+00 -2.442901537844462634e-07
4.228657740381425612e+00 -1.414044852239389404e-07
4.228657742301858313e+00 -6.992669757185836030e-08
4.228657743977385586e+00 -7.594510507136340906e-09
4.228657745680120428e+00 5.582765325761801730e-08
4.228657747972897063e+00 1.411252163810992118e-07
4.228657749511723907e+00 1.984215345054825337e-07
4.228657751679921972e+00 2.791392502663514981e-07
4.228657753185442125e+00 3.351476716542080165e-07
4.228657755697940779e+00 4.287598329422425295e-07
4.228657758291961777e+00 5.252308635785082623e-07
4.228657760823034906e+00 6.193319660321362835e-07
4.228657763032314776e+00 7.015907137697359664e-07
4.228657766045522237e+00 8.137675844647218583e-07
4.228657769134511746e+00 9.287398952879762531e-07
4.228657774479063214e+00 1.127750959794408175e-06
4.228657779569624076e+00 1.317267207095487529e-06
4.228657783582514540e+00 1.466581777442528904e-06
4.228657787692187142e+00 1.619529975327627592e-06
4.228657791055237425e+00 1.744885003597258953e-06
4.228657795130919439e+00 1.896436532931429960e-06
4.228657798951156011e+00 2.038593871671837899e-06
4.228657802690852563e+00 2.178058185298813944e-06
4.228657808237122673e+00 2.384644275367805628e-06
4.228657813907356733e+00 2.595804515581339209e-06
4.228657818951270464e+00 2.783842919153309019e-06
4.228657823543749750e+00 2.954924751924486032e-06
4.228657830675913054e+00 3.220656574995103784e-06
4.228657836729913022e+00 3.446350470288481056e-06
4.228657844169846136e+00 3.723160866105504213e-06
4.228657851498081932e+00 3.996172522248407677e-06
4.228657859379341133e+00 4.289323357432228715e-06
4.228657867867100961e+00 4.605169042269077494e-06
4.228657881918816308e+00 5.129093815225458843e-06
4.228657893887463715e+00 5.575142745016912433e-06
4.228657910758370164e+00 6.203676707110641025e-06
4.228657920011484883e+00 6.548341906493230485e-06
4.228657931260395131e+00 6.967253964195184828e-06
4.228657944680272784e+00 7.467086175300116881e-06
4.228657958390076743e+00 7.977324905748845601e-06
4.228657975513991474e+00 8.615089780954526182e-06
4.228657995542398851e+00 9.361218483016106828e-06
4.228658016211689130e+00 1.013047442596610769e-05
4.228658047928360197e+00 1.131291942537274297e-05
4.228658065607573846e+00 1.197128466670448251e-05
4.228658086483471301e+00 1.274928134770643167e-05
4.228658110465960185e+00 1.364217190046174449e-05
4.228658132424209626e+00 1.446042531125946958e-05
4.228658153167218714e+00 1.523351910751798255e-05
4.228658172376759339e+00 1.594969164219630064e-05
4.228658203803198568e+00 1.712071264005856253e-05
4.228658225573253659e+00 1.793220461700752519e-05
4.228658263253366911e+00 1.933626616864298942e-05
4.228658291408017966e+00 2.038593846085440901e-05
4.228658321916232588e+00 2.152371895302602667e-05
4.228658368711196935e+00 2.326697869715079164e-05
4.228658414415931155e+00 2.497008070028037117e-05
4.228658457642563206e+00 2.658103623521027885e-05
4.228658504990920441e+00 2.834708590727404634e-05
4.228658545532066881e+00 2.985553193942306986e-05
4.228658584880525595e+00 3.132378206253789662e-05
4.228658625285831363e+00 3.282915042185028249e-05
4.228658685121077454e+00 3.506094748001182659e-05
4.228658773843255503e+00 3.836941457416639657e-05
4.228658838085705973e+00 4.076659471092064176e-05
4.228658892558970095e+00 4.279739162084166199e-05
4.228658947283713943e+00 4.483692972890169066e-05
4.228659047361537304e+00 4.856828331594966646e-05
4.228659124714080342e+00 5.145348381269830215e-05
4.228659188767246668e+00 5.383940851102736420e-05
4.228659286535620510e+00 5.748438617350930848e-05
4.228659418210434673e+00 6.239726581675951944e-05
4.228659518029373565e+00 6.612218748203972792e-05
4.228659619975227990e+00 6.993070637198624262e-05
4.228659728232313952e+00 7.397205756444922230e-05
4.228659863243515282e+00 7.900774664797544599e-05
4.228659998472624082e+00 8.405758554729134363e-05
4.228660147195317798e+00 8.961388673779331138e-05
4.228660270120996323e+00 9.420824530318222989e-05
4.228660412376999744e+00 9.952354525033440071e-05
4.228660646621483110e+00 1.082712036209394394e-04
4.228660810914974810e+00 1.144093723759672553e-04
4.228661046139239765e+00 1.231916346577131903e-04
4.228661244053734336e+00 1.305859467644335996e-04
4.228661440068048449e+00 1.379172707413250985e-04
4.228661612311920059e+00 1.443538024541918860e-04
4.228661784590403983e+00 1.507989579850196014e-04
4.228662027090678954e+00 1.598753456191256278e-04
4.228662287145732890e+00 1.696197703837035024e-04
4.228662461990819743e+00 1.761577678439431869e-04
4.228662679881117548e+00 1.843150425409307387e-04
4.228662998181731858e+00 1.962329119919995661e-04
4.228663286171451929e+00 2.070280155784947089e-04
4.228663561485891620e+00 2.173445006212951355e-04
4.228664015399362874e+00 2.343622202517526036e-04
4.228664406209165172e+00 2.490241867527385241e-04
4.228664833270278756e+00 2.650500524579171521e-04
4.228665252637282990e+00 2.807879656047336569e-04
4.228665794549864465e+00 3.011496205348166864e-04
4.228666359835484556e+00 3.224159705761253246e-04
4.228666809549960881e+00 3.393335152065103059e-04
4.228667461512328529e+00 3.638903967985593021e-04
4.228668139010655302e+00 3.894358583116498771e-04
4.228668590224349266e+00 4.064454280340721237e-04
4.228669367657614586e+00 4.357991451482846738e-04
4.228670010660215084e+00 4.600808573773952355e-04
4.228670767496963911e+00 4.886704937789791529e-04
4.228671462567271888e+00 5.149383778110854177e-04
4.228672438199758687e+00 5.518932753614892760e-04
4.228673150123252178e+00 5.788761575581871785e-04
4.228673999085959423e+00 6.110972970391998849e-04
4.228675365730039104e+00 6.630207547596321310e-04
4.228676276071573703e+00 6.976396068820496120e-04
4.228677441404620652e+00 7.420475734528802526e-04
4.228678509305113131e+00 7.827681984407863563e-04
4.228679544289613013e+00 8.223625748790826901e-04
4.228680758803078810e+00 8.687668060060905204e-04
4.228682651324245256e+00 9.413492943050269252e-04
4.228683987262042976e+00 9.926252624425379884e-04
4.228685734600760249e+00 1.059821818161952754e-03
4.228686966581337359e+00 1.107307972435166111e-03
4.228689393181634948e+00 1.200908881892610901e-03
4.228691024276680643e+00 1.264083241936604695e-03
4.228693768308850132e+00 1.370565362229682685e-03
4.228696158905758118e+00 1.463600465182792690e-03
4.228698657703628960e+00 1.561162555094680127e-03
4.228701025962808835e+00 1.653959707612541897e-03
4.228702787609462277e+00 1.723201167582094195e-03
4.228705249286873524e+00 1.820265727426700203e-03
4.228707677859924630e+00 1.916191710588180126e-03
4.228710935389281111e+00 2.045293434802226019e-03
4.228714352687052980e+00 2.181503930645774855e-03
4.228717220001295907e+00 2.296273218463930257e-03
4.228722497308142536e+00 2.508778607821582698e-03
4.228726429694632749e+00 2.667991153297329457e-03
4.228731279473272764e+00 2.865058006432530911e-03
4.228737063019847753e+00 3.102252372436993359e-03
4.228740706497612578e+00 3.253024088055550891e-03
4.228743871288836331e+00 3.384277223029061570e-03
4.228747905376366134e+00 3.552569729570388690e-03
4.228752463592592825e+00 3.743845675923720192e-03
4.228758949263839995e+00 4.018238642779271147e-03
4.228763691207224618e+00 4.220706548190898341e-03
4.228769273965273356e+00 4.460893368948155510e-03
4.228776554868401760e+00 4.777135134066325811e-03
4.228783809142653283e+00 5.095829530370564811e-03
4.228789690101496745e+00 5.357316071388030024e-03
4.228795216702036619e+00 5.605203979481034049e-03
4.228806473881953742e+00 6.117708540407097023e-03
4.228816767898935680e+00 6.595242675230031035e-03
4.228824391517830072e+00 6.954354568189550362e-03
4.228831572451155374e+00 7.297207139704779862e-03
4.228841749239660608e+00 7.791964563697062300e-03
4.228852172571262003e+00 8.308741822376010736e-03
4.228863173465747138e+00 8.867126831020904348e-03
4.228871971058506318e+00 9.323009265549953711e-03
4.228879341262508973e+00 9.712284530343182412e-03
4.228887769638858707e+00 1.016594048360873644e-02
4.228897466366486668e+00 1.069936192176808472e-02
4.228913023665802129e+00 1.158587143032255296e-02
4.228924479722756757e+00 1.226251609644068812e-02
4.228936344008380033e+00 1.298903083670018520e-02
4.228949605591910910e+00 1.383492798195648001e-02
4.228971718027292326e+00 1.533754635798618808e-02
4.228982681994064130e+00 1.613562578722241639e-02
4.228996626102468070e+00 1.721135107825961033e-02
4.229007614393645476e+00 1.811606638665276200e-02
4.229019157859073452e+00 1.913416457687741948e-02
4.229033813761437166e+00 2.055457176719675469e-02
4.229047110757733208e+00 2.201470130784723145e-02
4.229058568270001928e+00 2.346726400644627564e-02
4.229068696696098861e+00 2.498911793494008535e-02
4.229076045506873882e+00 2.633655746026416014e-02
4.229084319282251592e+00 2.839101475473350400e-02
4.229088408281021394e+00 3.003842496875117063e-02
4.229090259234992821e+00 3.177276495808236539e-02
4.229089252884024930e+00 3.378321439862588121e-02
4.229086000598678119e+00 3.539580320437371586e-02
4.229078827683524722e+00 3.742224446074490091e-02
4.229065006461376619e+00 3.995617425082745311e-02
4.229049728937551933e+00 4.202647716443047576e-02
4.229022922829522635e+00 4.486848969690209604e-02
4.228995634186036412e+00 4.721848151856190140e-02
4.228946313380546052e+00 5.072106525072851008e-02
4.228880688641596386e+00 5.454638080747573753e-02
4.228802484196679146e+00 5.838206037649504299e-02
4.228706960553674676e+00 6.241458110976284834e-02
4.228622445502742799e+00 6.557614255419352833e-02
4.228490093784243342e+00 6.999316273322954418e-02
4.228327243173594319e+00 7.480753696651930296e-02
4.228147487764061019e+00 7.955253470911534397e-02
4.227926963094435386e+00 8.478679377804147765e-02
4.227740826848247480e+00 8.882570830265611173e-02
4.227447879678972953e+00 9.465198148311368409e-02
4.227100905576277157e+00 1.009138766950149063e-01
4.226779898922642609e+00 1.062281839036573333e-01
4.226534178187832502e+00 1.100530168301874084e-01
4.226134393448429449e+00 1.158956860028013680e-01
4.225747062059233450e+00 1.211912239136613417e-01
4.225214135772008106e+00 1.279909092745888100e-01
4.224888671395656381e+00 1.319119629963366458e-01
4.224103921768241676e+00 1.407731640818561669e-01
4.223493002447569644e+00 1.471961857820005826e-01
4.222826832275647924e+00 1.538093723801216561e-01
4.221852713424983250e+00 1.628754693377081897e-01
4.220627658454457531e+00 1.734267719178576583e-01
4.219081627991831063e+00 1.856929356992649827e-01
4.217846067963667345e+00 1.948313250396907781e-01
4.216424237543973774e+00 2.047396915484863411e-01
4.214949207806550469e+00 2.144166570050167753e-01
4.213051666818500074e+00 2.261409540653454286e-01
4.211442685990491874e+00 2.355285606373211660e-01
4.206249172697654970e+00 2.631806926884921460e-01
4.203243086141616125e+00 2.777360720466411914e-01
4.201290465575722166e+00 2.867216706364797973e-01
4.198271075498244187e+00 3.000032847599858332e-01
4.194121778840605330e+00 3.171881184881614191e-01
4.190290853949733219e+00 3.321599024349743967e-01
4.184246518179127072e+00 3.542681526575007234e-01
4.178647177057663420e+00 3.733924339177986385e-01
4.169464109855593570e+00 4.025490465908757032e-01
4.158803553597795855e+00 4.335350506184338926e-01
4.146868718031887724e+00 4.653913882505679167e-01
4.137517781706738340e+00 4.886631448755203166e-01
4.124126065209080316e+00 5.199058948692194537e-01
4.105061226846895117e+00 5.608670304656429018e-01
4.091047196730021263e+00 5.887905651863741818e-01
4.064357077280258856e+00 6.379121394059220629e-01
4.043606562107585845e+00 6.731379825017957952e-01
4.024643372003940733e+00 7.033775423376550373e-01
4.005032609676288047e+00 7.330430802175894600e-01
3.973298380854215939e+00 7.780191268454544895e-01
3.946054224010380640e+00 8.140481690464042019e-01
3.918257623097148201e+00 8.487535481731502962e-01
3.892289132494111570e+00 8.795838274554459435e-01
3.867051457652628255e+00 9.081259495625317868e-01
3.820404495450154148e+00 9.577944507276119346e-01
3.787898826623424142e+00 9.902875891718344592e-01
3.733497095809819921e+00 1.041371997907680091e+00
3.681632200564592949e+00 1.086690587361136995e+00
3.604072954044873711e+00 1.149257816587315295e+00
3.557525957018015106e+00 1.184169778397992978e+00
3.495179240212649141e+00 1.228265631629392063e+00
3.406033946574361426e+00 1.286684877068455135e+00
3.341870201368519755e+00 1.325644050990683054e+00
3.269744390127567790e+00 1.366757332077785270e+00
3.203174674788784593e+00 1.402337632103132892e+00
3.073541556061131885e+00 1.465997885875540252e+00
2.964146507642244188e+00 1.514504151304751689e+00
2.855034172085794353e+00 1.558804966223731769e+00
2.731064037910535980e+00 1.604369897119998445e+00
2.585514547207417468e+00 1.652148463778697396e+00
2.451432817253323737e+00 1.691085350656643227e+00
2.276851965631932817e+00 1.735703424124215299e+00
2.123993212155537158e+00 1.769202649871798094e+00
1.951834274537560310e+00 1.801396892589452570e+00
1.770850111118583259e+00 1.829217569532388454e+00
1.631452043014134601e+00 1.846470957337733365e+00
1.459658732374322421e+00 1.863190310870466604e+00
1.329482732525271382e+00 1.872628996403560508e+00
1.164890287442636785e+00 1.879996687958650936e+00
9.517493572331071627e-01 1.880017286485300421e+00
8.179775555441344270e-01 1.873044098887135522e+00
5.661528730992031466e-01 1.846544928878271596e+00
4.027093191220823543e-01 1.822454776056368297e+00
2.274057833252553507e-01 1.793622230840720588e+00
1.677752257870295319e-02 1.756678139973573582e+00
-1.144052062687946208e-01 1.733082062536057899e+00
-2.965754111259398806e-01 1.700055954148030235e+00
-4.567678404411900650e-01 1.670601834611028957e+00
-5.878609564598572534e-01 1.646089810822324084e+00
-6.785381823688132474e-01 1.628742145317187973e+00
-8.009123725016492612e-01 1.604628013393858854e+00
-9.469589072369942739e-01 1.574277685454514408e+00
-1.063929190951819814e+00 1.547890975430183946e+00
-1.178844556594620396e+00 1.519042603956953785e+00
-1.302197130113658563e+00 1.483564068596254559e+00
-1.441344587084067985e+00 1.435846255649568137e+00
-1.530109420726738723e+00 1.400182980166397195e+00
-1.661509483915450502e+00 1.339563987446650284e+00
-1.739281831445996351e+00 1.299547297159229453e+00
-1.823631993897514736e+00 1.252829850919980004e+00
-1.888049846878352200e+00 1.215050255053755413e+00
-1.961940778683568753e+00 1.169510123655546963e+00
-2.015498811098568321e+00 1.134858061680257491e+00
-2.081999483120039685e+00 1.090020552278856414e+00
-2.135795423566329010e+00 1.052069263099806751e+00
-2.208045513546847527e+00 9.984224752502540712e-01
-2.250428829399456543e+00 9.653003353310665169e-01
-2.304988562992512868e+00 9.207660326405802120e-01
-2.338033311584157836e+00 8.925699106845800257e-01
-2.371528204221941660e+00 8.629206511823278580e-01
-2.403816987912553493e+00 8.332498230945892814e-01
-2.435797674998530837e+00 8.026291850425020247e-01
-2.476809893060571977e+00 7.613711178064830332e-01
-2.495967981626042054e+00 7.412347604961910807e-01
-2.514309232547840001e+00 7.213877475171962539e-01
-2.537759696616291638e+00 6.951622459778835639e-01
-2.559302168732143112e+00 6.700851043302856747e-01
-2.577687937839974630e+00 6.478793710362155123e-01
-2.598599780930010539e+00 6.216142750868772771e-01
-2.615483550947579339e+00 5.995927756931835884e-01
-2.631021339428654571e+00 5.785334756159167258e-01
-2.647680655398953586e+00 5.550775478216399828e-01
-2.667569424087770980e+00 5.256943071827373526e-01
-2.680868101755192523e+00 5.050640158430725890e-01
-2.695474180694326094e+00 4.814669451600110950e-01
-2.710032966707321744e+00 4.567488428704731818e-01
-2.719094796205442144e+00 4.406924439546927030e-01
-2.728108645307647073e+00 4.241438961368146909e-01
-2.734281173661556430e+00 4.124186120762531882e-01
-2.742498702294002388e+00 3.963240134223287026e-01
-2.750541872155422674e+00 3.799529823100804560e-01
-2.757706584408883721e+00 3.647839946984232085e-01
-2.763888256020266443e+00 3.511920390297141870e-01
-2.769713837103164433e+00 3.379232020061874731e-01
-2.774861534694148979e+00 3.257635057077600815e-01
-2.778760577232919360e+00 3.162776753297688592e-01
-2.784731475441461157e+00 3.012040879759735890e-01
-2.791279946409330748e+00 2.838307311718691883e-01
-2.794384077972668745e+00 2.752527350428583541e-01
-2.798388439438946218e+00 2.637906505242608723e-01
-2.801775783529470321e+00 2.537683983947058852e-01
-2.804595332611878433e+00 2.451276356890834118e-01
-2.807033004173397739e+00 2.374228563900702693e-01
-2.809047858523436414e+00 2.308756116541118009e-01
-2.811730392192341554e+00 2.218942235339416702e-01
-2.814011877428269859e+00 2.139862740868243296e-01
-2.816040935321574068e+00 2.067419010314835159e-01
-2.819187712504626742e+00 1.950156946929040847e-01
-2.821424659394863532e+00 1.863052085041113637e-01
-2.822566733063660571e+00 1.817072696943398402e-01
-2.824112527871581957e+00 1.753281639211087262e-01
-2.825908716747574712e+00 1.676466181940434730e-01
-2.827893185517832197e+00 1.587627854319263732e-01
-2.829546994710207208e+00 1.510313717931070776e-01
-2.830713681799657433e+00 1.453622970508606227e-01
-2.831847425565310328e+00 1.396765678016539669e-01
-2.832713474954589916e+00 1.352011128053640376e-01
-2.833525133077993807e+00 1.308749776480683524e-01
-2.834424867676295090e+00 1.259380068373872896e-01
-2.835306368303962987e+00 1.209385462293609964e-01
-2.836220071435807899e+00 1.155707229640409728e-01
-2.837036224752637725e+00 1.105926609618586021e-01
-2.837566584806686443e+00 1.072610496254690071e-01
-2.838217032307158050e+00 1.030596088419709622e-01
-2.838873254905696086e+00 9.866434141257894586e-02
-2.839543027363172101e+00 9.400661497733089900e-02
-2.839918440516765230e+00 9.130915068217725084e-02
-2.840494385329772165e+00 8.704732852342099425e-02
-2.841087935190616864e+00 8.247152675340038708e-02
-2.841598732440141717e+00 7.836849193687658865e-02
-2.841985488238898849e+00 7.515576876109422710e-02
-2.842318592294548196e+00 7.230070596856687237e-02
-2.842614995747763995e+00 6.967983633468656512e-02
-2.842877896108568780e+00 6.730048561698913356e-02
-2.843205675299044888e+00 6.423427730311093153e-02
-2.843515825806258945e+00 6.123339322234858106e-02
-2.843800899221772926e+00 5.836784115571509030e-02
-2.844037538404799559e+00 5.591711926920199527e-02
-2.844249436429171052e+00 5.365429323100014136e-02
-2.844413298211900365e+00 5.185514795195331206e-02
-2.844602379734213926e+00 4.972334975110923039e-02
-2.844823917256539048e+00 4.713893893962056020e-02
-2.844965594321105407e+00 4.543458697281931025e-02
-2.845130052873066084e+00 4.340226518993996890e-02
-2.845275980287952589e+00 4.154253304079598419e-02
-2.845386894035231151e+00 4.009056752433817067e-02
-2.845508063298414214e+00 3.846694343743119887e-02
-2.845636957893349805e+00 3.669108453694872735e-02
-2.845758560945950144e+00 3.496743717007259888e-02
-2.845863990348118655e+00 3.342885811491681791e-02
-2.845949037550036476e+00 3.215568437924906653e-02
-2.846026386258589724e+00 3.097186070133441105e-02
-2.846086765561105736e+00 3.002898827344347571e-02
-2.846142620514017452e+00 2.913883069354770636e-02
-2.846210003164029168e+00 2.804670900379966497e-02
-2.846270908408565781e+00 2.703680553425954342e-02
-2.846332519558655072e+00 2.599414424705482479e-02
-2.846386597043195188e+00 2.505915662953931908e-02
-2.846437290112335816e+00 2.416590752569424197e-02
-2.846485090186009259e+00 2.331017554785934712e-02
-2.846523255696138843e+00 2.261305237476407895e-02
-2.846568117360832595e+00 2.177960154446959007e-02
-2.846613294182140930e+00 2.092563033108709586e-02
-2.846650131916841797e+00 2.021432610083734316e-02
-2.846688663149673726e+00 1.945766605649907124e-02
-2.846730308651598040e+00 1.862638227977433253e-02
-2.846761921639394011e+00 1.798091185398100963e-02
-2.846795131141955260e+00 1.729269750616945281e-02
-2.846829772565339756e+00 1.656167052883064997e-02
-2.846864773524838022e+00 1.580755584982119002e-02
-2.846890637321596973e+00 1.524154019110643063e-02
-2.846912328000965164e+00 1.475960730315035996e-02
