4.000000000000000000e+00 4.000000000000000000e+00
-1.226666666666666394e+01 5.333333333333333925e+00
-2.423169087565675284e+01 3.334408424804526039e+00
-2.917567684303424258e+01 2.309268165844580167e-01
-2.435820490359846247e+01 -1.992012133285226305e+00
-1.549865751794445856e+00 -6.750923881000278071e-01
5.192744410621486395e+00 -1.323630974946720329e+00
8.521302364691210940e+00 -2.386715223468097058e+00
1.184986031876093726e+01 -3.449799471989473787e+00
1.517841827283066181e+01 -4.512883720510850516e+00
1.933465802817046963e+01 -3.798797757388598928e+00
1.957399168583008731e+01 -1.249765187122850563e+00
1.960013204217101190e+01 1.282766651136215685e+00
1.962627239851193650e+01 3.815298489395281933e+00
4.062494249472280217e+00 3.313768341519184535e+00
-2.199370221347963650e+01 7.702360152556644302e-01
-4.804989867643155321e+01 -1.773296311007857451e+00
-5.020980718158860157e+01 -2.928292128898279501e+00
-1.214733393987417287e+01 -1.746094588226374533e+00
2.591513930184024161e+01 -5.638970475544695660e-01
5.608945513928924953e+01 4.992492305459543811e-01
2.169494556800546547e+01 3.066677378932833875e-01
-1.739547190871027738e+01 -2.616508247068621840e-02
-5.648588938542602023e+01 -3.589979028346558243e-01
-4.878571677427173370e+01 -3.484612145105674963e-01
-9.907864314349900781e+00 -1.091292792874636874e-01
2.896998814557194635e+01 1.302026559356402047e-01
4.585471389364348482e+01 2.472042675008724322e-01
2.609869943308100915e+01 1.604024968771123327e-01
6.342684972518533471e+00 7.360072625335217777e-02
-1.112079088951572281e+01 9.442550178895121604e-01
-8.614536378895371271e+00 1.668065501458308564e+00
-4.411142846709231513e+00 1.038562156198633790e+00
-2.077493145230913107e-01 4.090588109389590721e-01
7.241477544241958775e-01 -1.745429675124487989e-02
-5.281526597528709566e-01 -3.084420352472224125e-01
-1.780453073929937347e+00 -5.994297737431998341e-01
-1.355468727506748294e+00 -1.297975729205476103e+00
1.869561219173424327e+00 -2.676896072530586146e+00
5.094591165853595172e+00 -4.055816415855696633e+00
9.391907740265342142e+00 -4.061925830719724573e+00
1.749849417603337542e+01 -3.564739214035785864e-01
2.504777017363687719e+01 2.351476632409571277e+00
3.259704617124037895e+01 5.059427186222721140e+00
-5.637309052690142153e+00 1.756550944639446499e+00
-4.457072560000764838e+01 -1.616400512842368187e+00
-8.350414214732515461e+01 -4.989351970324184649e+00
-1.224375586946426608e+02 -8.362303427805997558e+00
-1.613709752419601386e+02 -1.173525488528781224e+01
-2.003043917892776733e+02 -1.510820634276962693e+01
-2.062414503552794827e+02 -1.649918957244663176e+01
-1.760460454618748827e+01 -6.028612103885508056e+00
5.339175786406809721e+01 -3.326533547926295853e-01
8.562544204807051074e+01 3.686421381131044228e+00
1.178591262320728816e+02 7.705496117054716265e+00
1.500928104160752810e+02 1.172457085297838830e+01
1.823264946000776661e+02 1.574364558890206034e+01
2.145601787840800512e+02 1.976272032482573238e+01
2.204450694429941677e+02 2.191330616447416801e+01
-7.698931149664645091e-01 7.320141203693680154e+00
-2.222385137028413737e+02 -7.288729572622427710e+00
-2.764173568372647196e+02 -1.364018530245276928e+01
-1.034766671551209072e+02 -8.781032254037818063e+00
6.543251841444781292e+01 -3.867752667587196491e+00
6.075824680282285328e+01 -6.357986603605016995e-01
3.028692692965411126e+01 1.942703118030962628e+00
1.460776354146801737e+00 2.787039352223260380e+00
-2.533569886692788842e+01 1.491903940202618628e+00
-4.912267624341882311e+01 2.201911679949678236e-01
-2.067542124930768921e+01 -7.578706831371750940e-02
1.132437960845530256e+01 -2.225811803103627251e-01
2.734272266194260226e+01 -2.477688424657150112e-01
2.054991226936096638e+01 -9.938138892547315750e-02
1.347971786454065324e+01 4.553801437014876052e-02
4.347873658183514678e+00 1.518824595581690085e-02
-4.793434167035425908e+00 -1.517043029094893719e-02
-1.024869042292102606e+01 -1.459715515429751420e+00
-7.001488181908181119e+00 -6.243036062271211328e+00
-3.754285940895337514e+00 -1.102635660911267124e+01
2.825143763278917675e+01 -9.251154900348055321e+00
6.824390739770247194e+01 -5.654536435168280306e+00
9.049424831433221073e+01 -2.011577249216393248e+00
3.729388644969990452e+01 -6.663982561997268128e-01
1.322697597317052676e+01 -1.779516810224943402e-01
-7.073177505386407660e-01 7.020600397409126892e-02
-5.424799540361178174e+00 5.014795639546838768e-02
-4.467374647877106142e+00 -1.348355299159168297e+00
-8.684796579627964697e-01 -6.736413293589948559e+00
2.106800117694575647e+01 -3.260052895353545033e+00
2.652000759488131365e+01 -4.499488304859036170e-01
1.622192296562990066e+01 6.812634694620846032e-01
1.372238963213183283e+00 6.563965350037023194e-01
-8.711719830984925750e+00 5.817162791383330145e-01
-1.060520379617357811e+01 1.159643585121201026e+00
-6.813207207290205680e+00 7.510058256075933247e-01
-4.761092388636175343e+00 -6.126812928509796308e+00
9.311081738108622829e+00 -9.797480615990394881e+00
3.423845043338317851e+01 -8.329022779566692236e+00
6.034144731990229360e+01 -1.842716270600859962e+00
2.997997647034092950e+01 -2.348243585596331284e-01
8.184099886072232266e+00 1.110250507994757774e-01
-1.100414827505230164e+01 2.675746231725645297e-01
-3.019239643617683555e+01 4.241241955456532819e-01
-4.938064459730136235e+01 5.806737679187419232e-01
-6.856889275842590337e+01 7.372233402918307865e-01
-6.177543511095014139e+01 6.239249315792205763e-01
-2.203155806491048452e+01 1.955472800994220162e-01
1.703072057502026837e+01 -2.204026742867249422e-01
2.951260362025089634e+01 -3.351105320127711895e-01
1.890815899614558404e+01 -1.881754158216212280e-01
7.954042181954015689e+00 -4.675944459121933461e-02
-4.011600735016195074e+00 7.869083262319476191e-02
-1.597724365198640761e+01 2.041411098376089417e-01
-6.482289117437746384e+00 7.364513554517608529e-02
3.359435125604481875e+00 -1.881449775144355407e-01
1.811391450146986326e+00 3.170140732629699087e+00
2.114609566264125107e-01 6.655005843243803731e+00
-1.388469536894161527e+00 1.013987095385791015e+01
-1.171845390618846316e+01 1.048199216716525939e+01
-4.015480668360955008e+01 3.383473246408541080e+00
-6.710752725204039848e+01 -3.508567826393515610e+00
-1.133007756104606756e+01 -1.222052822879827971e+00
4.533740455005212766e+01 1.116992394715849990e+00
1.020048866611503797e+02 3.456037612311527951e+00
1.586723687722486034e+02 5.795082829907204136e+00
2.153398508833467986e+02 8.134128047502882097e+00
1.186268252962914858e+02 5.248973922867499198e+00
-5.258911065411609798e+01 -1.737781088010876829e-01
-2.238050466045236817e+02 -5.596530140469674564e+00
-3.950209825549313791e+02 -1.101928217213826322e+01
-5.662369185053389629e+02 -1.644203420380685188e+01
-4.274863078918514248e+02 -1.346511649003466715e+01
-9.245754673428470483e+01 -4.408536039538442530e+00
1.961484855118933979e+02 3.566464964242309854e+00
5.548635230031088383e+01 1.230698837715404448e+00
-2.004163137059001443e+01 -1.156731914966174779e-01
-3.202869249591021372e+01 -4.591872567631750113e-01
-1.460619673687642361e+01 -2.903582682723796493e-01
5.021535209058706428e+00 -1.457585206265721300e-02
1.380140623878741124e+01 8.499298499280500963e-01
1.043474496935506224e+01 5.837552628235631147e+00
-1.600416985268066128e+01 1.953509553740191862e+00
-3.405308468104191633e+01 -1.202892246479966065e+00
-3.002557059530479577e+01 -2.505231948973427158e+00
-7.470055201582059823e+00 -1.560309391693308401e+00
1.690258801892218798e+01 -3.382614113447779403e-02
2.718767675173414489e+01 1.006380119994394473e+00
1.518668053993613043e+01 8.485960564214439783e-01
-4.890313675981303732e+00 1.957861646291599866e-01
-1.789999396110496832e+01 -3.699445396518026286e-01
-1.403066132618019957e+01 -4.123389092110604226e-01
-1.122677496983568002e+00 -1.624231881728455673e-01
6.364721580008700919e-01 -7.346637735132541813e-01
1.937162662444256833e+00 -1.349007922180069707e+00
3.908512249742256195e+00 -8.030198325622501798e-01
7.203697410191655770e+00 2.033385449613937634e+00
1.049888257064105446e+01 4.869790731790125449e+00
-9.145714894671158390e+00 2.506179779992145029e+00
-3.270225842985162501e+01 -7.403473745346058621e-01
-5.625880196503208452e+01 -3.986874529061356753e+00
-7.981534550021254404e+01 -7.233401683588106756e+00
-1.033718890353930107e+02 -1.047992883811485676e+01
-5.068062101081272885e+01 -7.635609870416850242e+00
5.386572972903979917e+01 -6.489906450069398147e-01
1.584120804688922703e+02 6.337628580402959955e+00
2.629584312087448552e+02 1.332424780581286505e+01
3.675047819485973832e+02 2.031086703122277015e+01
3.230701974448347755e+02 1.999191135160447530e+01
3.340848520935060151e+01 6.620282596421091625e+00
-2.499441450159945362e+02 -6.707658304648560943e+00
-5.332967752413395601e+02 -2.003559920571820641e+01
-8.166494054666845841e+02 -3.336354010678785897e+01
-1.100002035692029722e+03 -4.669148100785751154e+01
-6.867239597826646786e+02 -3.367254262755059813e+01
2.053617661054040582e+02 -2.544888622312242887e+00
1.097447491993472795e+03 2.858276538292608393e+01
1.989533217881541304e+03 5.971041938816442496e+01
2.881618943769610269e+03 9.083807339340276599e+01
2.670553743644199585e+03 8.956872717372856130e+01
5.554842439725871373e+02 2.968021893979764059e+01
-1.529418590847555606e+03 -3.003226584268807642e+01
-3.614321425667698350e+03 -8.974475062517376500e+01
-5.699224260487842002e+03 -1.494572354076594820e+02
-7.784127095307985655e+03 -2.091697201901451990e+02
-5.156750644324558380e+03 -1.513575783116361322e+02
7.438444678605883382e+02 -1.191109818487274197e+01
6.644439580045740513e+03 1.275353819418907051e+02
1.254503469223089087e+04 2.669818620686542090e+02
1.844562980441604304e+04 4.064283421954176561e+02
1.747783255288293731e+04 4.019092521358255112e+02
4.320364392504212447e+03 1.333353901844659504e+02
-8.698015433346219652e+03 -1.346041112394176480e+02
-2.171639525919665175e+04 -4.025436126633013600e+02
-3.473477508504707657e+04 -6.704831140871849584e+02
-4.775315491089751595e+04 -9.384226155110687841e+02
-3.254286443581621279e+04 -6.813513020683990362e+02
2.483209064186419710e+03 -5.573622506102037732e+01
3.750928256418906676e+04 5.698788519463591911e+02
7.253535606419171381e+04 1.195493928953738305e+03
1.075614295641943463e+05 1.821109005961117418e+03
1.032620080440615129e+05 1.806065821269227399e+03
2.765830745772150112e+04 5.998846876678890112e+02
-4.732365503063489450e+04 -6.041591931782622851e+02
-1.223056175189912901e+05 -1.808203074024414036e+03
-1.972875800073476858e+05 -3.012246954870565787e+03
-2.722695424957040814e+05 -4.216290835716717083e+03
-1.888152751140339533e+05 -3.071608834179867699e+03
7.033142057872260921e+03 -2.607482770353908563e+02
2.028815592297784751e+05 2.550112280109087806e+03
3.987299764016846893e+05 5.360972837253566468e+03
5.945783935735909035e+05 8.171833394398044220e+03
5.760917934144327883e+05 8.127714723801514992e+03
1.617060979546876624e+05 2.702895058828238689e+03
-2.499893277158595156e+05 -2.715581423706105852e+03
-6.616847533864063444e+05 -8.134057906240446755e+03
-1.073380179056953639e+06 -1.355253438877479311e+04
-1.485075604727500584e+06 -1.897101087130913584e+04
-1.042754984987703152e+06 -1.386704819530155510e+04
1.179685512641537935e+04 -1.219707614428793022e+03
1.066348695240533911e+06 1.142763296644396905e+04
2.120900535354651511e+06 2.407497354731672021e+04
3.175452375468770042e+06 3.672231412818947865e+04
3.098885772576098796e+06 3.662924972024802992e+04
8.972147906705085188e+05 1.219621122750891664e+04
-1.293248506762399338e+06 -1.222328858598976512e+04
-3.483711804195308127e+06 -3.664278839948845416e+04
-5.674175101628217846e+06 -6.106228821298713592e+04
-7.864638399061126634e+06 -8.548178802648582496e+04
-5.575851429823350161e+06 -6.269326210619957419e+04
-4.212108449254930019e+04 -5.705403421875671484e+03
5.491609260838251561e+06 5.128245526244820212e+04
1.102533960616905428e+07 1.082703139467720757e+05
1.655906995149985515e+07 1.652581726310959784e+05
1.625681987636049092e+07 1.653132614571605518e+05
4.812431832299917936e+06 5.511252831723331474e+04
-6.587513174228094518e+06 -5.509631265420711134e+04
-1.798745818075610325e+07 -1.653051536256474792e+05
-2.938740318728410825e+07 -2.755139945970878471e+05
-4.078734819381211698e+07 -3.857228355685282149e+05
-2.914942288227938116e+07 -2.838388800199697725e+05
-6.463997788049876690e+05 -2.669032297428441234e+04
2.785662332466942072e+07 2.304582340714011807e+05
5.635964642814382911e+07 4.876067911170866573e+05
8.486266953161823750e+07 7.447553481627721339e+05
8.375016272904524207e+07 7.471415556366459932e+05
2.521262318381392956e+07 2.494024399698800407e+05
-3.316109992471420765e+07 -2.486919304545507766e+05
-9.153482303324228525e+07 -7.467863008789813612e+05
-1.499085461417703629e+08 -1.244880671303411946e+06
-2.082822692502984703e+08 -1.742975041727842763e+06
-1.498835295251927972e+08 -1.286863675929720048e+06
-5.102568216452479362e+06 -1.248803147778245620e+05
1.396783930922877789e+08 1.037103046374070924e+06
2.844593544010280967e+08 2.199086407525965944e+06
4.292403157097684145e+08 3.361069768677861430e+06
4.256129143029010892e+08 3.381497459333043080e+06
1.298433557554545403e+08 1.130241808806871995e+06
-1.653956784748785496e+08 -1.124089830748490058e+06
-4.606347127052116394e+08 -3.378421470303852111e+06
-7.558737469355447292e+08 -5.632753109859215096e+06
-1.051112781165877700e+09 -7.887084749414576218e+06
-7.610620255760049820e+08 -5.842494729938875884e+06
-3.350408331741046906e+07 -5.844382303291596472e+05
6.940538589411845207e+08 4.673618269280558452e+06
1.421611801199779034e+09 9.931674768890276551e+06
2.149169743458374023e+09 1.518973126849999465e+07
2.140283106614210367e+09 1.532574805567529798e+07
6.600725332479057312e+08 5.129295370622411370e+06
-8.188904145508642197e+08 -5.087869999827787280e+06
-2.297853362349633217e+09 -1.530503537027798593e+07
-3.776816310148403168e+09 -2.552220074072818831e+07
-5.255779257947172165e+09 -3.573936611117838323e+07
-3.826841954734277725e+09 -2.656224349052901566e+07
-2.014752713248214722e+08 -2.735999416410073638e+06
3.423891412084632874e+09 2.109024465770883858e+07
7.049258095494088173e+09 4.491648873182776570e+07
1.067462477890354156e+10 6.874273280594669282e+07
1.067387379762980461e+10 6.955626120642863214e+07
3.321989875122150421e+09 2.331068859492275119e+07
-4.030417278066242218e+09 -2.306015220936298370e+07
-1.138282443125463867e+10 -6.943099301364874840e+07
-1.873523158444303131e+10 -1.158018338179344982e+08
-2.608763873763142776e+10 -1.621726746222202480e+08
-1.909389000765876770e+10 -1.209281314690230489e+08
-1.150743755522270203e+09 -1.281301505420958996e+07
1.679240249661423492e+10 9.530210136060392857e+07
3.473554874875073242e+10 2.034172177754174173e+08
5.267869500088723755e+10 3.115323341902309060e+08
5.287913006852828979e+10 3.161172663246731758e+08
1.658642252360903931e+10 1.060862149721314907e+08
-1.974112956091371155e+10 -1.046586292443172932e+08
-5.606868164543644714e+10 -3.154034734607659578e+08
-9.239623372995919800e+10 -5.261483176772148013e+08
-1.287237858144819336e+11 -7.368931618936635256e+08
-9.467585288844274902e+10 -5.512919402961812019e+08
-6.354558928349670410e+09 -6.002983236707210541e+07
8.196673503174337769e+10 4.312322755620367527e+08
1.702880289918364868e+11 9.224943834911459684e+08
2.586093229519295654e+11 1.413756491420255184e+09
2.605576999560486755e+11 1.438643453172090769e+09
8.228779654791247559e+10 4.834646098204560280e+08
-9.630872449690502930e+10 -4.756310256276040077e+08
-2.749052455417225342e+11 -1.434726661075664520e+09
-4.535017665865401001e+11 -2.393822296523725510e+09
-6.320982876313576660e+11 -3.352917931971785545e+09
-4.670671259435932617e+11 -2.516652329196405411e+09
-3.426834655398413086e+10 -2.813737078818836212e+08
3.985304328356250000e+11 1.953904913432641029e+09
8.313292122252341309e+11 4.189183534747164726e+09
1.264127991614843262e+12 6.424462156061688423e+09
1.278221089959477783e+12 6.556116249163455963e+09
4.061317066427343750e+11 2.206316179137592316e+09
-4.683064819107402344e+11 -2.164427986971380234e+09
-1.342744670464214111e+12 -6.535172153080348969e+09
-2.217182859017688477e+12 -1.090591631918931961e+10
-3.091621047571163086e+12 -1.527666048529829025e+10
-2.294614442315248047e+12 -1.150396803819192696e+10
-7.244918398972978516e+11 -3.829958610014015198e+09
8.443646129760537109e+11 3.839353415447273254e+09
2.413221065849405273e+12 1.150866544090855598e+10
3.982077518722756348e+12 1.917797746636984253e+10
5.550933971596108398e+12 2.684728949183112717e+10
2.922238002885455078e+12 1.449687578523742676e+10
-8.696654291175097656e+11 -3.401317209316665649e+09
-4.661568861120474609e+12 -2.129951020387074280e+10
-8.453472293123440430e+12 -3.919770319842483521e+10
-1.224537572512640430e+13 -5.709589619297891998e+10
-6.886921215431203125e+12 -3.284678364065109253e+10
1.470788648375863281e+12 5.217147154668167114e+09
9.828498512182929688e+12 4.328107794998745728e+10
1.818620837598999219e+13 8.134500874530673218e+10
2.654391823979705859e+13 1.194089395406260071e+11
1.576428562155023438e+13 7.236632676129138184e+10
-2.337650266085929688e+12 -7.239632932459289551e+09
-2.043958615372210156e+13 -8.684559262620999146e+10
-3.854152204135826562e+13 -1.664515523199606323e+11
-5.664345792899443750e+13 -2.460575120137113037e+11
-3.542956303899801562e+13 -1.567227882090701904e+11
3.169337787844890625e+12 7.315553133403991699e+09
4.176823861468778125e+13 1.713538944758781128e+11
8.036713944153068750e+13 3.353922358183523560e+11
1.189660402683735938e+14 4.994305771608265381e+11
7.820333775998350000e+13 3.337067005740451660e+11
-2.805419714612343750e+12 7.529824668273925781e+08
-8.381417718920821875e+13 -3.322007356403902588e+11
-1.648229346638040625e+14 -6.651544537476079102e+11
-2.458316921383999375e+14 -9.981081718548256836e+11
-1.695135314862342500e+14 -6.984601144232387695e+11
-2.232168942994500000e+12 -3.305466652002148438e+10
1.650491936002452500e+14 6.323507813831955566e+11
3.323305561434849375e+14 1.297756229286412598e+12
4.996119186867246250e+14 1.963161677189629639e+12
3.607649213059467500e+14 1.436622682001437012e+12
2.101555914568550000e+13 1.278482305416840820e+11
-3.187338030145753750e+14 -1.180926220918068848e+12
-6.584831651748366250e+14 -2.489700672377822266e+12
-9.982325273350977500e+14 -3.798475123837575195e+12
-7.536720042559320000e+14 -2.902876954854706055e+12
-7.526883727815250000e+13 -3.705602056296572266e+11
6.031343296996270000e+14 2.161756543595393555e+12
1.281537496677406500e+15 4.694073292820443359e+12
1.959940663655186250e+15 7.226390042045494141e+12
1.545085869322101000e+15 5.760225633613820312e+12
2.138890340756890000e+14 9.426322722501582031e+11
-1.117307801170723500e+15 -3.874961089113505859e+12
-2.448504636417135500e+15 -8.692554450477167969e+12
-3.779701471663548000e+15 -1.351014781184083008e+13
-3.107317438197620000e+15 -1.122004258240865820e+13
-9.862132325321440000e+14 -3.702193818417562500e+12
1.123479871046460000e+15 3.777834569854882812e+12
3.233172974625062000e+15 1.125786295812732031e+13
5.342866078203665000e+15 1.873789134639975781e+13
7.452559181782268000e+15 2.621791973467219531e+13
9.562252285360870000e+15 3.369794812294463672e+13
7.308315776301272000e+15 2.598216517044100000e+13
2.092553418042234000e+15 7.802092884594718750e+12
-2.867996461071448000e+15 -9.519350562365945312e+12
-7.828546340185128000e+15 -2.684079400932661719e+13
-1.278909621929880800e+16 -4.416223745628728125e+13
-1.243357602007434200e+16 -4.325391538007721875e+13
-3.976828149536448000e+15 -1.436596770870965625e+13
4.459285842805376000e+15 1.446997587800848438e+13
1.289539983514720000e+16 4.330591946472662500e+13
2.133151382748902400e+16 7.214186305144476562e+13
2.090626508592462800e+16 7.121197123622714062e+13
6.701166778007056000e+15 2.368227750445706250e+13
-7.478463981479200000e+15 -2.379236998636106250e+13
-2.165809474096545600e+16 -7.126701747717915625e+13
-3.583772550045171200e+16 -1.187416649679972500e+14
-5.001735625993796800e+16 -1.662163124588153438e+14
-6.419698701942422400e+16 -2.136909599496334375e+14
-7.837661777891049600e+16 -2.611656074404515625e+14
-7.142927380616851200e+16 -2.390990468063073125e+14
-2.067276508080574000e+16 -7.243555032645515625e+13
1.872814703170743750e+15 3.361993439505155762e+12
6.385751945619597500e+14 1.188923974451286133e+12
1.644199482565677500e+14 3.189724572151115723e+11
-2.653391896312065000e+14 -4.736435257524125977e+11
-6.950983275189807500e+14 -1.266259508719936523e+12
-7.175641054119643750e+14 -1.316055943569994141e+12
-2.498599380696626250e+14 -4.718829377567033691e+11
2.178442292726390000e+14 3.722900680565876465e+11
6.188761295482326250e+14 1.097885070359723511e+12
2.699798097245905000e+14 4.868317480505214844e+11
-1.463370858801210000e+14 -2.450916321892944336e+11
-5.626539814848325000e+14 -9.770150124291099854e+11
-6.382270158643938750e+14 -1.115865421592836914e+12
-2.598025104989131250e+14 -4.645220799734304199e+11
1.186219948665675625e+14 1.868212616459764404e+11
4.588044258265943750e+14 7.733992279610543213e+11
2.132090719054703750e+14 3.653195358350656738e+11
-9.529010268732681250e+13 -1.502799494723038330e+11
-4.037892772801240000e+14 -6.658794347796733398e+11
-4.781782585610145000e+14 -7.941509198513715820e+11
-2.067214169626810000e+14 -3.502312966649226074e+11
6.473542463565256250e+13 9.368832652152624512e+10
3.178024043169411250e+14 5.080389601346868286e+11
1.044629462797696250e+14 1.697175810181093750e+11
-1.091326557293157500e+14 -1.689750590716816406e+11
-3.227282577384011250e+14 -5.076676991614730225e+11
-5.363238597474863750e+14 -8.463603392512640381e+11
-7.499194617565717500e+14 -1.185052979341055420e+12
-8.212118400820465000e+14 -1.299904902373338135e+12
-2.886147898430745000e+14 -4.641360365848100586e+11
2.632794468796922500e+14 4.024672316640820312e+11
8.151736836024592500e+14 1.269070499912974121e+12
1.367067920325226500e+15 2.135673768161866211e+12
1.918962157047993500e+15 3.002277036410758301e+12
2.419567480642795500e+15 3.788994338386768066e+12
8.011613462991745000e+14 1.274658224497202148e+12
-2.689672658611312500e+14 -3.946433411582177734e+11
-5.437622108112626250e+14 -8.363974242686085205e+11
-3.235919451347335000e+14 -5.102918842339531250e+11
3.269864525612047656e+13 3.398585927163844299e+10
2.569815372778265625e+13 3.390915815702050018e+10
5.310746688452658203e+12 1.126865098152229309e+10
-1.193664693446964648e+13 -1.133745445649137688e+10
-7.421823999722449219e+12 -7.939138684642628670e+09
-4.667836071332324219e+11 -1.161605596674360275e+09
4.508092130876184570e+12 4.131153526420724869e+09
2.452072190387791016e+12 2.346756362134270668e+09
-5.673684855194951172e+11 -4.073459888128805161e+08
-3.586809161426782227e+12 -3.161448339760030746e+09
-6.606249837334068359e+12 -5.915550690707180023e+09
-7.685289046877370117e+12 -6.923694540960237503e+09
-2.703564092144015625e+12 -2.461643906340618134e+09
2.443502500546832031e+12 2.154152454299541473e+09
7.590569093237675781e+12 6.769948814939700127e+09
1.273763568592852148e+13 1.138574517557985878e+10
1.465896939062355859e+13 1.312278885776585579e+10
5.168024354004703125e+12 4.667927863757350922e+09
-4.649239388527406250e+12 -4.080598041419887543e+09
-1.446650313105951758e+13 -1.282912394659712601e+10
-2.428376687359162500e+13 -2.157764985177436447e+10
-2.859800768871637891e+13 -2.544481755864813614e+10
-1.025061237081639062e+13 -9.199416352490417480e+09
8.901238468027265625e+12 7.763795353275001526e+09
2.805308930687092969e+13 2.472700705904042435e+10
4.720494014571459375e+13 4.169021876480584717e+10
5.690601632169539062e+13 5.032096876936007690e+10
2.076777562183903125e+13 1.851856098440397644e+10
-1.734065988644039062e+13 -1.502875152850274658e+10
-5.544909539471979688e+13 -4.857606404140946960e+10
-9.355753090299921875e+13 -8.212337655431619263e+10
-1.154096759570595625e+14 -1.014251696717510071e+11
-4.292628518956071875e+13 -3.803026010659338379e+10
3.435834435869628125e+13 2.958651967457397461e+10
1.116429739069532500e+14 9.720329945574128723e+10
1.889276034552102500e+14 1.648200792369086304e+11
2.383933298416551250e+14 2.082079784589382019e+11
9.044718521005112500e+13 7.961121817155957031e+10
-6.918960847781275000e+13 -5.919410080106591797e+10
-2.288264021656765000e+14 -1.979994197736913757e+11
-3.884631958535403750e+14 -3.368047387463168335e+11
-5.012262924350929375e+14 -4.350362065552780762e+11
-1.941209896035085000e+14 -1.697509043571611328e+11
1.415089951221747500e+14 1.202732333463574219e+11
4.771389798478578750e+14 4.102973710498762207e+11
8.127689645735411250e+14 7.003215087533948975e+11
1.071997514710540000e+15 9.246206079004647217e+11
4.240724247964495000e+14 3.684084524837902832e+11
-2.937362950774390000e+14 -2.480052861165195312e+11
-1.011545014951327250e+15 -8.644190247168293457e+11
-1.729353734825215500e+15 -1.480832763317139160e+12
-2.330867531735216000e+15 -1.997822234324137939e+12
-7.780715843192600000e+14 -6.726866648602416992e+11
5.746596105629575000e+13 4.302882284587597656e+10
5.784674852629937500e+14 4.914865994193703613e+11
1.099469009469692000e+15 9.399443759928648682e+11
1.620470533676390250e+15 1.388402152566359375e+12
2.141472057883088250e+15 1.836859929139853760e+12
8.200250145049570000e+14 7.085105089764931641e+11
-6.138683478428450000e+14 -5.160627771167426758e+11
-2.047761710190646500e+15 -1.740636063209978516e+12
-3.481655072538447500e+15 -2.965209349303213867e+12
-4.821403003091787000e+15 -4.109732442369497070e+12
-1.609160388365930000e+15 -1.383458757874007812e+12
1.619081370665984500e+15 1.356362870372324219e+12
4.847323129697899000e+15 4.096184498618655273e+12
3.509014268614294000e+15 2.977045144289008301e+12
2.635384881870575000e+14 2.462554785432373047e+11
-2.889834799478398500e+15 -2.407507082310548828e+12
-9.934685846909700000e+14 -8.345374580393701172e+11
9.412734723744840000e+14 7.704672635009960938e+11
2.876015529439939000e+15 2.375471985041362305e+12
4.810757586505395000e+15 3.980476706581728027e+12
6.745499643570850000e+15 5.585481428122093750e+12
8.680241700636305000e+15 7.190486149662459961e+12
8.253090182927657000e+15 6.844429050089361328e+12
2.617472731017387000e+15 2.192495498897215088e+12
7.506417102383790000e+14 6.369882418446435547e+11
-1.001794595136129000e+15 -8.246754240868330078e+11
-2.754230900510637500e+15 -2.286339090018309570e+12
-4.506667205885146000e+15 -3.748002755949786133e+12
-5.549191351880285000e+15 -4.620209522395951172e+12
-2.079690536686030000e+15 -1.744730429938265625e+12
1.635479076943640000e+15 1.335409251659035156e+12
5.350648690573310000e+15 4.415548933256335938e+12
9.065818304202980000e+15 7.495688614853636719e+12
1.271068572981572600e+16 1.051779288640985938e+13
4.285583624442352000e+15 3.575538450420785156e+12
-4.223967357915260000e+15 -3.436323473852455078e+12
-1.273351834027287400e+16 -1.044818539812569531e+13
-9.244607776715558000e+15 -7.614710591201566406e+12
-7.200717195133500000e+14 -6.492536591177705078e+11
7.468329305982543000e+15 6.043165949337404297e+12
2.502716211978964000e+15 2.041569731173863281e+12
-2.496716756237140000e+15 -1.987207568384402344e+12
-7.496149724453248000e+15 -6.015984867942671875e+12
-1.249558269266935600e+16 -1.004476216750094141e+13
-1.749501566088546600e+16 -1.407353946705921094e+13
-2.249444862910157600e+16 -1.810231676661748047e+13
-2.265428923428348000e+16 -1.824707475899772266e+13
-7.538359665524205000e+15 -6.126503508337871094e+12
-1.382969491844630000e+15 -1.156688846434294922e+12
3.663433730433189000e+15 2.927646825790952148e+12
8.709836952711008000e+15 7.011982498016199219e+12
6.615769761924234000e+15 5.346161632571551758e+12
7.853710529569740000e+14 6.715066338940849609e+11
-5.045027656010286000e+15 -4.003148364783380859e+12
-6.189919501858356000e+15 -4.940831736524175781e+12
-2.812957026744569000e+15 -2.272066160001922363e+12
5.640054483692187500e+14 3.966994165203317871e+11
2.584579404794938500e+15 2.005723833560235107e+12
2.207226994532623250e+15 1.741257555880013916e+12
1.829874584270308250e+15 1.476791278199792725e+12
1.271402789237102500e+15 1.058456021856521729e+12
3.740222510050347500e+14 3.183606700949537354e+11
-4.771783589606790625e+14 -3.872766778093941650e+11
-5.586886485708987500e+14 -4.592036774943205566e+11
-2.392530018925607188e+14 -2.010192256213910522e+11
2.536145538699687500e+11 -5.157581472442596436e+09
1.604390811826898438e+14 1.288552356084847717e+11
2.279552914926230938e+14 1.867066987541236877e+11
1.205577962364276719e+14 1.008032083484671936e+11
1.824955370887559375e+13 1.846664295869326019e+10
3.262003558911453125e+12 3.947551045404342651e+09
-8.967152166398503906e+12 -8.363544260391162872e+09
-2.119630789170845703e+13 -2.067463956618667221e+10
-2.118674450051400781e+13 -2.090266419642665100e+10
-6.985578798183335938e+12 -7.119571152302204132e+09
7.215586904147330078e+12 6.663521891822240829e+09
1.891473796610382031e+13 1.805091198420727921e+10
8.011118561013132812e+12 7.728948501963016510e+09
-4.660079850469050781e+12 -4.304992820841835022e+09
-1.733127826195123438e+13 -1.633893414364668655e+10
-1.867105443593107812e+13 -1.767351136685932159e+10
-7.061316551875187500e+12 -6.780888604428195953e+09
4.548421332180701172e+12 4.111734158002925873e+09
1.417854318877274609e+13 1.316281423389707565e+10
6.112781266253976562e+12 5.726476133059837341e+09
-3.384334427989771484e+12 -3.048733356204879761e+09
-1.288145012223351758e+13 -1.182394284546959686e+10
-1.385433685827080078e+13 -1.276491160694547272e+10
-5.226502037773857422e+12 -4.882283043299074173e+09
3.401332782723083984e+12 3.000345520347322464e+09
1.051660738055925781e+13 9.512262581756666183e+09
4.513356491146294922e+12 4.118290750479896545e+09
-2.530056788671185547e+12 -2.223217637357879639e+09
-9.573470068488664062e+12 -8.564726025195656776e+09
-1.024026344928679688e+13 -9.194781501838644028e+09
-3.828830001808691406e+12 -3.484964151708206177e+09
2.582603445669416992e+12 2.224853198422232628e+09
7.835450698555414062e+12 6.910957929950568199e+09
3.343381032103662109e+12 2.974197803276884079e+09
-1.903750023895110352e+12 -1.633107483356826782e+09
-7.150881079893885742e+12 -6.240412769990539551e+09
-7.605498762628672852e+12 -6.660750051026993752e+09
-2.817027305948116211e+12 -2.500474871033302307e+09
1.971444150732443848e+12 1.659800308960391998e+09
5.868433279426588867e+12 5.051419451934200287e+09
2.489617207863605469e+12 2.160927159981428146e+09
-1.439846471224030273e+12 -1.206685807974705696e+09
-5.369310150311665039e+12 -4.574298775930839539e+09
-5.678146028656861328e+12 -4.854142296068445206e+09
-2.083053312610920898e+12 -1.804609778781219482e+09
1.512039403435020508e+12 1.244922738506006241e+09
4.418023448910635742e+12 3.714212165582006454e+09
1.863570185673770508e+12 1.579475955396746635e+09
-1.094407101629632812e+12 -8.966654883245911598e+08
-4.052384388933035156e+12 -3.372806932045928955e+09
-4.261051564603165039e+12 -3.558429949272897720e+09
-1.547994428412185547e+12 -1.309891994575611591e+09
1.165062707778793945e+12 9.386459601216742992e+08
3.343030350228707520e+12 2.746866796207013130e+09
1.402122132099127930e+12 1.161259414890651703e+09
-8.359041151604482422e+11 -6.699851159140243530e+08
-3.073930362420023438e+12 -2.501229646718699455e+09
-3.213782847674259766e+12 -2.623615320191869259e+09
-1.155991758595400879e+12 -9.561288890460691452e+08
9.017993304834582520e+11 7.113575420997302532e+08
2.542242170034219238e+12 2.042989917607084513e+09
1.060256382081147949e+12 8.586747597885670662e+08
-6.415178969948627930e+11 -5.033185186161561012e+08
-2.343292176070873047e+12 -1.865311797020879269e+09
-2.435922087752269043e+12 -1.945261572898993492e+09
-8.673852435951494141e+11 -7.017203748850741386e+08
7.011516005619702148e+11 5.418208231288455725e+08
1.942744631890599121e+12 1.527897458662513733e+09
8.057103305283837891e+11 6.384879651723296642e+08
-4.946476087581350098e+11 -3.801103406026797295e+08
-1.795005548044653809e+12 -1.398708646377688885e+09
-1.855304141912720459e+12 -1.450219632171051502e+09
-6.538781671519338379e+11 -5.177472012525925636e+08
5.475478076088531494e+11 4.147252296658669710e+08
1.491745731799678467e+12 1.148853545361161232e+09
6.152451026804267578e+11 4.773579532943487167e+08
-3.831581539069199219e+11 -2.885444102797579765e+08
-1.381561410494267090e+12 -1.054446773853865623e+09
-2.379964667081614258e+12 -1.820349137427973270e+09
-3.378367923668960938e+12 -2.586251501002080917e+09
-4.376771180256308105e+12 -3.352153864576188087e+09
-5.375174436843655273e+12 -4.118056228150295258e+09
-1.987584844400062500e+12 -1.533006196789632797e+09
1.609866171338085938e+12 1.212364621977230072e+09
5.207317187076234375e+12 3.957735440744094849e+09
8.804768202814382812e+12 6.703106259510956764e+09
1.240221921855253125e+13 9.448477078277820587e+09
1.599967023429067969e+13 1.219384789704468536e+10
1.959712125002882812e+13 1.493921871581154823e+10
7.496352601379421875e+12 5.751106116179283142e+09
-5.619188242273554688e+12 -4.208373027695083618e+09
-1.873472908592653125e+13 -1.416785217156944275e+10
-3.185026992957950781e+13 -2.412733131544381332e+10
-4.496581077323248438e+13 -3.408681045931817627e+10
-5.808135161688546875e+13 -4.404628960319254303e+10
-7.119689246053845312e+13 -5.400576874706690216e+10
-2.815286841174011719e+13 -2.148455477200568390e+10
1.949534617569222266e+13 1.451929105937224960e+10
4.868412195938262500e+13 3.662913096176390076e+10
3.563785891931927344e+13 2.694960358884906006e+10
2.259159587925592969e+13 1.727007621593423080e+10
7.835986253932125000e+12 6.078774114924446106e+09
-7.283795924706007812e+12 -5.434610029031715393e+09
-2.240357810334413281e+13 -1.694799417298786163e+10
-3.752336028198226562e+13 -2.846137831694401932e+10
-5.264314246062039062e+13 -3.997476246090016937e+10
-6.776292463925852344e+13 -5.148814660485632324e+10
-3.069659462262946875e+13 -2.344231894533349609e+10
1.465374816866606250e+13 1.088311212457073975e+10
6.000409095996159375e+13 4.520854319447494507e+10
1.053544337512571250e+14 7.953397426437915039e+10
1.507047765425526562e+14 1.138594053342833710e+11
1.960551193338481875e+14 1.481848364041875916e+11
9.321852979637925000e+13 7.078495523748193359e+10
-3.798871153662712500e+13 -2.800493569864312744e+10
-1.691959528696335000e+14 -1.267948266347681885e+11
-3.004031942026398750e+14 -2.255847175708932800e+11
-4.316104355356462500e+14 -3.243746085070183105e+11
-5.628176768686525625e+14 -4.231644994431433716e+11
-2.527350986280992500e+14 -1.909814127202280273e+11
1.239154452491092500e+14 9.112825357520092773e+10
5.005659891263177500e+14 3.732379198706298828e+11
8.772165330035261250e+14 6.553475861660588379e+11
1.253867076880734500e+15 9.374572524614877930e+11
1.630517620757943000e+15 1.219566918756916748e+12
7.665322844712380000e+14 5.760194590001064453e+11
-3.246259902244975000e+14 -2.370251535045043945e+11
-1.415784264920233000e+15 -1.050069766009115723e+12
-2.506942539615969000e+15 -1.863114378513726807e+12
-3.598100814311704500e+15 -2.676158991018337891e+12
-4.689259089007440000e+15 -3.489203603522949219e+12
-2.080542683049204000e+15 -1.555960614736035156e+12
1.057493335207736000e+15 7.701751209459316406e+11
4.195529353464674000e+15 3.096310856627897461e+12
7.333565371721612000e+15 5.422446592309864258e+12
1.047160138997855000e+16 7.748582327991830078e+12
1.360963740823548800e+16 1.007471806367379688e+13
6.325046417040160000e+15 4.704254369014289062e+12
-2.782299229866656000e+15 -2.012224340101574219e+12
-1.188964487677347200e+16 -8.728703049217437500e+12
-2.099699052368028400e+16 -1.544518175833330273e+13
-3.010433617058710400e+16 -2.216166046744916797e+13
-3.921168181749392000e+16 -2.887813917656503125e+13
-1.718714503473291200e+16 -1.272254020536685938e+13
9.052161850130016000e+15 6.529552579009828125e+12
3.529146873499296000e+16 2.578164536338652344e+13
6.153077561985588800e+16 4.503373814776320312e+13
8.777008250471881600e+16 6.428583093213989844e+13
1.140093893895817600e+17 8.353792371651657812e+13
5.237415292911652800e+16 3.855808018189962500e+13
-6.130191140767880000e+14 -1.909005561349589844e+11
-2.296561641686678000e+16 -1.664734838876352344e+13
-2.029697436763664800e+16 -1.486294969999426758e+13
-4.929962438537003000e+15 -3.764717440818586914e+12
-9.551041953514080000e+14 -7.744797648077519531e+11
2.344337469638710000e+15 1.735331862404639648e+12
5.643779134628829000e+15 4.245143489617030762e+12
1.927003954098590000e+15 1.460355345496018555e+12
-1.849948956851994500e+15 -1.369740314248668457e+12
-5.571235534753145000e+15 -4.158285207252154785e+12
-1.877829237609588000e+15 -1.412019869636994141e+12
1.850465955263832000e+15 1.360170268531107422e+12
5.578761148137252000e+15 4.132360406699210938e+12
9.307056341010672000e+15 6.904550544867314453e+12
1.303535153388409400e+16 9.676740683035417969e+12
1.676364672675751400e+16 1.244893082120351953e+13
2.049194191963093600e+16 1.522112095937162305e+13
1.571943206766043600e+16 1.169637372797253516e+13
4.248208714470310000e+15 3.198449923630342285e+12
1.165973783972049000e+15 8.899047339961923828e+11
-1.677040088748500000e+15 -1.242395215090701172e+12
-4.520053961469050000e+15 -3.374695164177596680e+12
-7.363067834189600000e+15 -5.506995113264491211e+12
-6.859257622512739000e+15 -5.139603296855415039e+12
-2.255698873046724000e+15 -1.703586837564705078e+12
2.334614193171076000e+15 1.722815360338904297e+12
6.924927259388878000e+15 5.149217558242514648e+12
1.151524032560667800e+16 8.575619756146124023e+12
1.058352553386868000e+16 7.895862003353657227e+12
3.487945580788597000e+15 2.622489662145003418e+12
1.121754658349710000e+15 8.507359085023369141e+11
-1.212458860360647000e+15 -8.975905329276650391e+11
-3.546672379071005000e+15 -2.645916974357667480e+12
-5.880885897781362000e+15 -4.394243415787669434e+12
-8.215099416491720000e+15 -6.142569857217671875e+12
-5.535370952492444000e+15 -4.149966173904113281e+12
-3.775327065008800000e+13 -5.491960242566601562e+10
5.459864411192262000e+15 4.040126969052781250e+12
1.095748209303461600e+16 8.135173540531230469e+12
1.645509977487697000e+16 1.223022011200967773e+13
1.437663368809205000e+16 1.070443177831081641e+13
4.621941752274592000e+15 3.470248737705175781e+12
-4.998875774499696000e+15 -3.666039114502033203e+12
-1.461969330127398800e+16 -1.080232696670924219e+13
-2.424051082804828000e+16 -1.793861481891645312e+13
-9.686069000907120000e+15 -7.211118651794417969e+12
6.535262841509388000e+15 4.747957894149890625e+12
2.275659468392588800e+16 1.670703444009419141e+13
3.897792652634239200e+16 2.866611098603849219e+13
1.535876049582874600e+16 1.136449680413464062e+13
4.791883763392896000e+15 3.577898767326066406e+12
-5.485929189626992000e+15 -3.998432435430363281e+12
-1.576374214264688400e+16 -1.157476363818678906e+13
-2.604155509566676800e+16 -1.915109484094321484e+13
-3.631936804868665600e+16 -2.672742604369964062e+13
-4.496353457926113600e+16 -3.310410701507566406e+13
-1.489711905585827200e+16 -1.105047628729157031e+13
1.338065060149440000e+15 8.956180269313281250e+11
1.130704938343174400e+16 8.262602218459039062e+12
2.127603370671405600e+16 1.562958640998675781e+13
3.124501802999636000e+16 2.299657060151446875e+13
4.121400235327866400e+16 3.036355479304218359e+13
4.221148060186329600e+16 3.113375558022545312e+13
1.419773607529892800e+16 1.055719814262696875e+13
-1.404910576158270400e+16 -1.019863891085665625e+13
-4.229594759846433600e+16 -3.095447596434029688e+13
-7.054278943534596800e+16 -5.171031301782393750e+13
-9.878963127222758400e+16 -7.246615007130756250e+13
-1.080497508964858880e+17 -7.932366184666729688e+13
-3.814413171041395200e+16 -2.820980540852518750e+13
3.415873600418864000e+16 2.467263582258637500e+13
1.064616037187912000e+17 7.755507705369787500e+13
1.787644714333938240e+17 1.304375182848094219e+14
2.510673391479964160e+17 1.833199595159209688e+14
2.840735654207528000e+17 2.075692365805248750e+14
1.033625229871221760e+17 7.605324898032537500e+13
-8.672558936442009600e+16 -6.232624207335787500e+13
-2.768137017159624320e+17 -2.007057331270411250e+14
-4.669018140675047680e+17 -3.390852241807243750e+14
-6.569899264190470400e+17 -4.774647152344076250e+14
-7.678445172624584960e+17 -5.583806092010161250e+14
-2.883393862391123200e+17 -2.110630667811619062e+14
-9.179926918498739200e+16 -6.777415025466375000e+13
1.011446027348101120e+17 7.293456093277750000e+13
2.940884746546076800e+17 2.136432721202187500e+14
4.870323465744051840e+17 3.543519833076600000e+14
6.799762184942026240e+17 4.950606944951013125e+14
7.439198805116577280e+17 5.420472783815617500e+14
2.631750598473436160e+17 1.931603382811520000e+14
-2.346144879069255680e+17 -1.682045139732227500e+14
-7.324040356611947520e+17 -5.295693662275971250e+14
-1.230193583415463936e+18 -8.909342184819716250e+14
-1.727983131169733120e+18 -1.252299070736346250e+15
-2.117580058580718336e+18 -1.535416928212829750e+15
-7.095560602680954880e+17 -5.182534536354030000e+14
7.073843963416404480e+17 5.053578318398170000e+14
2.124324852951376384e+18 1.528969117315036750e+15
1.077747746007492096e+18 7.794445718911652500e+14
-3.436673176256296960e+17 -2.398681729855257500e+14
-1.765082381258751744e+18 -1.259180917862217000e+15
-9.435283474856504320e+17 -6.764589224869697500e+14
2.374744551409159680e+17 1.629950227545083750e+14
1.418477257767481856e+18 1.002448967995986250e+15
7.765305931080980480e+17 5.515363086600300000e+14
-1.725292385614100480e+17 -1.167630033372940000e+14
-1.121589070230917376e+18 -7.850623153346180000e+14
-2.070648901900425216e+18 -1.453361627331942500e+15
-3.019708733569932800e+18 -2.121660939329266500e+15
-2.182528424486897664e+18 -1.537095076216980000e+15
-1.621756215798906880e+17 -1.226544499974690000e+14
1.858177181327117312e+18 1.291786176222041500e+15
3.878529984234124800e+18 2.706226802441552000e+15
5.898882787141133312e+18 4.120667428661063000e+15
5.653249051642314752e+18 3.954733015196553500e+15
1.841438366905437696e+18 1.298363027707375750e+15
-1.147835813541223936e+18 -7.874546898984438750e+14
-2.379875825772387840e+18 -1.653030041703361000e+15
-1.264545369083591680e+18 -8.832379469978920000e+14
3.276588169064591360e+17 2.187820808043490000e+14
1.919863002896508928e+18 1.320802108606589250e+15
3.512067188886558720e+18 2.422822136408830000e+15
4.548182251057347584e+18 3.141510417299655500e+15
1.755559201280636928e+18 1.220092365367840000e+15
-1.287243434843079680e+18 -8.742479128319310000e+14
-4.330046070966796288e+18 -2.968588191031701000e+15
-7.372848707090513920e+18 -5.062928469231472000e+15
-1.041565134321422950e+19 -7.157268747431242000e+15
-3.574310688626384896e+18 -2.472626471548048000e+15
3.393791587257704448e+18 2.298886026739450000e+15
1.036189386314178765e+19 7.070398525026943000e+15
1.732999613902587494e+19 1.184191102331443800e+16
2.179574786202300826e+19 1.490587089276900000e+16
8.311532251449556992e+18 5.718627411495044000e+15
-6.269646284267855872e+18 -4.218619850350956000e+15
-2.085082481998527693e+19 -1.415586711219695600e+16
-3.543200335570269389e+19 -2.409311437404295200e+16
-5.001318189142011085e+19 -3.403036163588895200e+16
-1.746440467873719910e+19 -1.196051057825000000e+16
1.599341981177156403e+19 1.072639717900929600e+16
4.945124430228032717e+19 3.341330493626860000e+16
8.290906879278909030e+19 5.610021269352790400e+16
1.049359737444848108e+20 7.106286989789085600e+16
4.023979212504045978e+19 2.741268019146809600e+16
-2.995913746226891981e+19 -1.996256640712579200e+16
-1.001580670495782994e+20 -6.733781300571969600e+16
-1.703569966368876790e+20 -1.147130596043136000e+17
-2.405559262241970586e+20 -1.620883062029074880e+17
-8.545472755427953869e+19 -5.794259926625996800e+16
7.546699016960842138e+19 5.011627153567840000e+16
2.363887078934963159e+20 1.581751423376167040e+17
3.973104256173842760e+20 2.662340131395550400e+17
5.060511907080129741e+20 3.393733637900138240e+17
1.951499738859359437e+20 1.316383142962442240e+17
-1.433713560229587190e+20 -9.461059489709836800e+16
-4.818926859318536438e+20 -3.208595040904409600e+17
-8.204140158407483064e+20 -5.471084132837834880e+17
-1.158935345749642969e+21 -7.733573224771260160e+17
-4.187046704817312891e+20 -2.811066136138664960e+17
2.859419732107675894e+20 1.876706803526146240e+17
1.106232303252212285e+20 7.311576142891091200e+16
-8.064283212848942285e+19 -5.199802547283212800e+16
-2.719088945822000087e+20 -1.771118123745752320e+17
-4.631749570359105946e+20 -3.022255992763183360e+17
-6.544410194896212460e+20 -4.273393861780613760e+17
-3.298818070862220493e+20 -2.162251228903864320e+17
1.078651598198640476e+20 6.866780122832115200e+16
5.456121267259502756e+20 3.535607253470287360e+17
9.833590936320365036e+20 6.384536494657363200e+17
1.421106060538122863e+21 9.233465735844440320e+17
6.706163253872453222e+20 4.375384405880140800e+17
-2.799270933216907756e+20 -1.780259418016153600e+17
-1.230470512030626611e+21 -7.935903241912448000e+17
-2.181013930739562447e+21 -1.409154706580874240e+18
-3.131557349448498020e+21 -2.024719088970503680e+18
-1.501590691170952937e+21 -9.747808287264471040e+17
-1.098670457411991634e+20 -7.623425438322195200e+16
4.194135004858759250e+20 2.678885329816503680e+17
3.597873947659838423e+20 2.324401873538524800e+17
8.890527306742936371e+19 5.956022561764004800e+16
-1.322863268024440259e+20 -8.302253933826542400e+16
-4.591381148342183526e+19 -2.901849334931478400e+16
4.255934968529099162e+19 2.632986620952886400e+16
1.310325108540037202e+20 8.167822576837244800e+16
2.195056720227165471e+20 1.370265853272160800e+17
3.079788331914293412e+20 1.923749448860597120e+17
3.964519943601421025e+20 2.477233044449033280e+17
1.760579845030176358e+20 1.104778439429475840e+17
-8.908560430552304845e+19 -5.467102568698803200e+16
-3.542291931140637327e+20 -2.198198953169235840e+17
-6.193727819226045481e+20 -3.849687649468592000e+17
-8.845163707311453635e+20 -5.501176345767947520e+17
-1.149659959539686048e+21 -7.152665042067303680e+17
-4.707564731402961551e+20 -2.942799482858591360e+17
-9.758901797124597350e+19 -6.203951259339473600e+16
-9.362426651944714240e+18 -6.440921006970176000e+15
5.590785300503681434e+19 3.491875405529299200e+16
1.211781326620183265e+20 7.627842911755614400e+16
1.344853951968470794e+20 8.488951284798952000e+16
5.344062676316849766e+19 3.403722676961876800e+16
-2.760414167051008410e+19 -1.681505930875199200e+16
-1.086489101041886659e+20 -6.766734538712275200e+16
-4.553831894621267558e+19 -2.851860503135484800e+16
2.712435676422928794e+19 1.659295856006030400e+16
9.978703247467128422e+19 6.170452215147548800e+16
1.204441867559815578e+20 7.463919175902416000e+16
5.370970306421902541e+19 3.350284365804048000e+16
-1.302478062754350694e+19 -7.633504442943176000e+15
-7.975926431930603930e+19 -4.876985254392684000e+16
-3.468150815786747494e+19 -2.132305678675998400e+16
1.865715222031923610e+19 1.119017824252457600e+16
7.199581259850593894e+19 4.370341327180913600e+16
8.814859137510200115e+19 5.362731195684267200e+16
2.922649852732709274e+19 1.789133034548204800e+16
-2.972156191672749261e+19 -1.786021095907971200e+16
-8.866962236078204518e+19 -5.361175226364147200e+16
-1.476176828048366961e+20 -8.936329356820328000e+16
-2.065657432488912486e+20 -1.251148348727650560e+17
-2.655138036929458668e+20 -1.608663761773268480e+17
-3.244618641370004849e+20 -1.966179174818886080e+17
-3.226014375231276974e+20 -1.956032772001956480e+17
-1.061268932863462932e+20 -6.479761431239023200e+16
1.679829484068792525e+19 9.697540129728906000e+15
1.553851535033722266e+19 9.256675420809138000e+15
5.085505634672361472e+18 3.063718238054240000e+15
-5.304977295316533248e+18 -3.107398709151852000e+15
-1.569546022530543616e+19 -9.278515656357944000e+15
-2.608594315529432269e+19 -1.544963260356403200e+16
-3.647642608528322970e+19 -2.162074955077012800e+16
-4.686690901527212851e+19 -2.779186649797621600e+16
-5.725739194526102323e+19 -3.396298344518231200e+16
-5.610712415554373222e+19 -3.330292542290137600e+16
-1.814419896977377690e+19 -1.084639697797066000e+16
2.614183765649639424e+18 1.471427018004216000e+15
2.268958810683172352e+18 1.320117666728909000e+15
5.211667817221982720e+17 3.391663213927650000e+14
-1.226625247238775808e+18 -6.417850239433790000e+14
-1.091113148061481728e+18 -5.894424080902446250e+14
-2.711809141542236160e+17 -1.615857254613252500e+14
5.487513197530344320e+17 2.662709571675940000e+14
5.815462187621056000e+17 2.925761274150983750e+14
2.148066843390460800e+17 1.150621559700357188e+14
-1.519328500840133440e+17 -6.245181547502693750e+13
-2.409226369252098880e+17 -1.099717925970074062e+14
-1.394217340299192320e+17 -6.833724894698946094e+13
-3.792083113462856000e+16 -2.670270529697150000e+13
2.376125851228468800e+16 2.466359334434492188e+12
4.913260180004677600e+16 2.026816286574882812e+13
7.450394508780884800e+16 3.806996639706315625e+13
6.583056452083319200e+16 3.631462890631463281e+13
1.603182990987728800e+16 1.093465130827252344e+13
-3.376690470107861600e+16 -1.444532628976958008e+13
-5.586909456063208000e+16 -2.642462328471184766e+13
-3.330871065052778400e+16 -1.679440575819879688e+13
-1.074832674042348600e+16 -7.164188231685742188e+12
7.006822845984578000e+15 9.485062242203077393e+11
2.526417657699372000e+15 4.044117069647084961e+11
-2.148022494119360000e+15 -2.279257758488300781e+11
-6.822462645938096000e+15 -8.602632586623686523e+11
-1.149690279775683000e+16 -1.492600741475906982e+12
-1.617134294957556400e+16 -2.124938224289445312e+12
-2.084578310139430000e+16 -2.757275707102983887e+12
-7.498985111087446000e+15 -9.935151048372799072e+11
2.527581717114359000e+15 3.322779246083093262e+11
6.965316946765374000e+15 9.199673219031485596e+11
2.497232474512616500e+15 3.302883154205355225e+11
-6.159513908485565000e+14 -8.077597397154870605e+10
-1.779638262426177500e+15 -2.346947805443223877e+11
-1.368729363548969750e+15 -1.808441312299565735e+11
-4.710918902017660000e+14 -6.233584503994189453e+10
4.420092222103960000e+14 5.822690911336254883e+10
1.355110334622558000e+15 1.787896632666669312e+11
2.268211447034720000e+15 2.993524174199713135e+11
3.181312559446881500e+15 4.199151715732756348e+11
4.094413671859043000e+15 5.404779257265800781e+11
4.146560918454326000e+15 5.474417665320192261e+11
1.396680139197703000e+15 1.846631086940680847e+11
2.276139099942913750e+14 3.026745707414007568e+10
-7.041340373737371250e+14 -9.284128205523864746e+10
-8.042797316221955000e+14 -1.061745270246454926e+11
-3.345413796807163750e+14 -4.428033898781973267e+10
4.455532138467481250e+13 5.712377447556098938e+09
2.677334609910442812e+14 3.523260343943591309e+10
4.339068956910075625e+14 5.723207357942652893e+10
1.551495312254435000e+14 2.049404924134878540e+10
-1.343163216187315000e+14 -1.766066647826892090e+10
-4.237821744629066250e+14 -5.581538219788661194e+10
-7.132480273070817500e+14 -9.397009791750428772e+10
-1.002713880151256750e+15 -1.321248136371219788e+11
-1.199166159098541000e+15 -1.580279111957375183e+11
-3.998796224273140000e+14 -5.276738132694891357e+10
-7.955592898890975000e+13 -1.054084968281359863e+10
1.872098950591445000e+14 2.463740453515237427e+10
4.539757191071987500e+14 5.981565875311828613e+10
7.207415431552531250e+14 9.499391297108424377e+10
9.875073672033075000e+14 1.301721671890501862e+11
1.254273191251361750e+15 1.653504214070161133e+11
1.521039015299416000e+15 2.005286756249820557e+11
1.227330786153108000e+15 1.618514017586099854e+11
3.386931019063582500e+14 4.475615125502105713e+10
5.488799604429012500e+13 7.300217391397857666e+09
