4.000000000000000000e+00 4.000000000000000000e+00
3.379805012265955533e+00 4.050838856604140226e+00
3.007853683283030488e+00 4.080160229518120296e+00
2.624700861153109965e+00 4.102143749779215476e+00
2.063534235209673717e+00 4.115918539830246026e+00
1.658173116976386252e+00 4.112572577613735625e+00
1.056187745349661977e+00 4.086463450381883078e+00
7.276107379988983048e-01 4.060490824685881961e+00
2.634178890399176964e-01 4.001659179165420355e+00
-1.970902024936338481e-02 3.953602344381033085e+00
-3.189456492666577492e-01 3.898752495239423244e+00
-7.252392826398837977e-01 3.822475994210056793e+00
-1.225056757832196253e+00 3.727066550922877308e+00
-1.565551025099990889e+00 3.657759901354351584e+00
-1.869727135475177437e+00 3.585467526759508416e+00
-2.174326480614698909e+00 3.497445518754408678e+00
-2.376891821955266604e+00 3.431808432858900026e+00
-2.649122336430889124e+00 3.336716007042722421e+00
-2.837657071270154763e+00 3.265623661167298852e+00
-3.073742044326447598e+00 3.170672263536451485e+00
-3.294088191807082122e+00 3.075738214725651343e+00
-3.550127551785705826e+00 2.957345214955211965e+00
-3.778001942456088003e+00 2.844054525330689476e+00
-4.003421910844730647e+00 2.723766390285458527e+00
-4.223853416437473918e+00 2.597730441065114082e+00
-4.393870698516839646e+00 2.493678223004566430e+00
-4.566665827226048968e+00 2.381001545243778938e+00
-4.703858477873319011e+00 2.286059192484124036e+00
-4.807728584879616740e+00 2.210586006802053305e+00
-4.918268968759158533e+00 2.126324652432592721e+00
-5.018040052028853282e+00 2.046589335438530721e+00
-5.122069093926135963e+00 1.959163307843503121e+00
-5.219228594850910952e+00 1.872888472318546826e+00
-5.281660884115433774e+00 1.815020198231001247e+00
-5.347376992515266103e+00 1.751783942742134226e+00
-5.415674645803103537e+00 1.683329339392908297e+00
-5.480944433369140611e+00 1.614731545925113254e+00
-5.534951506736552673e+00 1.555528781928452453e+00
-5.611737791275092313e+00 1.466999925660339654e+00
-5.669463167650373947e+00 1.396427646615191920e+00
-5.716213660707375688e+00 1.336536004285644452e+00
-5.744763829634390362e+00 1.298584966328834467e+00
-5.785295624801912950e+00 1.242804279894032637e+00
-5.827039075372436372e+00 1.182492492565712983e+00
-5.862198446465690438e+00 1.129233329197983693e+00
-5.896120385686717924e+00 1.075406497531531613e+00
-5.934311039386865438e+00 1.011514542298606045e+00
-5.952513296825397759e+00 9.796262505661258446e-01
-5.973547662446464734e+00 9.415070977447184131e-01
-5.994774073154340854e+00 9.014209661990069122e-01
-6.012543251352480134e+00 8.665342072495885173e-01
-6.038449375005748188e+00 8.131439314212500769e-01
-6.048905528541014043e+00 7.906304981470065885e-01
-6.061512246233919932e+00 7.626655808903290978e-01
-6.073875509128091821e+00 7.342866364136230173e-01
-6.089092816080407644e+00 6.978996294788094579e-01
-6.102991116196434085e+00 6.630381727403865666e-01
-6.112210642983801456e+00 6.389586435232477157e-01
-6.123408695437891680e+00 6.084863900216170851e-01
-6.132360299964232375e+00 5.830821195285181835e-01
-6.145059332204319880e+00 5.452574134512634396e-01
-6.152276630617949493e+00 5.226545388580169371e-01
-6.159599149927931450e+00 4.988138704068593721e-01
-6.166321947468548892e+00 4.760140426671296554e-01
-6.171667615383737981e+00 4.571612287923421669e-01
-6.177451088637595511e+00 4.359195344534687044e-01
-6.183417815408390972e+00 4.129620196430916490e-01
-6.188612765838206187e+00 3.920616618672016496e-01
-6.191931890050591747e+00 3.781681359371426576e-01
-6.195940044264979463e+00 3.607525493394446725e-01
-6.199123085376454512e+00 3.463939390168432331e-01
-6.201813671594459620e+00 3.338364576017461838e-01
-6.204139223175354267e+00 3.226468090428806224e-01
-6.206837153154767250e+00 3.092358223656851979e-01
-6.209474750633117601e+00 2.956483505972556380e-01
-6.212019669042518011e+00 2.820195348760363707e-01
-6.214409906403854045e+00 2.686900233981558417e-01
-6.216462073466300531e+00 2.567698678244902943e-01
-6.218848821452047204e+00 2.423017956568649101e-01
-6.221029075210249282e+00 2.284183800065772985e-01
-6.222361329222213300e+00 2.195735985128036416e-01
-6.223637591512317435e+00 2.108511057642367403e-01
-6.224811762930470671e+00 2.025489863899557208e-01
-6.226256459337678351e+00 1.919547965030461156e-01
-6.227330418667547107e+00 1.837665079357020392e-01
-6.228315550080233187e+00 1.759755237014312412e-01
-6.229329971457663540e+00 1.676785037202860040e-01
-6.230407929501039277e+00 1.584882063581620204e-01
-6.231019057791855609e+00 1.530917219410866115e-01
-6.232077201137387945e+00 1.433856053901822469e-01
-6.232606500739525046e+00 1.383518417875961859e-01
-6.233285118977368811e+00 1.316905121729289030e-01
-6.233797536185899268e+00 1.264833381889248487e-01
-6.234623468184182116e+00 1.177525006462375595e-01
-6.235014741818329931e+00 1.134563726371119741e-01
-6.235427604068911833e+00 1.087880332861469318e-01
-6.235827182381415312e+00 1.041355144077840272e-01
-6.236362696565481478e+00 9.766546727054341293e-02
-6.236646218705283573e+00 9.412713119798991890e-02
-6.236939596431644972e+00 9.036813068821192285e-02
-6.237279966577032653e+00 8.587884732358071205e-02
-6.237618742098086422e+00 8.125234979500481347e-02
-6.237883756986889239e+00 7.751621214617590572e-02
-6.238099404749255505e+00 7.438841907099198736e-02
-6.238287934660458944e+00 7.158733708363695936e-02
-6.238470179238639446e+00 6.881605953935705788e-02
-6.238680903347324502e+00 6.552243853648431759e-02
-6.238853803182204949e+00 6.274981559844668155e-02
-6.239034217331609788e+00 5.978201209128655019e-02
-6.239210720199012350e+00 5.679896375368299888e-02
-6.239377029944797926e+00 5.390549229840991413e-02
-6.239493229139618791e+00 5.183352068335973090e-02
-6.239596803487932775e+00 4.994945130773986719e-02
-6.239720960196814659e+00 4.764180177586925524e-02
-6.239815073079554963e+00 4.585435767383962136e-02
-6.239935638617201796e+00 4.351599887729996896e-02
-6.240032605041559322e+00 4.159159855816615958e-02
-6.240107998908605680e+00 4.006419973401657841e-02
-6.240170014889546479e+00 3.878737126137334068e-02
-6.240258050596603212e+00 3.693977796856718482e-02
-6.240324332905196059e+00 3.552605808202411591e-02
-6.240409436072533289e+00 3.367045071222392327e-02
-6.240471056263864114e+00 3.230200854959315582e-02
-6.240548262107894928e+00 3.055053987822592410e-02
-6.240618778514869014e+00 2.891119433106868405e-02
-6.240670935405565167e+00 2.767779331714977087e-02
-6.240713578328532130e+00 2.665311844178035183e-02
-6.240759618377814455e+00 2.553074612976159036e-02
-6.240813521887655924e+00 2.419480429622819853e-02
-6.240864238821395737e+00 2.291614983908985340e-02
-6.240910663428030247e+00 2.172428667426669693e-02
-6.240949723274120231e+00 2.070574132591691818e-02
-6.240981689271565713e+00 1.986034061452847735e-02
-6.241016117555281184e+00 1.893880752837753811e-02
-6.241046201319521813e+00 1.812345464556758615e-02
-6.241085959507723935e+00 1.703051724920274720e-02
-6.241110828293456869e+00 1.633552170457248931e-02
-6.241139870204725604e+00 1.551474714648068062e-02
-6.241161992002043135e+00 1.488142021144974250e-02
-6.241179373461142710e+00 1.438060433377358685e-02
-6.241200541355834019e+00 1.376467138370488126e-02
-6.241219609986110584e+00 1.320467212108543918e-02
-6.241242565375491935e+00 1.252261057371605556e-02
-6.241257319252158986e+00 1.208018095528982580e-02
-6.241275661090795346e+00 1.152451173363327336e-02
-6.241295842476692890e+00 1.090770213855312212e-02
-6.241319804333915755e+00 1.016691482406913323e-02
-6.241331066069526479e+00 9.815644893869240883e-03
-6.241343119925368832e+00 9.436823813516754395e-03
-6.241356315903868968e+00 9.019437928331246884e-03
-6.241368311876316355e+00 8.637624763740896910e-03
-6.241376994557635172e+00 8.359962774701027582e-03
-6.241386202710414111e+00 8.063506687040046181e-03
-6.241399409269199339e+00 7.636231467903625836e-03
-6.241409125917357414e+00 7.319632711691806577e-03
-6.241417269383868316e+00 7.052460771793862306e-03
-6.241429331081133292e+00 6.654366594225019117e-03
-6.241436353421510930e+00 6.421686961722072873e-03
-6.241446005951840625e+00 6.099411223386542666e-03
-6.241454513006872595e+00 5.813819514620103927e-03
-6.241458149941045974e+00 5.691371183132033600e-03
-6.241465863113476509e+00 5.429949759694519852e-03
-6.241472074075113063e+00 5.218690466419661361e-03
-6.241479386614292579e+00 4.969373459162293276e-03
-6.241485758670226147e+00 4.751061816155353369e-03
-6.241491187462179902e+00 4.564172890705509369e-03
-6.241496133646943889e+00 4.393293693098246702e-03
-6.241502381121350140e+00 4.176738519209492392e-03
-6.241508782687667178e+00 3.953846790910604814e-03
-6.241513364920541207e+00 3.793827030391288060e-03
-6.241518179345905359e+00 3.625274084123167578e-03
-6.241523091804030088e+00 3.452337180664188671e-03
-6.241526262085398180e+00 3.340668322232792295e-03
-6.241530141417392485e+00 3.203616166259671237e-03
-6.241533622638854695e+00 3.080057934032554619e-03
-6.241537572954271695e+00 2.939657157680982454e-03
-6.241541938661914202e+00 2.784153834670680377e-03
-6.241544910697863990e+00 2.677965586257271494e-03
-6.241547278634369533e+00 2.593263452701893932e-03
-6.241550812805924942e+00 2.466512552854534419e-03
-6.241553883451325113e+00 2.356074241509033794e-03
-6.241556779646255215e+00 2.251676222263342044e-03
-6.241559477979449433e+00 2.154002696396015853e-03
-6.241561951929504914e+00 2.064329949784377179e-03
-6.241564380616452468e+00 1.976209866805137688e-03
-6.241567201809429477e+00 1.873787536719020378e-03
-6.241569677671549243e+00 1.783643217431948652e-03
-6.241571216179380599e+00 1.727575825053712707e-03
-6.241573527896458806e+00 1.643192152714414815e-03
-6.241575464626338388e+00 1.572351973118556916e-03
-6.241577014307178040e+00 1.515581962398177213e-03
-6.241578142936626605e+00 1.474233131617253478e-03
-6.241580157030077736e+00 1.400399067101671530e-03
-6.241581728736786516e+00 1.342605393993278511e-03
-6.241583435675136293e+00 1.279823857133391418e-03
-6.241584832607533606e+00 1.228334183093499760e-03
-6.241585730241093088e+00 1.195302657198993226e-03
-6.241587166312950075e+00 1.142299211408321670e-03
-6.241588440043567942e+00 1.095271009975560183e-03
-6.241589822108164931e+00 1.044186534533687828e-03
-6.241590660915810496e+00 1.013112099684326372e-03
-6.241592111439241641e+00 9.594002737088524677e-04
-6.241592844394907580e+00 9.322565732838131213e-04
-6.241593893405124938e+00 8.933034261530566587e-04
-6.241594994505931915e+00 8.523932847888110323e-04
-6.241595794481323622e+00 8.226589488463893545e-04
-6.241596818437199268e+00 7.846015772438908213e-04
-6.241597721739650773e+00 7.510359314092125010e-04
-6.241598515384747969e+00 7.214807866529181907e-04
-6.241599293948317140e+00 6.924848437628652875e-04
-6.241600031455073250e+00 6.650345543012240639e-04
-6.241600772048124135e+00 6.373836609849500888e-04
-6.241601531196684149e+00 6.090559364952934790e-04
-6.241602098584476899e+00 5.878614331455974751e-04
-6.241602743031863909e+00 5.637915158470672202e-04
-6.241603257795647508e+00 5.445296043623972350e-04
-6.241603936156522536e+00 5.191167774217111215e-04
-6.241604483234389988e+00 4.986462157223964849e-04
-6.241605067389031980e+00 4.767770039152356004e-04
-6.241605449624026747e+00 4.624648208057438440e-04
-6.241605943252094058e+00 4.439877885026217194e-04
-6.241606645201031256e+00 4.176893524918103766e-04
-6.241607124364580983e+00 3.997174549695202373e-04
-6.241607550806554272e+00 3.837239956825303877e-04
-6.241607924418815401e+00 3.696971918624937688e-04
-6.241608256024704815e+00 3.572501240661290979e-04
-6.241608726653261385e+00 3.396053721228991032e-04
-6.241609214646269166e+00 3.213000985785363422e-04
-6.241609537844592381e+00 3.091673992812697257e-04
-6.241609823681555369e+00 2.984339195066481980e-04
-6.241610160872938629e+00 2.857563707603584698e-04
-6.241610469433019226e+00 2.741608142101815537e-04
-6.241610794648409843e+00 2.619502508434791237e-04
-6.241611068541629948e+00 2.516455083193552432e-04
-6.241611326869822562e+00 2.419255677152915105e-04
-6.241611547214838573e+00 2.336324755229138262e-04
-6.241611785402388257e+00 2.246580484176336748e-04
-6.241611991174127461e+00 2.169176204399452532e-04
-6.241612225911207013e+00 2.080810312355480180e-04
-6.241612463477184569e+00 1.991434471251956066e-04
-6.241612690310286204e+00 1.906099530448629757e-04
-6.241613023214667599e+00 1.780670621530214054e-04
-6.241613180068980249e+00 1.721645412099534944e-04
-6.241613392923801129e+00 1.641403861151243947e-04
-6.241613527636189040e+00 1.590557179819276695e-04
-6.241613723351087550e+00 1.516765404993988483e-04
-6.241613870457628721e+00 1.461372541065138935e-04
-6.241614067913149100e+00 1.386954221157961061e-04
-6.241614290027015954e+00 1.303174099774594987e-04
-6.241614394657411857e+00 1.263712693542990784e-04
-6.241614514555264392e+00 1.218467885334422216e-04
-6.241614608355202876e+00 1.183112149911750763e-04
-6.241614723443099422e+00 1.139657925391760076e-04
-6.241614877197426914e+00 1.081662129369801085e-04
-6.241614996619738953e+00 1.036640864597546412e-04
-6.241615088126857280e+00 1.002120975924042731e-04
-6.241615154326100701e+00 9.771000083090859560e-05
-6.241615263893736554e+00 9.357662868437139410e-05
-6.241615376353184530e+00 8.932870936361146641e-05
-6.241615489294203734e+00 8.506830897406058971e-05
-6.241615590369957722e+00 8.125016920457016475e-05
-6.241615662743336124e+00 7.852385447051152473e-05
-6.241615748178698908e+00 7.529367963241585533e-05
-6.241615824537356083e+00 7.240906971305625473e-05
-6.241615904955305716e+00 6.936838789972429452e-05
-6.241615968351260868e+00 6.697288613940223501e-05
-6.241616038319872217e+00 6.433067331032191454e-05
-6.241616107429559079e+00 6.172069347406183761e-05
-6.241616171921887890e+00 5.928524968404153483e-05
-6.241616242180787921e+00 5.662900847834649988e-05
-6.241616305295726086e+00 5.424711281061640272e-05
-6.241616358814003007e+00 5.222618824843625285e-05
-6.241616420096130824e+00 4.991377762750278351e-05
-6.241616480362973007e+00 4.763502211743113058e-05
-6.241616538225521538e+00 4.544872551571358993e-05
-6.241616610975910362e+00 4.270189646188008077e-05
-6.241616671718467124e+00 4.040698253257148987e-05
-6.241616733404313777e+00 3.807581936452150050e-05
-6.241616770200456799e+00 3.668266211188013986e-05
-6.241616815170869081e+00 3.498334514114237128e-05
-6.241616854031169837e+00 3.351611461706757543e-05
-6.241616894113253267e+00 3.200008233744142214e-05
-6.241616925207835287e+00 3.082618694277336734e-05
-6.241616973459630735e+00 2.900301110898417524e-05
-6.241617001212050653e+00 2.795558900328294085e-05
-6.241617030506591668e+00 2.684834652493441612e-05
-6.241617066252071133e+00 2.549522667841110053e-05
-6.241617095074103005e+00 2.440501403290849640e-05
-6.241617121097633891e+00 2.342079927794214723e-05
-6.241617144714863841e+00 2.252703175561968226e-05
-6.241617170988598140e+00 2.153305995378004749e-05
-6.241617192451613505e+00 2.072097972293405482e-05
-6.241617222557342970e+00 1.958181080318807920e-05
-6.241617246519120421e+00 1.867560156434201383e-05
-6.241617275593548619e+00 1.757847994731512645e-05
-6.241617299012765407e+00 1.669399266464801179e-05
-6.241617319918291606e+00 1.590284450201394077e-05
-6.241617340617852783e+00 1.511921772752572672e-05
-6.241617360940162840e+00 1.435140132732332156e-05
-6.241617383660328144e+00 1.349238246060820109e-05
-6.241617397552236213e+00 1.296794671378005753e-05
-6.241617416655093287e+00 1.224613949672134984e-05
-6.241617428330750172e+00 1.180455190122151217e-05
-6.241617440878121315e+00 1.132960457565625751e-05
-6.241617457114166712e+00 1.071621205156820641e-05
-6.241617466384746571e+00 1.036604631316588305e-05
-6.241617479769551835e+00 9.860878118828512925e-06
-6.241617489826404963e+00 9.480885571806602798e-06
-6.241617508003533210e+00 8.794003343036648523e-06
-6.241617518282208898e+00 8.405565405618566364e-06
-6.241617527879063765e+00 8.042749319614574875e-06
-6.241617537288592032e+00 7.687465333776258275e-06
-6.241617546157417706e+00 7.352118301898002822e-06
-6.241617560621476990e+00 6.805342315894577923e-06
-6.241617570460242348e+00 6.432820895584593068e-06
-6.241617582164818323e+00 5.990740493549883959e-06
-6.241617590846254338e+00 5.662942165216724374e-06
-6.241617599096772828e+00 5.351087350236556354e-06
-6.241617603224724142e+00 5.195061928951261614e-06
-6.241617611163565726e+00 4.894734047739083958e-06
-6.241617616959991288e+00 4.675493671685523222e-06
-6.241617624107524520e+00 4.404862904122379390e-06
-6.241617630995996535e+00 4.144722255592310069e-06
-6.241617637765812354e+00 3.888660216311001094e-06
-6.241617644281102883e+00 3.642521693948400010e-06
-6.241617648933038609e+00 3.466487821899797962e-06
-6.241617652774420932e+00 3.321227010797887674e-06
-6.241617657247684470e+00 3.151975476609542735e-06
-6.241617661369773806e+00 2.996146644704304720e-06
-6.241617666001637588e+00 2.821010100052022195e-06
-6.241617671467949435e+00 2.614132261941979960e-06
-6.241617674686846584e+00 2.492362450463217337e-06
-6.241617678954130888e+00 2.331231495886004319e-06
-6.241617682765748576e+00 2.187105054271198039e-06
-6.241617685956151185e+00 2.066551785642281528e-06
-6.241617688948211118e+00 1.953333367658174266e-06
-6.241617692964315900e+00 1.801367025060190106e-06
-6.241617695637894592e+00 1.700250154655826560e-06
-6.241617698902034661e+00 1.576918832635626242e-06
-6.241617702500687592e+00 1.440781199438636776e-06
-6.241617705374320479e+00 1.331989096218507774e-06
-6.241617707209594634e+00 1.262590168582750733e-06
-6.241617710713697420e+00 1.129989926568056788e-06
-6.241617712690610276e+00 1.055392817705031875e-06
-6.241617715190157512e+00 9.608275434180986815e-07
-6.241617718193320563e+00 8.472317924206882694e-07
-6.241617720540504344e+00 7.584787745572698574e-07
-6.241617722794905454e+00 6.732099597648211879e-07
-6.241617724103735831e+00 6.236899291254705162e-07
-6.241617725596585231e+00 5.671972245246414462e-07
-6.241617728376785301e+00 4.620430735260550565e-07
-6.241617730870164138e+00 3.678058360518174974e-07
-6.241617732639372917e+00 3.008703324817021381e-07
-6.241617734599256728e+00 2.268058463210638914e-07
-6.241617735697037261e+00 1.852223079193341091e-07
-6.241617736915740622e+00 1.391145780154261539e-07
-6.241617738461679110e+00 8.067948655347855861e-08
-6.241617740237481726e+00 1.356419862574890527e-08
-6.241617741420843579e+00 -3.124826758687700017e-08
-6.241617742688308823e+00 -7.920539412205089647e-08
-6.241617744578007887e+00 -1.507528184642126496e-07
-6.241617745791456784e+00 -1.966005580439101742e-07
-6.241617747903307922e+00 -2.764494278672042460e-07
-6.241617749218400846e+00 -3.261504789476037423e-07
-6.241617750184078162e+00 -3.627153341204956477e-07
-6.241617752143307385e+00 -4.366388200152766416e-07
-6.241617753832186644e+00 -5.005516656042391290e-07
-6.241617755712108639e+00 -5.716740224837679005e-07
-6.241617756951122864e+00 -6.185832337040460028e-07
-6.241617759361012041e+00 -7.096763439940897336e-07
-6.241617761488650551e+00 -7.901446379262244852e-07
-6.241617763869516722e+00 -8.801492397726183985e-07
-6.241617766835304337e+00 -9.925079379112453692e-07
-6.241617768503466834e+00 -1.055648055213174309e-06
-6.241617771446461127e+00 -1.166836230938913702e-06
-6.241617774968066357e+00 -1.300015490236240363e-06
-6.241617777966765424e+00 -1.413463099422580685e-06
-6.241617781033218293e+00 -1.529302668295319155e-06
-6.241617785659618001e+00 -1.704370275122923327e-06
-6.241617788898309094e+00 -1.826831474415753053e-06
-6.241617792800640885e+00 -1.974431354763225516e-06
-6.241617795905384014e+00 -2.092004259846462824e-06
-6.241617799440192904e+00 -2.225799183137813994e-06
-6.241617803870083137e+00 -2.393045673652990595e-06
-6.241617807142605834e+00 -2.516983912541461874e-06
-6.241617809857757493e+00 -2.619713232168159143e-06
-6.241617813221476574e+00 -2.746948927172596558e-06
-6.241617816369122274e+00 -2.865978058806569324e-06
-6.241617821258373944e+00 -3.050834598444343756e-06
-6.241617824864618136e+00 -3.187357522826197246e-06
-6.241617831461261368e+00 -3.436269735756491097e-06
-6.241617835092685418e+00 -3.573520806972593351e-06
-6.241617840838373787e+00 -3.790999028447298267e-06
-6.241617845312037005e+00 -3.960342499153654441e-06
-6.241617854317659031e+00 -4.300832017813144817e-06
-6.241617860085588276e+00 -4.518830479510455051e-06
-6.241617867243003381e+00 -4.789672480991160027e-06
-6.241617873574153208e+00 -5.029117218362229660e-06
-6.241617880676107788e+00 -5.297774326223634228e-06
-6.241617887079624616e+00 -5.539627158808374279e-06
-6.241617893912374981e+00 -5.798317040616806864e-06
-6.241617900395050711e+00 -6.043256162634452479e-06
-6.241617908833255512e+00 -6.362354726253947833e-06
-6.241617917055534370e+00 -6.673715096709454327e-06
-6.241617926453522536e+00 -7.028883788108928234e-06
-6.241617936394292521e+00 -7.404417587264631887e-06
-6.241617947386266962e+00 -7.819302988975154381e-06
-6.241617955563483200e+00 -8.127583933494072588e-06
-6.241617964628049187e+00 -8.470144512496114944e-06
-6.241617973447190160e+00 -8.803239974190785918e-06
-6.241617986631749382e+00 -9.301986058637305978e-06
-6.241618001440570218e+00 -9.861937771311934578e-06
-6.241618017216856273e+00 -1.045775294223041311e-05
-6.241618027150185100e+00 -1.083328528126987780e-05
-6.241618036736851671e+00 -1.119616175097635455e-05
-6.241618050146345631e+00 -1.170315998299062020e-05
-6.241618065223944356e+00 -1.227363907497287724e-05
-6.241618078176422557e+00 -1.276431850420659908e-05
-6.241618090928978901e+00 -1.324721990681332695e-05
-6.241618110214940174e+00 -1.397718911268768496e-05
-6.241618126689020940e+00 -1.460081054126851542e-05
-6.241618144095696152e+00 -1.525802777650896455e-05
-6.241618172767628536e+00 -1.634318857049450155e-05
-6.241618190711653469e+00 -1.702290665898399511e-05
-6.241618217430542792e+00 -1.803247639096538531e-05
-6.241618244848689656e+00 -1.906965536351343040e-05
-6.241618263769121100e+00 -1.978619292152751817e-05
-6.241618280905501415e+00 -2.043352858504382034e-05
-6.241618297621451816e+00 -2.106532077217642521e-05
-6.241618322691115495e+00 -2.201389675138874325e-05
-6.241618350525855341e+00 -2.306690177522599384e-05
-6.241618372699337058e+00 -2.390675702050752002e-05
-6.241618392556740780e+00 -2.465778457000177812e-05
-6.241618430234013637e+00 -2.608425341519510172e-05
-6.241618479510528950e+00 -2.794818801735650979e-05
-6.241618527136564509e+00 -2.975016709591302863e-05
-6.241618557647772292e+00 -3.090348368079176057e-05
-6.241618595112179868e+00 -3.231976814776227618e-05
-6.241618627115406603e+00 -3.353131501229975492e-05
-6.241618680717544443e+00 -3.555728890622879995e-05
-6.241618739419217299e+00 -3.778037239391224359e-05
-6.241618778497164399e+00 -3.926029991701761958e-05
-6.241618839667870233e+00 -4.157744127683970657e-05
-6.241618884582617710e+00 -4.327708361078094984e-05
-6.241618959731775718e+00 -4.612591142246898700e-05
-6.241619001214758988e+00 -4.769593831081309787e-05
-6.241619049063261926e+00 -4.950577526626733573e-05
-6.241619132888080124e+00 -5.267776194931142247e-05
-6.241619190067707379e+00 -5.483908217653435705e-05
-6.241619268319404057e+00 -5.780022482297167023e-05
-6.241619353932703618e+00 -6.103932784343654434e-05
-6.241619415577052798e+00 -6.337039391945542956e-05
-6.241619490050155150e+00 -6.619331040469413031e-05
-6.241619595864612791e+00 -7.020085054193017930e-05
-6.241619686484980001e+00 -7.364100006479209310e-05
-6.241619770171178416e+00 -7.681363930141982450e-05
-6.241619858146195909e+00 -8.014280252581761641e-05
-6.241619962554524115e+00 -8.409848766964226491e-05
-6.241620034336621714e+00 -8.681295730377442722e-05
-6.241620127647113492e+00 -9.034594951420863601e-05
-6.241620212427748449e+00 -9.355926408760851479e-05
-6.241620355356303662e+00 -9.898024920749755144e-05
-6.241620496577487742e+00 -1.043316984432041117e-04
-6.241620652914617651e+00 -1.102485723777131977e-04
-6.241620791135622959e+00 -1.154847913421181571e-04
-6.241620953622767587e+00 -1.216529427637099743e-04
-6.241621077556269270e+00 -1.263577383358482540e-04
-6.241621224219201736e+00 -1.319185569358657451e-04
-6.241621444352485781e+00 -1.402656870653383383e-04
-6.241621672367966944e+00 -1.489207962025491808e-04
-6.241621818634265573e+00 -1.544749838550146142e-04
-6.241621959747557291e+00 -1.598261907694800850e-04
-6.241622196162997405e+00 -1.687958551603850903e-04
-6.241622421443017821e+00 -1.773543767838532052e-04
-6.241622675918388374e+00 -1.870248054603302593e-04
-6.241622930762096289e+00 -1.966995036819930542e-04
-6.241623119103389961e+00 -2.038525303629195153e-04
-6.241623310017198278e+00 -2.110940878081827307e-04
-6.241623644492942269e+00 -2.237973948153852992e-04
-6.241623892927502304e+00 -2.332272638642189351e-04
-6.241624222087867935e+00 -2.457366532170724262e-04
-6.241624519608534705e+00 -2.570451517224208848e-04
-6.241624788628761245e+00 -2.672856155296372154e-04
-6.241625096127026318e+00 -2.789844546991666354e-04
-6.241625482136201164e+00 -2.936704923901195616e-04
-6.241625839121227592e+00 -3.072590074896974408e-04
-6.241626177012311594e+00 -3.201353821109479553e-04
-6.241626559777867733e+00 -3.347147552430771778e-04
-6.241626938764834875e+00 -3.491705114859441949e-04
-6.241627510812549851e+00 -3.709688029254080218e-04
-6.241628000385341046e+00 -3.896311060418054741e-04
-6.241628393688656296e+00 -4.046410616807285762e-04
-6.241628668259505019e+00 -4.151447207148915700e-04
-6.241629118140234134e+00 -4.323169668496873062e-04
-6.241629565589769335e+00 -4.493880042382275000e-04
-6.241630089892724165e+00 -4.693925398388062607e-04
-6.241630507853608734e+00 -4.853750667275664185e-04
-6.241631088241879510e+00 -5.075794888357317404e-04
-6.241631629876504661e+00 -5.282913321445246264e-04
-6.241632195641918734e+00 -5.499061807980662594e-04
-6.241632789994768338e+00 -5.726634248636755476e-04
-6.241633406848171362e+00 -5.962726424741673047e-04
-6.241634165677247381e+00 -6.253318679977458569e-04
-6.241634998484760999e+00 -6.572501599818069470e-04
-6.241635999991419936e+00 -6.956840420107474358e-04
-6.241636691972051842e+00 -7.222832592129900444e-04
-6.241637477772736808e+00 -7.525093785676145947e-04
-6.241638543826242724e+00 -7.935086774024541776e-04
-6.241639337054100345e+00 -8.240438364116938093e-04
-6.241640417327529278e+00 -8.656723738045917198e-04
-6.241641587519651146e+00 -9.107684293210943595e-04
-6.241642650953853177e+00 -9.518949819303305611e-04
-6.241643809725768044e+00 -9.966695865971837449e-04
-6.241644902476013890e+00 -1.038910154883188617e-03
-6.241646233598907578e+00 -1.090365232672958632e-03
-6.241647593266061556e+00 -1.143012695582920797e-03
-6.241649157732894082e+00 -1.203632066758317243e-03
-6.241650391844941304e+00 -1.251587910266529222e-03
-6.241651354004567054e+00 -1.288964247009743904e-03
-6.241652686293106100e+00 -1.340733248732457359e-03
-6.241654451956303973e+00 -1.409450252510999766e-03
-6.241656011688575312e+00 -1.470303016698370829e-03
-6.241657385396894853e+00 -1.524035587950657317e-03
-6.241658931050466208e+00 -1.584553904604454541e-03
-6.241661062947027716e+00 -1.668029189734435754e-03
-6.241662957797119660e+00 -1.742392925960647293e-03
-6.241665205694031826e+00 -1.830802257609943657e-03
-6.241666547426142131e+00 -1.883665570615436491e-03
-6.241669158487521685e+00 -1.986472064087857394e-03
-6.241671740983309569e+00 -2.088647695613191514e-03
-6.241674169939186001e+00 -2.184746399110181966e-03
-6.241676659637070301e+00 -2.283755112050131920e-03
-6.241678758642747127e+00 -2.367395946952957457e-03
-6.241681112019301203e+00 -2.461079997311437124e-03
-6.241683642426931300e+00 -2.562219572474661120e-03
-6.241686200570564225e+00 -2.664574355792227994e-03
-6.241689146074980599e+00 -2.782785023080877346e-03
-6.241692210720198197e+00 -2.905950739143938789e-03
-6.241695876468217996e+00 -3.054122060171210722e-03
-6.241699197505814922e+00 -3.188771710762873871e-03
-6.241702440059929913e+00 -3.320521372187713264e-03
-6.241705846868715213e+00 -3.459198176088751353e-03
-6.241708648848156571e+00 -3.573744313036164057e-03
-6.241712720484795085e+00 -3.740364540410809780e-03
-6.241717062895905777e+00 -3.919043433817233531e-03
-6.241719963052810627e+00 -4.038692316451342537e-03
-6.241724031202263490e+00 -4.207337436161038072e-03
-6.241728143891660530e+00 -4.378374127543152236e-03
-6.241733283574080637e+00 -4.593155237285366510e-03
-6.241738155092695806e+00 -4.797557072911247389e-03
-6.241742559479240171e+00 -4.983416995207161533e-03
-6.241749908972597183e+00 -5.295753578878824482e-03
-6.241755337926219838e+00 -5.528390443395329347e-03
-6.241763194917499646e+00 -5.866520301151818828e-03
-6.241771285597026875e+00 -6.217423730701746205e-03
-6.241777941947050046e+00 -6.508074981776734540e-03
-6.241786816942220817e+00 -6.899819117098941398e-03
-6.241794163020203179e+00 -7.226534473120650032e-03
-6.241802212162845365e+00 -7.587955415303924457e-03
-6.241808208997142060e+00 -7.859886151521786393e-03
-6.241815443599078250e+00 -8.190411631159992198e-03
-6.241824504489410508e+00 -8.608179401744409098e-03
-6.241833010107832536e+00 -9.003630193096079370e-03
-6.241841400880605129e+00 -9.397946977458160323e-03
-6.241847180386027816e+00 -9.671286188574929402e-03
-6.241853686700438608e+00 -9.982509382357868111e-03
-6.241864567008423847e+00 -1.050923788062373132e-02
-6.241875945532107117e+00 -1.106800881929354517e-02
-6.241882738283355714e+00 -1.140603885779570628e-02
-6.241895964121155771e+00 -1.207316714093027016e-02
-6.241906798888743779e+00 -1.262963537970098089e-02
-6.241920656406747980e+00 -1.335362756786630939e-02
-6.241928393133401975e+00 -1.376547290883220649e-02
-6.241936449709785784e+00 -1.419867310750285577e-02
-6.241947084053927064e+00 -1.478032916046603980e-02
-6.241957590250342136e+00 -1.536629105485792270e-02
-6.241974189009448892e+00 -1.631363185014678141e-02
-6.241985731310008667e+00 -1.699087132088063917e-02
-6.242001284030396668e+00 -1.792698942984799482e-02
-6.242015267835153480e+00 -1.879505455310771789e-02
-6.242026815170221177e+00 -1.953351922301516455e-02
-6.242039237860920409e+00 -2.034992404371242791e-02
-6.242052203030679536e+00 -2.122985920541424140e-02
-6.242066890934530043e+00 -2.226470829552785330e-02
-6.242077711579415045e+00 -2.305678984422847647e-02
-6.242088977727944688e+00 -2.390812838771294233e-02
-6.242101025137483106e+00 -2.485838810313970026e-02
-6.242111723294803127e+00 -2.573515643892046456e-02
-6.242128424066015313e+00 -2.718331904584979017e-02
-6.242139692660180650e+00 -2.822360121646969727e-02
-6.242156764549730674e+00 -2.992161363170316168e-02
-6.242172115418217260e+00 -3.160914523424714767e-02
-6.242182730834426430e+00 -3.289354686942378564e-02
-6.242194014590801032e+00 -3.440426102820798998e-02
-6.242204885516140500e+00 -3.605721861703408554e-02
-6.242212898402001109e+00 -3.746383833451493589e-02
-6.242220882328993525e+00 -3.911181337822241394e-02
-6.242226026736488187e+00 -4.039368626598734136e-02
-6.242231596883241806e+00 -4.217089113149072310e-02
-6.242235964747361976e+00 -4.433423140891958741e-02
-6.242237690962769037e+00 -4.660570728642032812e-02
-6.242236888788047722e+00 -4.850372582046139774e-02
-6.242234149945000254e+00 -5.034537702469324416e-02
-6.242227287717141415e+00 -5.286479509301823809e-02
-6.242219220482797759e+00 -5.487542152436303972e-02
-6.242200569080990746e+00 -5.824538915643516501e-02
-6.242178915398463701e+00 -6.119814344327624556e-02
-6.242151220983426896e+00 -6.425851925631237416e-02
-6.242121161716445599e+00 -6.706556713328507002e-02
-6.242080714236087680e+00 -7.031837926102453562e-02
-6.242037710918394211e+00 -7.334125183407770587e-02
-6.241984963230921224e+00 -7.663462216293041862e-02
-6.241908753148320166e+00 -8.083227483131720514e-02
-6.241833654113669638e+00 -8.450795574780423092e-02
-6.241758927656063882e+00 -8.783816961163562476e-02
-6.241667940512318324e+00 -9.155954210698108442e-02
-6.241550995444419492e+00 -9.593693892774325660e-02
-6.241444137926140279e+00 -9.961942748824823002e-02
-6.241316590630598071e+00 -1.037006184198578929e-01
-6.241127720315247984e+00 -1.092482420998924925e-01
-6.240938804144631646e+00 -1.143445238141686249e-01
-6.240737141446310865e+00 -1.193902678707691595e-01
-6.240485380031427276e+00 -1.252345728873046904e-01
-6.240158951399250142e+00 -1.322087493945577341e-01
-6.239797634566948581e+00 -1.393171864814967131e-01
-6.239411544976293911e+00 -1.463572432212062457e-01
-6.239003431133847144e+00 -1.532923686946149056e-01
-6.238543831799482575e+00 -1.605852338501016496e-01
-6.237971425888908072e+00 -1.690578047907686510e-01
-6.237400729432566848e+00 -1.769340430343514792e-01
-6.236693436768823595e+00 -1.860801458461227575e-01
-6.236134573905649070e+00 -1.929012048710413429e-01
-6.235489964088747783e+00 -2.003965772407563239e-01
-6.234836957498596455e+00 -2.076287133288937936e-01
-6.234058584410757220e+00 -2.158362843749984661e-01
-6.233009640474828750e+00 -2.262983088298760603e-01
-6.231868259921496289e+00 -2.370069252804099524e-01
-6.230892059209537592e+00 -2.457134115383507733e-01
-6.229612985914929624e+00 -2.565536124182425937e-01
-6.228341887670205246e+00 -2.667897356129354525e-01
-6.226440332759221263e+00 -2.812618400153772957e-01
-6.224676785898924258e+00 -2.939096627499018788e-01
-6.222519484304076975e+00 -3.084935463578165060e-01
-6.220025262239484931e+00 -3.243852745080674782e-01
-6.218391773415979706e+00 -3.343388608531571160e-01
-6.216018187463255629e+00 -3.481480121961830210e-01
-6.213319317953789778e+00 -3.630934587760757393e-01
-6.210582699015943398e+00 -3.775400327826266000e-01
-6.207409495771441854e+00 -3.935121273234603034e-01
-6.205099854836912954e+00 -4.046952680226498789e-01
-6.201682711428685657e+00 -4.205842104415764560e-01
-6.197464793907411007e+00 -4.392964363747445256e-01
-6.193256131119619923e+00 -4.570746576720647325e-01
-6.188317416667213244e+00 -4.769531157757621598e-01
-6.182497756268988454e+00 -4.991700895618210176e-01
-6.175765132013953718e+00 -5.235268158063305366e-01
-6.168658464094967542e+00 -5.478731590498550075e-01
-6.163216669385612079e+00 -5.657282291679741615e-01
-6.157576568887775714e+00 -5.835377330401705365e-01
-6.147015401613602492e+00 -6.152592978149675762e-01
-6.138625099484523062e+00 -6.391582350042311900e-01
-6.127325908212076122e+00 -6.697837744238965829e-01
-6.115009086144264749e+00 -7.014217001688750619e-01
-6.103248951140216150e+00 -7.301370654115104664e-01
-6.092752032063937229e+00 -7.546380493763057418e-01
-6.081911356399411162e+00 -7.789824436618183467e-01
-6.067381311545323896e+00 -8.102881695708386012e-01
-6.047537984557892266e+00 -8.508414050318814370e-01
-6.030981116343142823e+00 -8.829775782874097478e-01
-6.018729345203507108e+00 -9.058262008200846926e-01
-5.998594925300660741e+00 -9.419104109967750826e-01
-5.972681276345316093e+00 -9.860529710274285042e-01
-5.954567566704815462e+00 -1.015519288534794118e+00
-5.927706885338330345e+00 -1.057244277314273395e+00
-5.909892308803925687e+00 -1.083851132875117917e+00
-5.866916239308739733e+00 -1.144776077927938340e+00
-5.836753912098208374e+00 -1.185138925731598736e+00
-5.800903988489066521e+00 -1.230893101197861439e+00
-5.769384826885959328e+00 -1.269200337265002698e+00
-5.726959921585996760e+00 -1.318377646083863652e+00
-5.678710828791611043e+00 -1.371512236175644883e+00
-5.643747354512351322e+00 -1.408263038427041813e+00
-5.595402778292487334e+00 -1.456862543674687593e+00
-5.545845109907487469e+00 -1.504278430475236572e+00
-5.500345371173892772e+00 -1.545936781968724860e+00
-5.429092130012291406e+00 -1.607857179559736949e+00
-5.375384035811742400e+00 -1.651982225941830862e+00
-5.291810500227138725e+00 -1.717158950779377857e+00
-5.216399629518730485e+00 -1.772395164504426690e+00
-5.143462181297363323e+00 -1.823078711870999680e+00
-5.057739321826051793e+00 -1.879499348009423976e+00
-4.980157100551481086e+00 -1.927885613777251095e+00
-4.842537594288819136e+00 -2.007847883927949439e+00
-4.748906817596386887e+00 -2.058366108118320881e+00
-4.663198486417440058e+00 -2.102193990626243014e+00
-4.545779890141499635e+00 -2.159038557000565017e+00
-4.461018279197075387e+00 -2.197625654889113544e+00
-4.324579223693097774e+00 -2.256061402318611631e+00
-4.149435641439897182e+00 -2.324733557486768465e+00
-3.980332590454375374e+00 -2.384939978303613817e+00
-3.892734918236700814e+00 -2.413902560871479697e+00
-3.762903210813547172e+00 -2.454095435374449075e+00
-3.651526529309775171e+00 -2.486475747730862107e+00
-3.479224765135072062e+00 -2.532347366881799733e+00
-3.279917454135700794e+00 -2.579944099933090040e+00
-3.121738552630271890e+00 -2.613607918269166941e+00
-2.966996131420081895e+00 -2.643127473285261431e+00
-2.756507043132386592e+00 -2.678383270834210794e+00
-2.584426607333916603e+00 -2.702921218855619312e+00
-2.419153099337226998e+00 -2.723197265738472428e+00
-2.246536038732383833e+00 -2.741086609782304340e+00
-2.087324067522756899e+00 -2.754665068607937695e+00
-1.916855277738844121e+00 -2.766163479919506063e+00
-1.711359029492349304e+00 -2.775574698682892194e+00
-1.522308106977591446e+00 -2.780559830675438437e+00
-1.310568153757033727e+00 -2.781665207000887374e+00
-1.077686178618807222e+00 -2.777572372692068026e+00
-8.521893465210285123e-01 -2.766224176297926718e+00
-6.629057171680645677e-01 -2.749047435797280059e+00
-5.172288481920555014e-01 -2.731005951456048741e+00
-3.651726241289441344e-01 -2.708451433078301829e+00
-2.277114940270510146e-01 -2.685611348424886469e+00
-1.842569033042180601e-02 -2.648818201489806956e+00
1.518553578834337392e-01 -2.617724972777676573e+00
4.041032444740922935e-01 -2.571008914409218526e+00
5.553065263940697438e-01 -2.542854812939391973e+00
7.653537623110714394e-01 -2.503247400723963345e+00
9.353212993506417883e-01 -2.470698308278613808e+00
1.058533462062786645e+00 -2.446316653739352365e+00
1.206222546598454626e+00 -2.415915279041357611e+00
1.360849367590590386e+00 -2.381242418319560628e+00
1.540735598363438097e+00 -2.334965649117114683e+00
1.650694814088089490e+00 -2.302523391758198201e+00
1.789325505483275736e+00 -2.256193548269802118e+00
1.908604376846366080e+00 -2.211997524253679792e+00
2.072366235662230771e+00 -2.145657072157105993e+00
2.154818178635096171e+00 -2.110223811036270547e+00
2.254379487666561488e+00 -2.065597072019491165e+00
2.357818365003445216e+00 -2.017050359208247823e+00
2.453571473819203153e+00 -1.970127360897388380e+00
2.531675895987885117e+00 -1.930218065531711824e+00
2.617899763477959496e+00 -1.884542911698617651e+00
2.687854643746112160e+00 -1.846171531376394448e+00
2.763877460840970191e+00 -1.803041106368455493e+00
2.856099720695660871e+00 -1.748866143678859286e+00
2.924794665470021204e+00 -1.706787706506837310e+00
3.002295072028189793e+00 -1.657616348591606892e+00
3.077305961740497420e+00 -1.608120453033406339e+00
3.132243221819684287e+00 -1.570581483455361971e+00
3.200760385845145883e+00 -1.521905785379733089e+00
3.275123728143768176e+00 -1.466739575201879475e+00
3.331122931216342842e+00 -1.423436143703368906e+00
3.381925922456897826e+00 -1.382585947605817323e+00
3.424270725504685586e+00 -1.347438300678087675e+00
3.478348899043356646e+00 -1.300723205862021059e+00
3.519592393394944452e+00 -1.263877013512681780e+00
3.575636599647395109e+00 -1.211658693568095080e+00
3.609485919719228608e+00 -1.178987935430708900e+00
3.652334434797182894e+00 -1.135879346524757860e+00
3.675752513070401406e+00 -1.111531150612462993e+00
3.698092882525858993e+00 -1.087765048602832962e+00
3.724061423215236921e+00 -1.059396755911244492e+00
3.744399884359354669e+00 -1.036605238141115271e+00
3.766384134391489447e+00 -1.011375202903805004e+00
3.786345975805492259e+00 -9.877935004989905066e-01
3.805591820665139124e+00 -9.645762254839415073e-01
3.821087288731734866e+00 -9.454913492064733749e-01
3.844247335471482341e+00 -9.161407561697429980e-01
3.863815192893666595e+00 -8.905029522915807183e-01
3.885005571973570770e+00 -8.619595664240380373e-01
3.901999921786002634e+00 -8.383202960461031417e-01
3.921989843872621062e+00 -8.096376111112465468e-01
3.933211670774385826e+00 -7.930778983817374783e-01
3.952156067455916411e+00 -7.643060153338937512e-01
3.969460329668661469e+00 -7.370664808652888089e-01
3.984643129540209827e+00 -7.123470234463519235e-01
3.997933425637530735e+00 -6.899980679318121757e-01
4.009690603608389026e+00 -6.696372600519804319e-01
4.024698289730670453e+00 -6.426890306492029081e-01
4.033146233787949342e+00 -6.270573401426460247e-01
4.043568043801289313e+00 -6.072482805701046038e-01
4.056093748911396624e+00 -5.825637175743979546e-01
4.063543821336726758e+00 -5.674239984482423171e-01
4.073009329183090443e+00 -5.476218258492056012e-01
4.080233028359290692e+00 -5.320263098495192633e-01
4.091315558684978981e+00 -5.072363209850627719e-01
4.097047705906130766e+00 -4.939455327864079037e-01
4.102232714713307082e+00 -4.816209177508131156e-01
4.109515253100601839e+00 -4.638284486285158548e-01
4.115041621123251225e+00 -4.498957120630687201e-01
4.120859638501874755e+00 -4.347711692014504803e-01
4.127396343615710173e+00 -4.172227071863021663e-01
4.131383441349219865e+00 -4.061560382043133965e-01
4.134149552439233766e+00 -3.983148463923998905e-01
4.137928460656933538e+00 -3.873993187061827159e-01
4.141821729484533421e+00 -3.758190436968648629e-01
4.146078728560461002e+00 -3.627871918391256667e-01
4.149203303396403975e+00 -3.529189896015300087e-01
4.152611145338257259e+00 -3.418860966482864527e-01
4.155186753421268975e+00 -3.333149680830608252e-01
4.157985984957031533e+00 -3.237864487476598274e-01
4.160562480152470322e+00 -3.147785348399641525e-01
4.163659269243995986e+00 -3.036391963886438949e-01
4.165936629332634311e+00 -2.951845391340571223e-01
4.168515721664395990e+00 -2.853877242126982017e-01
4.170039043276802637e+00 -2.794628008108695494e-01
4.172281511099845019e+00 -2.705239795926038804e-01
4.174750085783370146e+00 -2.603530755824804421e-01
4.176799363190988323e+00 -2.516630269867831116e-01
4.178786220461613077e+00 -2.429510019896025941e-01
4.180269014781321957e+00 -2.362804844742097121e-01
4.181672369027654490e+00 -2.297921376164813456e-01
4.183571672424830190e+00 -2.207864002501108702e-01
4.185096293989508887e+00 -2.133125299981894485e-01
4.186205248698832371e+00 -2.077444174516144826e-01
4.187281674568010814e+00 -2.022117856437616601e-01
4.188659708584710373e+00 -1.949100810904254577e-01
4.190072403937541878e+00 -1.871840834699410872e-01
4.191244290154618746e+00 -1.805779625085406348e-01
4.191987712385788711e+00 -1.762764337050743979e-01
4.193021648056238782e+00 -1.701441644925785757e-01
4.193813147278682152e+00 -1.653215432085695380e-01
4.194919497361928151e+00 -1.583836046696479871e-01
4.195648920926146275e+00 -1.536731853407570791e-01
4.196331308548770345e+00 -1.491582203847468813e-01
4.197022232762194882e+00 -1.444587561163930001e-01
4.197442781299928427e+00 -1.415331013890384904e-01
4.197786904784225115e+00 -1.391079322657649275e-01
4.198160565564049485e+00 -1.364385721304071653e-01
4.198630888221166479e+00 -1.330143186751213680e-01
4.199238386288695501e+00 -1.284803824111695192e-01
4.199762502764912142e+00 -1.244636812733077164e-01
4.200235544175511926e+00 -1.207617942761911867e-01
4.200654375216427816e+00 -1.173968814744649203e-01
4.201128240089227361e+00 -1.135008587742740438e-01
4.201497221521453440e+00 -1.103999017795824628e-01
4.201956126814044623e+00 -1.064358424600917313e-01
4.202276184280695936e+00 -1.036080902823199451e-01
4.202712182643946193e+00 -9.965153485226878327e-02
4.203033209439521301e+00 -9.666268101707067850e-02
4.203346505967112456e+00 -9.368209536438663887e-02
4.203635976536860497e+00 -9.086110877489897431e-02
4.203917349691684180e+00 -8.805148673567599060e-02
4.204078188087696510e+00 -8.641806464863928394e-02
4.204342085556840303e+00 -8.368691055136504020e-02
4.204622485333685766e+00 -8.071786785505365158e-02
4.204854251427373235e+00 -7.819714555890174001e-02
4.205000033805189830e+00 -7.658560792400011252e-02
4.205197924964005018e+00 -7.435676189020230809e-02
4.205426348315834950e+00 -7.172651140368357936e-02
4.205611021956941364e+00 -6.955274819947643294e-02
4.205837498749810166e+00 -6.681774142225556379e-02
4.206017371855081066e+00 -6.459349287273502549e-02
4.206196061295493394e+00 -6.232697163528878870e-02
4.206363527077341402e+00 -6.015700978639243468e-02
4.206469950935715296e+00 -5.874823507751331803e-02
4.206645354917167623e+00 -5.638272295901626541e-02
4.206763278559282782e+00 -5.475269075752631914e-02
4.206857224977455623e+00 -5.343324398960961480e-02
4.207005533551388510e+00 -5.130922343815685210e-02
4.207090037176667074e+00 -5.007433251822988179e-02
4.207153632777492547e+00 -4.913110510789844149e-02
4.207246029185010450e+00 -4.774291066582397880e-02
4.207320219798422301e+00 -4.661112862203746487e-02
4.207384145516630092e+00 -4.562248627296711101e-02
4.207458150227578741e+00 -4.446175385882206871e-02
4.207540541532196698e+00 -4.314953771918226405e-02
4.207627604917134612e+00 -4.173529666539525784e-02
4.207692723233235732e+00 -4.066148938135959179e-02
4.207773170954401287e+00 -3.930908710051604638e-02
4.207820211477828920e+00 -3.850747508497628230e-02
4.207896108623514486e+00 -3.719339414100548968e-02
4.207941665854574964e+00 -3.639349648988125102e-02
4.208012270808235478e+00 -3.513699468776184526e-02
4.208062928860008434e+00 -3.421834744594260541e-02
4.208127132384229085e+00 -3.303640267344052500e-02
4.208167443537090158e+00 -3.228246268149848053e-02
4.208214646873239317e+00 -3.138522032088167379e-02
4.208261381218476593e+00 -3.048554477315704170e-02
4.208314979721723859e+00 -2.943932174824210463e-02
4.208352874097735175e+00 -2.868723121651350558e-02
4.208397873421144020e+00 -2.778434619282971543e-02
4.208433457304240122e+00 -2.705938980322294268e-02
4.208457939655413149e+00 -2.655664854383864987e-02
4.208500607128237370e+00 -2.566839232304693810e-02
4.208527760703983489e+00 -2.509700312499132599e-02
4.208561124505079576e+00 -2.438706704948287798e-02
4.208603750730860682e+00 -2.346426484419630865e-02
4.208630380849516683e+00 -2.288082530999522440e-02
4.208676924976415989e+00 -2.184526915073049455e-02
4.208705258613587574e+00 -2.120503457307965425e-02
4.208731571319510145e+00 -2.060206900771497512e-02
4.208756497644560390e+00 -2.002448757178188973e-02
4.208775520847991558e+00 -1.957941793018685289e-02
4.208797577617374941e+00 -1.905857626968720381e-02
4.208816081221955940e+00 -1.861666036022231047e-02
4.208834064982364787e+00 -1.818522268024111432e-02
4.208848526590735162e+00 -1.783511178051104193e-02
4.208877819632282247e+00 -1.711859500053327515e-02
4.208901823888271387e+00 -1.652394605719969059e-02
4.208925233874734495e+00 -1.593772514024078407e-02
4.208942117271564420e+00 -1.551097490745764924e-02
4.208959566107638217e+00 -1.506442354971621392e-02
4.208980477324707259e+00 -1.452334139827435658e-02
4.209000658707537035e+00 -1.399489994322421389e-02
4.209012552563636156e+00 -1.368104400493674357e-02
4.209024660352057801e+00 -1.335797519447161526e-02
4.209044261614119264e+00 -1.283154624472636340e-02
4.209059835986357356e+00 -1.240878361377981826e-02
4.209077305411365266e+00 -1.192992000591880895e-02
4.209091312098662385e+00 -1.154236855274877113e-02
4.209102254930805920e+00 -1.123714250781693985e-02
4.209114933284798354e+00 -1.087994078401872088e-02
4.209126150379461251e+00 -1.056163871042685096e-02
4.209141181105633400e+00 -1.013197377819554865e-02
4.209150033587226503e+00 -9.876788890019186015e-03
4.209160337750889269e+00 -9.577761477684101216e-03
4.209169194770572275e+00 -9.318134531574968557e-03
4.209180485959618245e+00 -8.985749221714262741e-03
4.209187030470546098e+00 -8.791590570178052511e-03
4.209196807098462223e+00 -8.500013693472018364e-03
4.209204085231420756e+00 -8.282079914367556847e-03
4.209211992214918041e+00 -8.043283059743737765e-03
4.209218571903269535e+00 -7.843755913204901453e-03
4.209224615558209592e+00 -7.660126442979401165e-03
4.209231217088858834e+00 -7.457794909479497150e-03
4.209237954884557098e+00 -7.250572107770023207e-03
4.209245827892957870e+00 -7.007023624913270680e-03
4.209252181037991036e+00 -6.809156047809285413e-03
4.209259759531339462e+00 -6.571743793612057696e-03
4.209264652981345556e+00 -6.417728427758471153e-03
4.209271776526367859e+00 -6.192494724196374520e-03
4.209275526783592625e+00 -6.073220888602007782e-03
4.209280260699670428e+00 -5.922179525593381823e-03
4.209286033786922232e+00 -5.737267013250395460e-03
4.209290170193819236e+00 -5.604246694748188026e-03
4.209294730585546596e+00 -5.456849978459893565e-03
4.209299189046226353e+00 -5.312371525562348609e-03
4.209304533788938762e+00 -5.138177961706116501e-03
4.209308170139392402e+00 -5.019416710708741493e-03
4.209313206364615034e+00 -4.853738387315036616e-03
4.209317062186613612e+00 -4.726699246103147414e-03
4.209322112412905881e+00 -4.559640292661384063e-03
4.209324561038376267e+00 -4.478092221483030190e-03
4.209327938833852478e+00 -4.365378124974008192e-03
4.209332641034287725e+00 -4.207941309236940507e-03
4.209336690680917314e+00 -4.072004718692966846e-03
4.209340635318946866e+00 -3.938988853020468535e-03
4.209344757591034103e+00 -3.799682269771806429e-03
4.209348740123557420e+00 -3.664158633197757507e-03
4.209352207530733025e+00 -3.545894026214036106e-03
4.209355297992582123e+00 -3.439982371245242296e-03
4.209358434263960724e+00 -3.332708362849480695e-03
4.209362650284704799e+00 -3.187355954447329554e-03
4.209365602073526169e+00 -3.085275261401884683e-03
4.209369971136550426e+00 -2.933604539239960656e-03
4.209373759840812745e+00 -2.801677232114207442e-03
4.209375493156419346e+00 -2.741074239417851891e-03
4.209378859377095772e+00 -2.623233149033034600e-03
4.209381239383175100e+00 -2.539811470051604736e-03
4.209383609680874549e+00 -2.456448723253539055e-03
4.209385937009553658e+00 -2.374279448290298952e-03
4.209387919156627689e+00 -2.304232336757316285e-03
4.209389837340595797e+00 -2.236436490201865277e-03
4.209391463609272854e+00 -2.178689702577109050e-03
4.209392897557430402e+00 -2.127563959322860149e-03
4.209394627266645372e+00 -2.065887054446889030e-03
4.209396790404876576e+00 -1.988591025457329443e-03
4.209398121914735391e+00 -1.940926200457133250e-03
4.209400060819713296e+00 -1.871436790431985899e-03
4.209401192383507961e+00 -1.830819294093413924e-03
4.209402625059124325e+00 -1.779292806630727300e-03
4.209404455346906104e+00 -1.713401947160330015e-03
4.209405969610272358e+00 -1.658814309807979826e-03
4.209408151244808494e+00 -1.580052087611238552e-03
4.209409599057635454e+00 -1.527621379071881147e-03
4.209410893822376210e+00 -1.480616900835698057e-03
4.209412222004497828e+00 -1.432327241798300732e-03
4.209413136292245561e+00 -1.399093038955305469e-03
4.209414068391483355e+00 -1.365217433805824545e-03
4.209415198880292586e+00 -1.324159691983561697e-03
4.209416158737455227e+00 -1.289102154235125409e-03
4.209417359067164632e+00 -1.245337594762195663e-03
4.209418732349030634e+00 -1.194950926176629059e-03
4.209419702012083597e+00 -1.159480238757537671e-03
4.209420579869394885e+00 -1.127348744159782862e-03
4.209421499579047321e+00 -1.093587884995341798e-03
4.209422279202033046e+00 -1.064998020792158086e-03
4.209423048858663030e+00 -1.036630714237994026e-03
4.209423515660397186e+00 -1.019465961025456478e-03
4.209424325544182999e+00 -9.896702367607358025e-04
4.209425472623685494e+00 -9.474835625453563752e-04
4.209426336446275840e+00 -9.156474717522144514e-04
4.209427290358191520e+00 -8.804295552628883586e-04
4.209427917790304008e+00 -8.571986029993773062e-04
4.209428533263850802e+00 -8.343597381938655305e-04
4.209429115303225721e+00 -8.128270125254197362e-04
4.209429752309702621e+00 -7.892219290909620408e-04
4.209430425438193346e+00 -7.642195953087140090e-04
4.209431092931245288e+00 -7.394626880731817401e-04
4.209431685183368188e+00 -7.174209997955922078e-04
