4.000000000000000000e+00 4.000000000000000000e+00
2.373333333333335737e+00 4.133375605213932324e+00
8.543694021223400270e-01 4.116184573206290054e+00
-5.857837836739494541e-01 3.904667507533306825e+00
-1.950216653961576840e+00 3.637952525916691382e+00
-3.184528259447231502e+00 3.220856270287443923e+00
-4.254869009580865225e+00 2.703271546028060968e+00
-5.137510214795433683e+00 2.111055341700320831e+00
-5.802640967946737227e+00 1.467661516795424781e+00
-6.234601442687019102e+00 7.977306744316532416e-01
-6.400246364849238034e+00 2.932256104376499417e-01
-6.427646405834812171e+00 1.043283620080242141e-01
-6.432258936772417002e+00 4.518923769378659083e-02
-6.433664378843331200e+00 1.930908313502415971e-02
-6.434158117543763211e+00 8.072356256050893311e-03
-6.434377560850915501e+00 2.478676638598060252e-03
-6.434435346047586712e+00 9.265562026502569644e-04
-6.434456093203307248e+00 3.603781198853801175e-04
-6.434466143231605706e+00 8.430822165279990791e-05
-6.434467880943187446e+00 3.645638208264131454e-05
-6.434468790304313401e+00 1.139841956230849831e-05
-6.434469097950185734e+00 2.920258984373561533e-06
-6.434469175678909636e+00 7.777838471863261247e-07
-6.434469216111667222e+00 -3.367200086199901493e-07
-6.434469335026012260e+00 -3.614405935322517643e-06
-6.434469602533222421e+00 -1.098880356900334606e-05
-6.434470192216156015e+00 -2.724912178581807655e-05
-6.434471698284289332e+00 -6.879384622262554524e-05
-6.434475144585423578e+00 -1.639608633888553599e-04
-6.434485365751416275e+00 -4.470142271433220275e-04
-6.434509012803268035e+00 -1.106724116636605224e-03
-6.434559360495780034e+00 -2.534680018778323607e-03
-6.434670416972725349e+00 -5.806370064321424856e-03
-6.434921119239507270e+00 -1.396045066390551488e-02
-6.435446747395839218e+00 -3.820255322466045711e-02
-6.435450370751631510e+00 -9.115486484868061401e-02
-6.423584948764084146e+00 -2.718845356016355574e-01
-6.340583815872949280e+00 -6.408810480525931608e-01
-6.025201232301757415e+00 -1.233914151186592756e+00
-5.512090186296299876e+00 -1.758422025032966296e+00
-4.825835884940080867e+00 -2.198993558223264699e+00
-3.994898889472470849e+00 -2.544309517036046575e+00
-3.055572035356192373e+00 -2.784975665089692853e+00
-2.044684812908572180e+00 -2.917464764095847762e+00
-1.002091065374633772e+00 -2.940303362665773523e+00
3.426042920292406146e-02 -2.819659730315063229e+00
1.027831080114810947e+00 -2.632751648077720663e+00
1.938795037698228585e+00 -2.417098513230454326e+00
2.736989105771773456e+00 -2.074946676733960160e+00
3.413597966536245032e+00 -1.673110225731251566e+00
3.949787962090204552e+00 -1.228727184767454128e+00
4.323661717720563402e+00 -7.585065654492050280e-01
4.526505103070929792e+00 -2.886057101050425455e-01
4.557038246405907600e+00 -1.349401792301515579e-01
4.564269976765924497e+00 -7.226114015442323957e-02
4.567289157646287734e+00 -3.241933204979023653e-02
4.568146219526650675e+00 -1.664081450062382395e-02
4.568505281822459629e+00 -8.683000678679358986e-03
4.568681959741887511e+00 -4.302329258165584099e-03
4.568762116580075805e+00 -2.182081249816955528e-03
4.568808890357679786e+00 -9.001128414546952054e-04
4.568823074129459982e+00 -5.042033790176292905e-04
4.568831255119422785e+00 -2.743036904537235390e-04
4.568836644969079153e+00 -1.222281956446329230e-04
4.568839111962369692e+00 -5.244487830910314906e-05
4.568840167896556892e+00 -2.254423592320452886e-05
4.568840605466303550e+00 -1.014679014276982252e-05
4.568840845042037913e+00 -3.357962565778537119e-06
4.568840907741106072e+00 -1.581197099813946314e-06
4.568840942192742283e+00 -6.048748174350263208e-07
4.568840970354737685e+00 1.932586572448554108e-07
4.568840999510396017e+00 1.019568318766224525e-06
4.568841062067311221e+00 2.792753485502767317e-06
4.568841206136462496e+00 6.876452649447634688e-06
4.568841452650386437e+00 1.386461238611540403e-05
4.568841905898429978e+00 2.671624844935389714e-05
4.568842985750941388e+00 5.734557610971956882e-05
4.568845096321010324e+00 1.172766514011865650e-04
4.568849250786258587e+00 2.354866124305948728e-04
4.568855056898109446e+00 4.012011659252683266e-04
4.568867881292912436e+00 7.693800460162532632e-04
4.568899729129561216e+00 1.697207856222815144e-03
4.568960767977187309e+00 3.532816740288499159e-03
4.569111741166400620e+00 8.463877877303807584e-03
4.569322361051672665e+00 1.672908115406352564e-02
4.569513623331956431e+00 2.726746814373101277e-02
4.569639758160373155e+00 4.569236087368810234e-02
4.569326541100945605e+00 7.353033751009903363e-02
4.567595270553288067e+00 1.174332165305429221e-01
4.560943347261386727e+00 1.938041328272889774e-01
4.542177051372445540e+00 3.076552731643455996e-01
4.453111704051923248e+00 5.779724316831218456e-01
4.292594686882590160e+00 8.509729692769010256e-01
3.934110393135608952e+00 1.226556522084840672e+00
3.452558664564728375e+00 1.542758191270978685e+00
2.869160385081391595e+00 1.791214168078490765e+00
2.206950608798561753e+00 1.966134229994904503e+00
1.492759840683530292e+00 2.064277023167550684e+00
7.540500262027277634e-01 2.081417547085527175e+00
1.848944165853253288e-02 1.974362966578846024e+00
-6.876166353477437543e-01 1.843786023286526410e+00
-1.331290537002689289e+00 1.708875790245427906e+00
-1.891673113885774304e+00 1.496450568902705225e+00
-2.369589450143197329e+00 1.214822522386374670e+00
-2.756563212474222535e+00 9.028810101478333960e-01
-3.024848065716178702e+00 5.848667619749075008e-01
-3.171924317199164900e+00 2.919766882560429488e-01
-3.200933433229728564e+00 1.938009016077894830e-01
-3.215648303708268152e+00 1.217307097981549235e-01
-3.221761140700265535e+00 7.870460569746098867e-02
-3.224698045200201868e+00 5.035544867366516242e-02
-3.225691903519589232e+00 3.817806881122532553e-02
-3.226583478233600033e+00 2.503473695720533770e-02
-3.227129609826711043e+00 1.515921598279661685e-02
-3.227312753104231380e+00 1.133078401670067382e-02
-3.227489363825238655e+00 7.274382006136731124e-03
-3.227564938200604860e+00 5.398436611918848438e-03
-3.227644329937122247e+00 3.315865564260181420e-03
-3.227692105699803804e+00 1.998455419008705446e-03
-3.227724045872994552e+00 1.087067079015693449e-03
-3.227735277056645646e+00 7.602161187543398854e-04
-3.227746749903179779e+00 4.228376244729614773e-04
-3.227752526889448248e+00 2.515398480929387638e-04
-3.227756288045689370e+00 1.394903444630743103e-04
-3.227758043528499154e+00 8.705380407283979955e-05
-3.227759056439974295e+00 5.676106198334010582e-05
-3.227759561981084602e+00 4.162860115947857650e-05
-3.227760281533622599e+00 2.007793740460862898e-05
-3.227760568395210861e+00 1.148207655051677099e-05
-3.227760675350837438e+00 8.276140828612346936e-06
-3.227760754731859638e+00 5.896870302096829715e-06
-3.227760838861938097e+00 3.374474527111321382e-06
-3.227760891770994789e+00 1.788426819740618593e-06
-3.227760927474390584e+00 7.181324899795117209e-07
-3.227760949222220344e+00 6.607849600561094852e-08
-3.227760969786428014e+00 -5.503789204263817037e-07
-3.227760987763784062e+00 -1.089374964462939849e-06
-3.227761028807871746e+00 -2.320117322117571534e-06
-3.227761076767530657e+00 -3.757982503848989605e-06
-3.227761154966015678e+00 -6.102593086583219809e-06
-3.227761302221654027e+00 -1.051848497952937865e-05
-3.227761603664726753e+00 -1.956062605749112616e-05
-3.227762106633731864e+00 -3.465077572318522625e-05
-3.227762836800374124e+00 -5.657676145722145632e-05
-3.227764278948112686e+00 -9.991774988261008055e-05
-3.227765805873428206e+00 -1.458883254294274614e-04
-3.227768329568827088e+00 -2.220162368727091745e-04
-3.227771639367729151e+00 -3.221524015062210942e-04
-3.227777134276415438e+00 -4.891195968854673663e-04
-3.227784971036025574e+00 -7.288977258667129252e-04
-3.227811731060964195e+00 -1.562474860991429305e-03
-3.227842099304797596e+00 -2.538637595031830070e-03
-3.227880560179507530e+00 -3.826501672591861494e-03
-3.227937459641917251e+00 -5.854820186124336592e-03
-3.228035690258373336e+00 -9.821799827936825850e-03
-3.228143776322629055e+00 -1.534969529669709398e-02
-3.228259870714469404e+00 -2.655670994579090172e-02
-3.228133839699434571e+00 -4.596944997809749439e-02
-3.227364257897466171e+00 -7.083083199953908726e-02
-3.224732962448557227e+00 -1.101321604391982956e-01
-3.217399844715534751e+00 -1.694477900732407616e-01
-3.200587472291942515e+00 -2.508875653835764830e-01
-3.173374302707757000e+00 -3.386612688313729858e-01
-3.087908434824611970e+00 -5.160204858277026574e-01
-2.862633410910852660e+00 -7.922189216771596820e-01
-2.547015911164418611e+00 -1.028485500452048562e+00
-2.154649407596781252e+00 -1.218748867683121517e+00
-1.701290934138187882e+00 -1.358204708227886748e+00
-1.205579351968535384e+00 -1.443289708720105535e+00
-6.870722642686420967e-01 -1.448703108222453517e+00
-1.646804127174284760e-01 -1.373852416916347741e+00
3.380533094405028804e-01 -1.284537434857806248e+00
7.954514057086392587e-01 -1.196068763667510026e+00
1.194425815929039514e+00 -1.096418536708519742e+00
1.536522184295757709e+00 -9.463631735098227971e-01
1.823893724139531880e+00 -7.405136668307420456e-01
2.037757274647228112e+00 -5.262308909690299741e-01
2.125592716363274182e+00 -4.071817445879341579e-01
2.184076113356653970e+00 -3.039431921436903106e-01
2.228532295622986048e+00 -1.959042895210300339e-01
2.247439812375056079e+00 -1.280473450861273343e-01
2.254178337398121013e+00 -9.479294600258575398e-02
2.258700913599817728e+00 -6.574838614558480010e-02
2.261184508183708974e+00 -4.466206067551789505e-02
2.262282517586234665e+00 -3.276092049313707871e-02
2.262917847120827108e+00 -2.446189110429012117e-02
2.263257342537707828e+00 -1.932341666992726942e-02
2.263618163179477172e+00 -1.300624675853198110e-02
2.263803085882376553e+00 -9.251532003847371885e-03
2.263934397818280431e+00 -6.265835546300724257e-03
2.264019605415902969e+00 -4.134529399139271616e-03
2.264063081251599829e+00 -2.972089390319925493e-03
2.264096001949523540e+00 -2.051597205494743240e-03
2.264111943048742415e+00 -1.592060299899727624e-03
2.264124800039545082e+00 -1.214177597359883442e-03
2.264134832193012148e+00 -9.147140159010230765e-04
2.264142626113359924e+00 -6.791039012798346384e-04
2.264149025060291365e+00 -4.836614680849442077e-04
2.264152307036690459e+00 -3.827063064593108545e-04
2.264155252137071805e+00 -2.916727766106862771e-04
2.264157519082509396e+00 -2.213261213344786937e-04
2.264159634676836230e+00 -1.554779121537953153e-04
2.264160933132407738e+00 -1.149423455060022382e-04
2.264162017251596826e+00 -8.104773783347134783e-05
2.264162914285633210e+00 -5.295235861857855588e-05
2.264163493896532042e+00 -3.478079105391862713e-05
2.264163843537633891e+00 -2.381029561659930534e-05
2.264164062748785788e+00 -1.693011511891647346e-05
2.264164240781864290e+00 -1.134108281545259401e-05
2.264164361600276454e+00 -7.546414098448933786e-06
2.264164437237687455e+00 -5.170643894048415848e-06
2.264164480471567931e+00 -3.812596635922244712e-06
2.264164514318986132e+00 -2.749376523760214141e-06
2.264164548264047561e+00 -1.682940620537962040e-06
2.264164567996464594e+00 -1.063121214664745438e-06
2.264164582108430857e+00 -6.197742759622759552e-07
2.264164593419034421e+00 -2.644529708035652176e-07
2.264164603175292889e+00 4.200849672029791294e-08
2.264164616199125124e+00 4.511043704559897906e-07
2.264164638997961276e+00 1.167344388495192513e-06
2.264164656567698497e+00 1.719309682872169675e-06
2.264164685213188921e+00 2.619426528067311964e-06
2.264164723187239492e+00 3.812811028550640797e-06
2.264164810269321038e+00 6.549882793668627809e-06
2.264164884333873307e+00 8.877714176765701167e-06
2.264164992036362012e+00 1.226261769797582627e-05
2.264165171605949656e+00 1.790869127799576491e-05
2.264165371246330327e+00 2.418661366382577065e-05
2.264165739076965611e+00 3.576057150763923751e-05
2.264166124319253459e+00 4.789002549331932611e-05
2.264166659883454891e+00 6.476614665374690895e-05
2.264167447960354629e+00 8.962245800516823217e-05
2.264168505140506937e+00 1.230084872353897556e-04
2.264170163750615306e+00 1.755032281958917922e-04
2.264172337228949949e+00 2.445028581573502596e-04
2.264175138602017689e+00 3.337857126256659596e-04
2.264179780493873029e+00 4.826150034764183040e-04
2.264187382330955511e+00 7.288027797518344640e-04
2.264197228128889794e+00 1.052362160685134732e-03
2.264205785529839421e+00 1.338145005081794580e-03
2.264225505299526375e+00 2.013526738662908041e-03
2.264245084519135975e+00 2.709907333414053859e-03
2.264275186584495447e+00 3.837531056642212550e-03
2.264302884487104262e+00 4.948684936338127761e-03
2.264338971775989862e+00 6.530384789984736670e-03
2.264381737021464502e+00 8.681755864234440290e-03
2.264441689896794951e+00 1.266289203490050461e-02
2.264479187356819967e+00 1.711837367654443082e-02
2.264481010654361359e+00 2.294119445027529083e-02
2.264396652360946227e+00 3.091442459388074604e-02
2.264006356452092472e+00 4.488054379238215486e-02
2.263573194837707803e+00 5.419944626231766593e-02
2.261966174193396295e+00 7.654410321857002542e-02
2.257557795619772545e+00 1.132963586509038306e-01
2.248897197061471953e+00 1.592347486375738641e-01
2.233717534577960961e+00 2.144161153022885180e-01
2.207438869503167922e+00 2.825272202193132576e-01
2.154738950057566438e+00 3.793034600643219734e-01
2.064052860944630918e+00 4.961800620491055858e-01
1.860756465640944768e+00 6.713816534596840357e-01
1.600974197345289340e+00 8.153100730428060050e-01
1.295751645532261298e+00 9.226977912711024077e-01
9.565714688366004914e-01 9.763343961328562193e-01
5.972715491097685403e-01 9.616489826189313916e-01
2.346075695475923484e-01 9.109352335873558415e-01
-1.104938728847834478e-01 8.529839847827157540e-01
-4.215322428452825676e-01 7.955778269777219469e-01
-6.933246065161905447e-01 7.380837911401492146e-01
-9.274201723599304614e-01 6.746762501015366453e-01
-1.044805944797101649e+00 6.297058258548325904e-01
-1.199918225038696384e+00 5.485723594834698291e-01
-1.305249407331211975e+00 4.681086985565187653e-01
-1.405413811393784851e+00 3.622564399469841989e-01
-1.458327297550944257e+00 2.857205514031729843e-01
-1.500695686511408500e+00 2.040814447180346047e-01
-1.520512299230413200e+00 1.521968793075793580e-01
-1.530779805646832248e+00 1.167721401339210791e-01
-1.537224320943233691e+00 8.789688827133745885e-02
-1.540550166667944643e+00 6.876740849710941128e-02
-1.542174641294741022e+00 5.738722144115768892e-02
-1.543741187611560983e+00 4.389251186327685489e-02
-1.544656637806280264e+00 3.372882366081507433e-02
-1.544992901963798015e+00 2.917533759859898199e-02
-1.545355429870554298e+00 2.336315426604135964e-02
-1.545581189435918157e+00 1.894446415992290939e-02
-1.545740622817050269e+00 1.514814996555552233e-02
-1.545862897222600285e+00 1.152662398682210293e-02
-1.545930186787384919e+00 9.032099497554593043e-03
-1.545963508610261217e+00 7.555331064440404601e-03
-1.545988336629187998e+00 6.283194166628168487e-03
-1.546010414642134734e+00 4.955937793206758625e-03
-1.546028618279062572e+00 3.624947161785674159e-03
-1.546036149223410039e+00 2.968170674004496756e-03
-1.546042975065350600e+00 2.283543254738025670e-03
-1.546045743459066868e+00 1.971029480709277082e-03
-1.546049674394461171e+00 1.477403484156794913e-03
-1.546052158892760264e+00 1.123555517355289942e-03
-1.546054102343356274e+00 8.142232441484475395e-04
-1.546055020620753728e+00 6.547855831965467867e-04
-1.546055776206443078e+00 5.155272097478972183e-04
-1.546056389261381003e+00 3.962478217724190637e-04
-1.546056752549453295e+00 3.224442111865848397e-04
-1.546057019578889635e+00 2.665726792327836468e-04
-1.546057281225919899e+00 2.103441233746337826e-04
-1.546057511649778338e+00 1.595319288899390891e-04
-1.546057621835664087e+00 1.347731343864567207e-04
-1.546057728671980325e+00 1.104742829459724919e-04
-1.546057842521204151e+00 8.424229329513520566e-05
-1.546057906677894334e+00 6.930215798198488357e-05
-1.546057961749075726e+00 5.638567853479986997e-05
-1.546057993091406679e+00 4.899431227839385694e-05
-1.546058035655989205e+00 3.891152283754679004e-05
-1.546058066425828548e+00 3.158822122986360773e-05
-1.546058091936237000e+00 2.549511838673251457e-05
-1.546058116217569056e+00 1.967722494383306601e-05
-1.546058136120348259e+00 1.489324702078172488e-05
-1.546058148577200253e+00 1.189445490866585314e-05
-1.546058157419609724e+00 9.762713372007960784e-06
-1.546058166207625151e+00 7.640720006737400949e-06
-1.546058173886817988e+00 5.784766680837894644e-06
-1.546058178887714574e+00 4.574945634494855460e-06
-1.546058182686692817e+00 3.656182008319948264e-06
-1.546058186003783419e+00 2.853031590895241902e-06
-1.546058190021168066e+00 1.879842529058200897e-06
-1.546058191927888625e+00 1.417745259818252204e-06
-1.546058193425106753e+00 1.054800795078941850e-06
-1.546058195004987201e+00 6.717392337103934854e-07
-1.546058196476273405e+00 3.149565104951435932e-07
-1.546058197689166525e+00 2.081446956283076270e-08
-1.546058198376949244e+00 -1.460464400972273296e-07
-1.546058199536466171e+00 -4.273266467177578377e-07
-1.546058200882501454e+00 -7.538619684430866345e-07
-1.546058202775261847e+00 -1.213124434808671662e-06
-1.546058205887820280e+00 -1.968901536268414969e-06
-1.546058209714925580e+00 -2.898289474079683346e-06
-1.546058212748340210e+00 -3.635232395308876738e-06
-1.546058219358979802e+00 -5.242013012124115037e-06
-1.546058225621645965e+00 -6.765422839041918816e-06
-1.546058235125470359e+00 -9.081251908122682788e-06
-1.546058247694558574e+00 -1.214832798223348408e-05
-1.546058262584377507e+00 -1.578796505578526079e-05
-1.546058279596551621e+00 -1.995524699573268548e-05
-1.546058308568530881e+00 -2.707115897386822088e-05
-1.546058342784317530e+00 -3.551260423072319649e-05
-1.546058371879138083e+00 -4.272561822509577913e-05
-1.546058425940328496e+00 -5.620369821417771507e-05
-1.546058470435127008e+00 -6.736808203369645505e-05
-1.546058543388514561e+00 -8.582833841225762713e-05
-1.546058623471132210e+00 -1.063092576706794318e-04
-1.546058701007474001e+00 -1.263738551424294066e-04
-1.546058824418091060e+00 -1.588104207288288706e-04
-1.546058954092594417e+00 -1.935659139864048784e-04
-1.546059107844200087e+00 -2.357460751210048780e-04
-1.546059331363562439e+00 -2.991201277790593561e-04
-1.546059498440431890e+00 -3.482425562989624251e-04
-1.546059665252575099e+00 -3.989413227624050064e-04
-1.546059929736873562e+00 -4.832055625931571253e-04
-1.546060361032439268e+00 -6.330309482812337312e-04
-1.546060881390171504e+00 -8.430282322719849638e-04
-1.546061534624329825e+00 -1.196116127050996132e-03
-1.546061862486160621e+00 -1.485169135641870725e-03
-1.546062010445940604e+00 -1.850456126639010148e-03
-1.546061744084648248e+00 -2.338178869302526448e-03
-1.546060680692360467e+00 -2.941509554359134256e-03
-1.546058034835953388e+00 -3.737331035643632129e-03
-1.546054731580838615e+00 -4.403702870248987246e-03
-1.546047556007905666e+00 -5.448810715138674085e-03
-1.546032271202216757e+00 -7.012619940477527770e-03
-1.546014218297427023e+00 -8.393579761964916480e-03
-1.545956196372617608e+00 -1.158482745862793144e-02
-1.545816163874253357e+00 -1.668503246709082330e-02
-1.545620409950240637e+00 -2.172113430423952898e-02
-1.545453488888231641e+00 -2.515007831166876304e-02
-1.544899703014416037e+00 -3.394158213087223458e-02
-1.544070939676798426e+00 -4.371150131272290990e-02
-1.542963037918189562e+00 -5.392487669362967112e-02
-1.541100730984013456e+00 -6.752593880246528235e-02
-1.539412761581398170e+00 -7.771860257170919162e-02
-1.536829449686604621e+00 -9.100479727488311465e-02
-1.530737341304156729e+00 -1.161482408879029177e-01
-1.520994999632719669e+00 -1.470900250925570030e-01
-1.508022256058060284e+00 -1.794649100796371632e-01
-1.491313232469956729e+00 -2.131527644451825798e-01
-1.466806889903091937e+00 -2.532031309226972504e-01
-1.424745123702345406e+00 -3.071851784673744756e-01
-1.369896573160865882e+00 -3.612231376302412200e-01
-1.288133314958991082e+00 -4.213217486408574186e-01
-1.198910733369307646e+00 -4.680901282632806693e-01
-1.062632887009678839e+00 -5.143456654300738728e-01
-8.659884939035420448e-01 -5.440621997725264558e-01
-6.864019527151226097e-01 -5.432918940452808876e-01
-5.442508701485729850e-01 -5.320143737068059320e-01
-3.325504714208600832e-01 -5.073868474277584140e-01
-1.817228122338866159e-01 -4.857157851916144020e-01
-6.791274011452756720e-02 -4.678303148252857535e-01
8.308121526651082722e-02 -4.422107695348089784e-01
1.913997396454200639e-01 -4.222250825944963148e-01
2.780702400601849922e-01 -4.050016909234221418e-01
3.569716152160908873e-01 -3.881157482210437770e-01
4.193638118615753974e-01 -3.736466672411385415e-01
4.918988677743237337e-01 -3.551700621297367855e-01
5.409504169778303062e-01 -3.413170166726965382e-01
5.874669703445337676e-01 -3.268166208546056661e-01
6.174705112007193852e-01 -3.165859277736745581e-01
6.565103866205275196e-01 -3.019248992106972618e-01
6.987044889771102385e-01 -2.838577369554408647e-01
7.364121059354442611e-01 -2.650378559027840031e-01
7.653748633388762768e-01 -2.481066698878755250e-01
7.845834966941223065e-01 -2.352385684772398677e-01
8.118231485475104758e-01 -2.138224961584754003e-01
8.228280140193214853e-01 -2.036928023517096953e-01
8.349955541280357219e-01 -1.910145349206887611e-01
8.451103020869190630e-01 -1.788494884960781239e-01
8.550483351045027325e-01 -1.647211627908752307e-01
8.598626121384794763e-01 -1.567102932245019176e-01
8.649875332556056229e-01 -1.468382016096961562e-01
8.682336708887735677e-01 -1.394828330429895569e-01
8.717343729521976892e-01 -1.299514791578313400e-01
8.741641050830226689e-01 -1.215587979034819105e-01
8.758179757224621165e-01 -1.140610488146804324e-01
8.768002585509215852e-01 -1.080035884304715033e-01
8.774540645546273776e-01 -1.020362045471040618e-01
8.778142628371263800e-01 -9.536555810218805274e-02
8.777823559254936958e-01 -8.884820022714742804e-02
8.774822693434420895e-01 -8.366331753097100421e-02
8.769229867308144799e-01 -7.838088511753742160e-02
8.763348893878859514e-01 -7.443229431648780425e-02
8.755802419745457588e-01 -7.039652211638770807e-02
8.745653281070761009e-01 -6.594774437280821744e-02
8.737389685651671956e-01 -6.283379820119810999e-02
8.723872119545005299e-01 -5.838359881945559549e-02
8.715087162728831771e-01 -5.580166504035389413e-02
8.705278398399275419e-01 -5.313332752508769657e-02
8.695273972433928966e-01 -5.060462408430926873e-02
8.687952114123385083e-01 -4.885742241073604691e-02
8.678280072633950404e-01 -4.666336170889524154e-02
8.665228008173181395e-01 -4.387207911173970215e-02
8.655448714952940215e-01 -4.190002390625212347e-02
8.642140496555343887e-01 -3.934969319319941289e-02
8.633414995774449929e-01 -3.775428955450675639e-02
8.621732350514956789e-01 -3.570057167477460464e-02
8.611953053005269032e-01 -3.404781719686165997e-02
8.601095261742932596e-01 -3.227679761687090448e-02
8.590646498062227687e-01 -3.062779998401727460e-02
8.580385315292233805e-01 -2.905917257498866202e-02
8.574889131627957406e-01 -2.823889695973328187e-02
8.566312506826939677e-01 -2.698535781996281441e-02
8.558697764158047505e-01 -2.589626670643778092e-02
8.550863648164014341e-01 -2.479608704806073732e-02
8.540858454956555823e-01 -2.342742653549019852e-02
8.533918359526464492e-01 -2.249890986724985970e-02
8.523299446869174734e-01 -2.110898307122653292e-02
8.514582024238748215e-01 -1.999424250266918640e-02
8.508355515918915035e-01 -1.921120222522033211e-02
8.501659973909937440e-01 -1.838140115714918116e-02
8.496019151764486743e-01 -1.769146720511408435e-02
8.488732009446243731e-01 -1.681328406287449159e-02
8.482426792296248186e-01 -1.606365575229598899e-02
8.477702796515411698e-01 -1.550861315146046145e-02
8.471281135298291964e-01 -1.476260958470159042e-02
8.465844359575223077e-01 -1.413774973144991259e-02
8.461318828161148442e-01 -1.362310241902447983e-02
8.456616601242397113e-01 -1.309340636026449893e-02
8.452518554400649808e-01 -1.263552978436980299e-02
8.447092978056549573e-01 -1.203480861400308896e-02
8.441624176952662317e-01 -1.143633216377472166e-02
8.438247348197756015e-01 -1.106938991442538156e-02
8.434363588482987062e-01 -1.065048181226459223e-02
8.429399076895718323e-01 -1.011965078425058721e-02
8.424362047409126308e-01 -9.584671512999335188e-03
8.420174831663048698e-01 -9.144588733663168781e-03
8.416827808955532619e-01 -8.795831217386102657e-03
8.413493204557840333e-01 -8.449855052530132193e-03
8.409888852147712202e-01 -8.078356331388737710e-03
8.406056049633421345e-01 -7.685299574469237407e-03
8.401967998508133029e-01 -7.268707343513416616e-03
8.398265888900490195e-01 -6.894322020031320823e-03
8.395867962278322771e-01 -6.653436502124632224e-03
8.392676076659660866e-01 -6.333996233947075845e-03
8.390097732330222824e-01 -6.077222249809361744e-03
8.388269797210025081e-01 -5.895777858248809310e-03
8.385849318796062546e-01 -5.656389743737554564e-03
8.382792158034291230e-01 -5.355387195004009983e-03
8.380411247765047200e-01 -5.122234363704425766e-03
8.378286911486342303e-01 -4.914837710865916504e-03
8.375407016017425432e-01 -4.635318599779381793e-03
8.374118283236887672e-01 -4.510536995521239982e-03
8.371918189314563330e-01 -4.298967201518359184e-03
8.370155460644073120e-01 -4.129339177538312276e-03
8.368520935687779883e-01 -3.972583370911315567e-03
8.366895300262157109e-01 -3.816876314994229347e-03
8.365430184352137255e-01 -3.677018883313121645e-03
8.364239839705698287e-01 -3.563476908731182634e-03
8.362411143935297719e-01 -3.389809086103826030e-03
8.361151414482411726e-01 -3.270293115801152593e-03
8.359793793407767071e-01 -3.141939880973321046e-03
8.358386173918844753e-01 -3.009147477737541578e-03
8.356884006909711671e-01 -2.867709525262061680e-03
8.355545982075308631e-01 -2.741937178699838627e-03
8.354254266474975266e-01 -2.620801224956617863e-03
8.353262531484656472e-01 -2.527915920583392873e-03
8.352221920453255510e-01 -2.430669146501041652e-03
8.351189333845234763e-01 -2.334256008264611482e-03
8.349994404568759077e-01 -2.222779855923319881e-03
8.349051207513775719e-01 -2.134881483641162207e-03
8.348242145907551759e-01 -2.059882322262501265e-03
8.347474546592498212e-01 -1.988588969116441511e-03
8.346595368497234935e-01 -1.907145189047030915e-03
8.345768232565361489e-01 -1.830669458253172651e-03
8.344592641108894426e-01 -1.721917628993989815e-03
8.343601802856609462e-01 -1.630416257594726132e-03
8.342844767914423532e-01 -1.560716473598805542e-03
8.342147984681611561e-01 -1.496483208060359581e-03
8.341621731367019343e-01 -1.448108393422139735e-03
8.341160696505907080e-01 -1.405773236168297293e-03
8.340618032910286361e-01 -1.356022788339791797e-03
8.340116854521238965e-01 -1.310046766201913154e-03
8.339504949911147325e-01 -1.253939078041026254e-03
8.339032776429383675e-01 -1.210682778269516575e-03
8.338520327278011735e-01 -1.163821817215024380e-03
8.337829768195453850e-01 -1.100717991214318061e-03
8.337193677007024295e-01 -1.042663055151475280e-03
8.336602782888893337e-01 -9.888551161017001580e-04
8.336157735550575598e-01 -9.482728357628452190e-04
8.335846724289134313e-01 -9.199656657711729113e-04
8.335459423618731822e-01 -8.847343128825279138e-04
8.334820292620721549e-01 -8.264979099646123806e-04
8.334246048033430165e-01 -7.743353907249789746e-04
8.333844111849528780e-01 -7.377954258816801477e-04
8.333473440973225843e-01 -7.041818086335329763e-04
8.333130957497165703e-01 -6.731086048915595373e-04
8.332782498069262189e-01 -6.414978708101666928e-04
8.332531903403024298e-01 -6.187965377797686496e-04
8.332239456658289134e-01 -5.922909680141187150e-04
8.331880445264436830e-01 -5.597683088243291579e-04
8.331621414848549012e-01 -5.363402391917256214e-04
8.331445367590625262e-01 -5.204156095617471986e-04
8.331204573134908253e-01 -4.986470656534422756e-04
8.330953059389406556e-01 -4.759009847233795732e-04
8.330794402478681748e-01 -4.615584770337713590e-04
8.330597424961236896e-01 -4.437661340915924910e-04
8.330381748605979464e-01 -4.243013657340484360e-04
8.330179950691291024e-01 -4.060872117566227246e-04
8.330034126819868545e-01 -3.929216665764916094e-04
8.329827944033857401e-01 -3.742826195006433623e-04
8.329630062886165254e-01 -3.564278685670039452e-04
8.329417368048187553e-01 -3.372405065134283578e-04
8.329246492378266087e-01 -3.218062204476774212e-04
8.329006658258290008e-01 -3.001862695983607550e-04
8.328890958243672094e-01 -2.897584117556725129e-04
8.328732658275925793e-01 -2.754849007117356045e-04
8.328600681083218049e-01 -2.636023963190608360e-04
8.328466705082929744e-01 -2.515302713492977124e-04
8.328369642063541134e-01 -2.427831898088970302e-04
8.328214465470544781e-01 -2.288161975705658231e-04
8.328091115755525964e-01 -2.177157291934648045e-04
8.328005161508659215e-01 -2.099676770412996555e-04
8.327906168234593398e-01 -2.010724206126243761e-04
8.327814784118374725e-01 -1.928526693477549325e-04
8.327743254053379118e-01 -1.864169455033742829e-04
8.327657335792121307e-01 -1.786882723658261352e-04
8.327589678693116948e-01 -1.726042646727867012e-04
8.327500702570034274e-01 -1.646050911264885846e-04
8.327419283381868320e-01 -1.572857185259392233e-04
8.327349209925311024e-01 -1.509845317902960740e-04
8.327280374477573632e-01 -1.447905653958831080e-04
8.327218178510416013e-01 -1.392039923061626563e-04
8.327152782647501139e-01 -1.333322723970625106e-04
8.327073038574394070e-01 -1.261704107707377841e-04
8.327017418489717215e-01 -1.211679609669500578e-04
8.326948497686414985e-01 -1.149644020375508395e-04
8.326896406837908104e-01 -1.102852078678066589e-04
8.326850530993851196e-01 -1.061625577699799471e-04
8.326804801495215624e-01 -1.020523699448844777e-04
8.326763888608764708e-01 -9.837778544817511132e-05
8.326724298867232976e-01 -9.482228522117628852e-05
8.326688018937321578e-01 -9.156719718101801343e-05
8.326652215925475220e-01 -8.834759609777708225e-05
8.326620605910148853e-01 -8.550603235106628817e-05
8.326565509666384868e-01 -8.055725375839506940e-05
8.326535885335332177e-01 -7.790017800045454140e-05
8.326503367036681702e-01 -7.498416899909804000e-05
8.326470913711280231e-01 -7.207534343297978510e-05
8.326445291403604676e-01 -6.977523653505968864e-05
8.326414825927578311e-01 -6.704157312790914240e-05
8.326382407935479790e-01 -6.413177876715038940e-05
8.326363097115615508e-01 -6.239886456945847306e-05
8.326328124457132995e-01 -5.925585443966626515e-05
8.326289778450850498e-01 -5.581374489208422852e-05
8.326265555632712534e-01 -5.364093159580214312e-05
8.326242868798924279e-01 -5.160554988211259978e-05
8.326221041433196079e-01 -4.964868875492726730e-05
8.326199138476522155e-01 -4.768254223608734511e-05
8.326178389399248037e-01 -4.581780189830059527e-05
8.326148416477718861e-01 -4.312635924117307762e-05
8.326125031401072629e-01 -4.103057320670293339e-05
8.326101054249578359e-01 -3.887669538252305339e-05
8.326085534045313263e-01 -3.748460830979484531e-05
8.326072280547655025e-01 -3.629562924514894432e-05
8.326055116356206875e-01 -3.475339133332572039e-05
8.326035675112903878e-01 -3.300750720140144755e-05
8.326023464876397551e-01 -3.191291603681794837e-05
8.326011116430430681e-01 -3.080494864287466791e-05
8.325999577158074150e-01 -2.976959281364683379e-05
8.325983157086359610e-01 -2.829928048923311204e-05
8.325972010505177101e-01 -2.729798920780771761e-05
8.325955786541338055e-01 -2.584351304907294499e-05
8.325941818600171018e-01 -2.459063341917696962e-05
8.325930781200782116e-01 -2.360092320896163816e-05
8.325919737127052134e-01 -2.260923705772841736e-05
8.325910145901785908e-01 -2.174805944796882458e-05
8.325895100573356133e-01 -2.040106628681209548e-05
8.325886461429360397e-01 -1.962795527599194972e-05
8.325877306102136277e-01 -1.880637495792894246e-05
8.325865602424546985e-01 -1.775646732145294207e-05
8.325855965326335317e-01 -1.689239003560396646e-05
8.325848976169214488e-01 -1.626620580875328260e-05
8.325842024018617060e-01 -1.564375463600200177e-05
8.325833140711926816e-01 -1.484647004833529699e-05
8.325824282812922528e-01 -1.405131677352721724e-05
8.325818010748176068e-01 -1.348957588429801982e-05
8.325811617257723452e-01 -1.291723792435328611e-05
8.325805716600417350e-01 -1.238881373879258010e-05
8.325800315792263318e-01 -1.190492047029274991e-05
8.325793910805429077e-01 -1.133004692347733780e-05
8.325788347266248612e-01 -1.083053567733310633e-05
8.325781850315665533e-01 -1.024728064714787069e-05
8.325774956474071287e-01 -9.629169620657736730e-06
8.325771293860786404e-01 -9.300627143197678261e-06
8.325765269450065009e-01 -8.760702980999391352e-06
8.325759527035515584e-01 -8.246032933349651224e-06
8.325755080013438336e-01 -7.846912593293569379e-06
8.325751404225282259e-01 -7.517944872376590620e-06
8.325747414439518268e-01 -7.159654898734285990e-06
8.325742967072786715e-01 -6.761303219288141859e-06
8.325739023946392425e-01 -6.407479826849769225e-06
8.325736063675608367e-01 -6.142011711994909274e-06
8.325732430160954767e-01 -5.815828846557811114e-06
8.325729085216985181e-01 -5.515711487046529462e-06
8.325725583728295076e-01 -5.201351337954210413e-06
8.325723004465704902e-01 -4.970023738669835545e-06
8.325720657204523922e-01 -4.759533800584060263e-06
8.325717775694561062e-01 -4.500763997637525188e-06
8.325716178905870901e-01 -4.357668524670143215e-06
8.325713126819186405e-01 -4.083869153233090972e-06
8.325710788445883637e-01 -3.874290877436076441e-06
8.325708747961299006e-01 -3.691291570501707613e-06
8.325707362865621963e-01 -3.567011593931618846e-06
8.325705471966201587e-01 -3.397773105374418690e-06
8.325703220917013425e-01 -3.195867939687880993e-06
8.325701795255995297e-01 -3.067856385166698585e-06
8.325699539181438125e-01 -2.865512925386857004e-06
8.325698094871066823e-01 -2.735922906455819144e-06
8.325695536725012946e-01 -2.506561255536264202e-06
8.325693860746470332e-01 -2.356032125242617699e-06
8.325692390057697345e-01 -2.224131242067279036e-06
8.325690608999223308e-01 -2.064412427501478614e-06
8.325689571772412201e-01 -1.971462467197561543e-06
8.325688400391197952e-01 -1.866601779955417424e-06
8.325686623960992794e-01 -1.707143078598534148e-06
8.325685124881918586e-01 -1.572821496579757046e-06
8.325683573330051601e-01 -1.433846370410746822e-06
8.325682376069351021e-01 -1.326320792361089876e-06
8.325681054741986831e-01 -1.207935919333346503e-06
8.325680123462410043e-01 -1.124445251426412392e-06
8.325679337712812433e-01 -1.053878611433591932e-06
8.325678511324057229e-01 -9.799649942976901582e-07
8.325677555644224181e-01 -8.941575385303457218e-07
8.325676595089089860e-01 -8.079812246761298682e-07
8.325675748093275264e-01 -7.320465927776297868e-07
8.325674753878006262e-01 -6.427720784055381449e-07
8.325674152338405909e-01 -5.888106444814813170e-07
8.325673457293852886e-01 -5.264735162247326883e-07
8.325672779045255600e-01 -4.655939806437446828e-07
8.325671907848339881e-01 -3.874490344047466288e-07
8.325671035187042213e-01 -3.092365351230078308e-07
8.325670291975656445e-01 -2.425901296189865797e-07
8.325669588230925067e-01 -1.794754856286126075e-07
8.325668950040928662e-01 -1.222908064663462221e-07
8.325668294179962015e-01 -6.351047836414595352e-08
8.325667588750859105e-01 -2.500444679092883408e-10
8.325667215536840526e-01 3.320940567972127196e-08
8.325666830393292361e-01 6.776104106301198225e-08
8.325666300981071632e-01 1.152675203487432533e-07
8.325665625330199715e-01 1.758151750505550978e-07
8.325664927314448960e-01 2.384327571783126581e-07
8.325664280632035785e-01 2.964335457998345343e-07
8.325663683945971894e-01 3.499109799597249028e-07
8.325663037616244377e-01 4.078746025289616233e-07
8.325662421112181022e-01 4.631681083206813303e-07
8.325661781150230922e-01 5.205202198832818334e-07
8.325661347865798145e-01 5.593229408603040270e-07
8.325660407047968947e-01 6.436996052016494512e-07
8.325659627520770600e-01 7.137035348829577850e-07
8.325659047139075675e-01 7.657787325176792983e-07
8.325657953610950957e-01 8.638243561625854736e-07
8.325657152675824957e-01 9.357347667545130265e-07
8.325656331597203197e-01 1.009404776147098693e-06
8.325655331765370315e-01 1.099059341657462091e-06
8.325654432052889131e-01 1.179755371891928143e-06
8.325653638026166981e-01 1.250931504046680510e-06
8.325652718734370961e-01 1.333321393422277054e-06
8.325651856216959024e-01 1.410799654794730697e-06
8.325650622426989944e-01 1.521317741757383858e-06
8.325648996482055697e-01 1.667477140391069819e-06
8.325647258065012046e-01 1.823322667596324679e-06
8.325646283670140591e-01 1.910605085564182910e-06
8.325645191082754470e-01 2.008584090025134237e-06
8.325643886010242189e-01 2.125256868895879677e-06
8.325642523136623785e-01 2.247209228216580259e-06
8.325641313368252749e-01 2.355837601070107948e-06
8.325640154752609323e-01 2.459899097987613263e-06
8.325638525873002571e-01 2.605684686691528738e-06
8.325636942168759269e-01 2.747823891983366848e-06
8.325634816432010421e-01 2.938249658373157843e-06
8.325633368800549050e-01 3.067939370017739172e-06
8.325630870161071506e-01 3.292064316193990389e-06
8.325628308507921904e-01 3.521598197074722712e-06
8.325626744800747048e-01 3.661753647168895747e-06
8.325624294141517057e-01 3.881714384036650391e-06
8.325621902958195708e-01 4.095941597577160678e-06
8.325619415954635949e-01 4.318850176320577361e-06
8.325617393326978366e-01 4.500165447636765743e-06
8.325613502697424284e-01 4.849057704971934488e-06
8.325610674717621729e-01 5.102829473877671990e-06
8.325607863426631727e-01 5.354717574074085911e-06
8.325604958680724588e-01 5.615114213081315615e-06
8.325601885988046513e-01 5.890680187906467139e-06
8.325598142843537719e-01 6.226427489947588768e-06
8.325594803604230432e-01 6.525872976828728432e-06
8.325590417972120738e-01 6.919250333310087022e-06
8.325586595511084154e-01 7.261905451080512451e-06
8.325581643494093242e-01 7.705797100705361654e-06
8.325578450611974546e-01 7.991996647868738275e-06
8.325574729620631720e-01 8.325344172315663215e-06
8.325570068887432340e-01 8.744166855301861163e-06
8.325565209522196586e-01 9.180436086487821573e-06
8.325559702402260953e-01 9.674037444292952196e-06
8.325554284254383930e-01 1.015995297593826296e-05
8.325548339728712222e-01 1.069262211168762830e-05
8.325542355855242160e-01 1.122988407649879492e-05
8.325532977048590855e-01 1.207246066197598477e-05
8.325527049746767050e-01 1.260389758946542023e-05
8.325520912001622698e-01 1.315395013125143434e-05
8.325515416922336653e-01 1.364634742149489263e-05
8.325508940331822760e-01 1.422761714832679114e-05
8.325502183599704509e-01 1.483360935520191053e-05
8.325495887950733476e-01 1.539820627155495883e-05
8.325489784417935413e-01 1.594545458244397046e-05
8.325481497550513144e-01 1.668795446552458236e-05
8.325471475964961732e-01 1.758809447528289775e-05
8.325464070458911126e-01 1.825040311224884564e-05
8.325456253754067726e-01 1.895149219046964376e-05
8.325445832975411076e-01 1.988648645868095000e-05
8.325436700257987654e-01 2.070419998936320156e-05
8.325422659240344636e-01 2.196106407873284447e-05
8.325413828766800028e-01 2.275160147011403650e-05
8.325399793542824778e-01 2.400965552401111719e-05
8.325385499637032449e-01 2.528923461310416995e-05
8.325374794167103021e-01 2.624751844232873818e-05
8.325364113508031405e-01 2.720378849555265405e-05
8.325351697952354524e-01 2.831898393541874948e-05
8.325337259214765639e-01 2.961234722218041441e-05
8.325322187933447138e-01 3.096242551771454887e-05
8.325304922494637383e-01 3.250715698621374099e-05
8.325290708122807803e-01 3.377890653198378508e-05
8.325274676383980221e-01 3.521639155786568317e-05
8.325261692141384673e-01 3.638083380143228410e-05
8.325240631944131886e-01 3.826839403209183338e-05
8.325224311291086199e-01 3.973155751670724847e-05
8.325205121281525900e-01 4.145041882703603893e-05
8.325190699399400707e-01 4.274194848131662922e-05
8.325166872963023490e-01 4.487670646255155320e-05
8.325140768199567054e-01 4.721350685214736024e-05
8.325119795401041412e-01 4.909440747779292313e-05
8.325096968162524202e-01 5.114126740889385331e-05
8.325072733462223207e-01 5.330947670894015225e-05
8.325047497930239127e-01 5.556746290588249475e-05
8.325018162281929701e-01 5.819688851939166428e-05
8.324984357320182049e-01 6.122793426639787590e-05
8.324952777332831344e-01 6.405773664187916874e-05
8.324923444906915382e-01 6.668997464717013861e-05
8.324887420923333670e-01 6.991406114840938331e-05
8.324858102869380216e-01 7.253996888208635461e-05
8.324817598251329498e-01 7.616659096632283626e-05
8.324783777024057363e-01 7.919448496470255254e-05
8.324749532165260923e-01 8.226880012786318174e-05
8.324714486370683453e-01 8.540789348489837647e-05
8.324663658742327277e-01 8.995920632174782381e-05
8.324615366280677664e-01 9.427924893958375982e-05
8.324564304176533813e-01 9.885013600988208529e-05
8.324515524165286839e-01 1.032223937522038111e-04
8.324456305418794777e-01 1.085245164588274794e-04
8.324396238680807913e-01 1.139044591781849489e-04
8.324338526459267307e-01 1.190691643547089684e-04
8.324248021040494550e-01 1.271684362239746801e-04
8.324169973267053768e-01 1.341481647494331480e-04
8.324113228852209057e-01 1.392178358658017502e-04
8.324053006510342412e-01 1.446090622730508354e-04
8.323987054004703401e-01 1.505016948203347733e-04
8.323925967686841565e-01 1.559603841943306098e-04
8.323839453387100740e-01 1.636985443938588670e-04
8.323747780274224350e-01 1.719034832259677551e-04
8.323637801590288987e-01 1.817464575485781722e-04
8.323515815372647397e-01 1.926417163923586169e-04
8.323415622942857972e-01 2.016195797274172711e-04
8.323289656864503172e-01 2.128733087103513424e-04
8.323180515866945850e-01 2.226148749069696467e-04
8.323084131133030583e-01 2.312262228759025598e-04
8.322961371623742721e-01 2.421801865718930960e-04
8.322871369659861074e-01 2.502134991402686116e-04
8.322760117086047682e-01 2.601418944769203498e-04
8.322600528529365826e-01 2.743943811662450131e-04
8.322437161653131188e-01 2.889724199697922026e-04
8.322345406610753837e-01 2.971702585033934711e-04
8.322202750725847809e-01 3.098886197175239592e-04
8.322013664199511274e-01 3.267335994013297355e-04
8.321908791344073686e-01 3.360814812452019560e-04
8.321752336152962171e-01 3.500132947952660362e-04
8.321570857750882899e-01 3.661749788935133752e-04
8.321422431635501216e-01 3.794128017728815722e-04
8.321218950343158838e-01 3.975276597585757380e-04
8.321013321821635333e-01 4.158590871971198357e-04
8.320888314626134763e-01 4.270016896998406284e-04
8.320706289541530687e-01 4.432358313373938844e-04
8.320528716961196336e-01 4.590643323466859463e-04
8.320300372499708219e-01 4.794159610665722077e-04
8.320087224862747766e-01 4.983392035255911155e-04
8.319751132762872592e-01 5.282229694064835383e-04
8.319519150031727817e-01 5.488832670140851144e-04
8.319206667234759767e-01 5.766261915293008876e-04
8.318912167708245597e-01 6.027847598473592755e-04
8.318550715681561902e-01 6.348393979131593430e-04
8.318182825634619082e-01 6.675043170264842451e-04
8.317874546323995588e-01 6.947890188194464538e-04
8.317531980182728546e-01 7.251205164015241860e-04
8.317294133756747421e-01 7.461659232791293880e-04
8.316914893160977096e-01 7.797234345937550416e-04
8.316487660692342132e-01 8.174538807473265192e-04
8.316027286748766123e-01 8.580834061546398044e-04
8.315732613308076671e-01 8.841174143406892736e-04
8.315294942584120497e-01 9.227863811522168686e-04
8.314816317083939534e-01 9.650125923529105469e-04
8.314295872635993900e-01 1.010922271374230415e-03
8.313662256637105452e-01 1.066701273558172403e-03
8.312994717360708830e-01 1.125494943596140780e-03
8.312298296502299566e-01 1.186657979365595599e-03
8.311586533155493894e-01 1.249140040816359770e-03
8.311134474304365805e-01 1.288843193829422584e-03
8.310561603812532949e-01 1.339114089048827746e-03
8.309810822714222001e-01 1.404917204381363497e-03
8.308876084146922247e-01 1.486807469641750114e-03
8.308272289255349552e-01 1.539610878390803303e-03
8.307449921760470257e-01 1.611457014919700842e-03
8.306552194656221522e-01 1.689632301250638090e-03
8.305762966471340603e-01 1.758280962333481651e-03
8.304874357980109867e-01 1.835531580167839606e-03
8.303883391886115461e-01 1.921642350241597108e-03
8.303099229781805146e-01 1.989818400310839133e-03
8.302230633468166143e-01 2.065194390268967114e-03
8.301411918170054083e-01 2.136047794481065430e-03
8.300481777664523442e-01 2.216436876024958317e-03
8.299587157763340661e-01 2.293768737397515727e-03
8.298137210835855315e-01 2.418590988547768359e-03
8.296779749334844967e-01 2.535411199866029110e-03
8.295948371298925705e-01 2.606787216439925177e-03
8.294652932601696005e-01 2.717829943157011856e-03
8.293021791692469780e-01 2.857265683630917392e-03
8.292106437457390511e-01 2.935481494797305760e-03
8.290331232027765562e-01 3.086743293048945652e-03
8.287816504936272866e-01 3.300269621438032316e-03
8.285838576778361553e-01 3.467989828682913837e-03
8.283861963187454380e-01 3.634920909171478372e-03
8.281682819145262942e-01 3.818299313055746949e-03
8.279756792865202719e-01 3.980004720311511486e-03
8.277441540039846002e-01 4.174135437680056085e-03
8.274656079713457180e-01 4.406558429512708909e-03
8.271956186772323472e-01 4.631129126491250955e-03
8.269171680190963158e-01 4.861926910290558998e-03
8.266010128121910050e-01 5.122250565330737151e-03
8.263128748556538561e-01 5.359168823028544713e-03
8.260320714712757750e-01 5.589182619643594946e-03
8.257041128121830331e-01 5.856546240794635767e-03
8.253904353558803031e-01 6.110643814392068343e-03
8.250414294403424220e-01 6.392253896242186019e-03
8.247126420373906974e-01 6.656125880958110863e-03
8.243440268158668260e-01 6.951416397853145586e-03
8.239486264797062365e-01 7.265869504234443582e-03
8.236173649797738916e-01 7.528623285886711786e-03
8.231491909504975446e-01 7.897240216962822523e-03
8.226633049250566820e-01 8.277773832390608252e-03
8.222197360850224124e-01 8.622672578470273047e-03
8.217665561202194269e-01 8.974095141818473273e-03
8.213139165337095537e-01 9.322395039125717237e-03
8.208424159923224384e-01 9.683419446263564698e-03
8.203322117615972076e-01 1.007068599637069191e-02
8.198188264905579281e-01 1.045869301279713469e-02
8.191372868209326752e-01 1.096915896383902390e-02
8.183249351750948586e-01 1.157308847625296115e-02
8.177601187444385467e-01 1.198846271390538454e-02
8.169033658788588115e-01 1.261379939457667534e-02
8.162019318067115226e-01 1.312225543852505762e-02
8.154842566894326961e-01 1.363750935278671035e-02
8.145154354250978557e-01 1.432385344098374876e-02
8.136711029313054011e-01 1.491693342561538523e-02
8.127353855388853576e-01 1.556792714517636969e-02
8.116890268801729702e-01 1.628690491008908878e-02
8.110706659028159571e-01 1.670762235690753661e-02
8.101200985092947837e-01 1.734845342967371307e-02
8.088411431009046026e-01 1.819975756515611331e-02
8.079967550445110724e-01 1.875435715821936050e-02
8.068522703932415885e-01 1.949820219252558495e-02
8.055761234563026951e-01 2.031794425090693509e-02
8.042495184446732948e-01 2.115667484253231853e-02
8.029852901125232867e-01 2.194590121524943663e-02
8.019654491185472800e-01 2.257339750211713111e-02
8.008203396322760570e-01 2.327015388032645238e-02
7.988619603618241083e-01 2.444359570055422773e-02
7.972587452518797857e-01 2.538734453092274246e-02
7.961763614505417141e-01 2.601611212218137015e-02
7.941711194611985603e-01 2.716295169976907023e-02
7.926320895349819873e-01 2.802809003634866916e-02
7.904068182763183126e-01 2.925695275420181832e-02
7.890327442241649170e-01 3.000119471040641958e-02
7.870804866326954752e-01 3.103995887583532731e-02
7.855555739023895034e-01 3.183864176227173964e-02
7.834707170928334463e-01 3.291168800978236386e-02
7.808877467195387556e-01 3.421050495175974315e-02
7.781838528348374862e-01 3.554078860252479766e-02
7.764603855855861658e-01 3.637023455690978346e-02
7.732633545280381826e-01 3.787461188065257417e-02
7.712522744357930282e-01 3.879847227846185825e-02
7.694820710318811541e-01 3.959867302283223700e-02
7.675983043006062712e-01 4.043840194138089567e-02
7.649733898350626893e-01 4.158404341365633944e-02
7.614457222171729933e-01 4.308462040170550622e-02
7.575355878484814065e-01 4.469751014518008603e-02
7.545738683233497168e-01 4.588285555098783886e-02
7.508036736652049514e-01 4.734990224032550182e-02
7.469587227587949352e-01 4.879697170046037868e-02
7.419662741842072418e-01 5.061098152602945544e-02
7.376532744443285994e-01 5.212226836926844853e-02
7.335198093773530603e-01 5.352257930185488205e-02
7.295314328594808551e-01 5.483382230577506927e-02
7.253912994319983154e-01 5.615331496315283805e-02
7.207664346967888047e-01 5.757012104972390049e-02
7.167298418787994008e-01 5.876702152222044312e-02
7.115347077725255875e-01 6.025100004180189428e-02
7.048098155571879131e-01 6.209151551098763405e-02
7.012816699188609837e-01 6.301884097421989184e-02
6.976750927582107131e-01 6.393616375729074819e-02
6.926702082027301755e-01 6.517342361027009257e-02
6.873384334679841778e-01 6.644326503719272248e-02
6.824344009922432841e-01 6.756494014059898079e-02
6.756607417625430934e-01 6.904347798448727536e-02
6.698740348146567936e-01 7.024907616085895867e-02
6.625093195430006299e-01 7.170666948794056361e-02
6.558491849676046925e-01 7.295493211985981663e-02
6.491417250273554540e-01 7.414767856054839401e-02
6.412411582858202896e-01 7.547730583141144811e-02
6.338438544277249509e-01 7.664456365519838055e-02
6.261085735156267651e-01 7.780055652431418223e-02
6.190145709959551379e-01 7.879538601593882863e-02
6.106323301200018427e-01 7.989889844388155249e-02
6.018916926841549886e-01 8.097452608480934511e-02
5.979132922913088510e-01 8.143672281567691795e-02
5.907105150006435323e-01 8.223180464154004887e-02
5.849196373330819432e-01 8.284432774034078406e-02
5.774879841121813850e-01 8.357102539498000027e-02
5.685417486775801166e-01 8.439050156858636520e-02
5.587628352656762720e-01 8.520647621240071135e-02
5.500087411596406017e-01 8.587183712105042610e-02
5.412992342445041016e-01 8.648310706985269658e-02
5.319902539902251482e-01 8.706549762952671412e-02
5.248222090148940699e-01 8.747320622307161453e-02
5.150647144527366050e-01 8.797556312493390318e-02
5.071990551103648937e-01 8.833231829308241245e-02
4.972404858748758483e-01 8.872934517349025108e-02
4.888083913124978142e-01 8.901297531763779913e-02
4.823205137548786103e-01 8.920525435960167948e-02
4.757954337844643167e-01 8.937498940923874202e-02
4.674950468711434048e-01 8.955878473447416444e-02
4.563654858634053624e-01 8.974731341851691080e-02
4.482374099594552685e-01 8.984963738476377249e-02
4.410676510571498454e-01 8.990725337594887567e-02
4.323725516967600879e-01 8.995157056803079754e-02
4.248778208898246200e-01 8.995311156158831978e-02
4.180703922584161347e-01 8.993918771910811016e-02
4.099178209363602554e-01 8.988844838388262981e-02
4.018382187837614139e-01 8.981341790862486241e-02
3.948702643718027816e-01 8.972198665031105858e-02
3.890544070326694137e-01 8.963398575431466564e-02
3.825031261172440189e-01 8.951857281253347565e-02
3.755607515089041115e-01 8.937208754837570879e-02
3.697741862672274671e-01 8.923949256426953747e-02
3.636041985313969715e-01 8.908881935902751570e-02
3.589849733661981124e-01 8.896640008988115911e-02
3.514213068313958299e-01 8.875375828598223993e-02
3.456755593911946534e-01 8.857035827300097086e-02
3.381879883886142468e-01 8.832380243783428952e-02
3.318700400559745911e-01 8.809478542584010807e-02
