4.000000000000000000e+00 4.000000000000000000e+00
3.057910198352198350e+00 4.077182859198591025e+00
1.869117863176387839e+00 4.123253164686520478e+00
3.638409370716575997e-01 4.053892046357815637e+00
-6.363820078450359574e-01 3.875880793397572521e+00
-1.587474223989080002e+00 3.690190454175189760e+00
-2.296354174108431678e+00 3.496600106595276536e+00
-2.988376715353759483e+00 3.246678033907006711e+00
-3.644418054917893279e+00 2.956158906629633876e+00
-4.316205155499678092e+00 2.594231023566835326e+00
-4.657805271841833239e+00 2.375523101305305307e+00
-4.917235357266142692e+00 2.188525200198086385e+00
-5.155155789187921833e+00 1.996864563372418244e+00
-5.353478056765833770e+00 1.818648238746030321e+00
-5.577972860020950385e+00 1.589423169792939294e+00
-5.729328870521132266e+00 1.412175982583494749e+00
-5.825181138396472669e+00 1.287100936414792507e+00
-5.909291286861355630e+00 1.166162609570474684e+00
-5.984069499788541968e+00 1.047288825327116424e+00
-6.031262522359980949e+00 9.648942516473479891e-01
-6.090599533788338071e+00 8.506866844194117538e-01
-6.130619431808170816e+00 7.646587331706414803e-01
-6.159884576069586615e+00 6.955838774666694979e-01
-6.194476295187159920e+00 6.046463314248428089e-01
-6.207862040359272804e+00 5.659409754873352405e-01
-6.227871287774290998e+00 5.032014006511676962e-01
-6.243668161281438422e+00 4.481410678119149837e-01
-6.256982368550327855e+00 3.966149923694397561e-01
-6.267027770847719559e+00 3.534628414608017577e-01
-6.276386017224659497e+00 3.087073790905399129e-01
-6.281764597454053245e+00 2.803046953925286133e-01
-6.287030309229406200e+00 2.499380163497297580e-01
-6.292148460299899604e+00 2.171661905949416604e-01
-6.295469221717794106e+00 1.935888578793354131e-01
-6.298403501801280058e+00 1.706804972036454759e-01
-6.301027239359745735e+00 1.479939319051890578e-01
-6.302846873127109006e+00 1.306203230941780646e-01
-6.304254095379668854e+00 1.159538422400930857e-01
-6.305338117319268854e+00 1.037047598686942629e-01
-6.306130258927622911e+00 9.410067662598622928e-02
-6.307050022468740913e+00 8.207528740976140214e-02
-6.307587862904831866e+00 7.451546643253792457e-02
-6.308179501462046979e+00 6.562352404202738410e-02
-6.308611142145548634e+00 5.868283361488434852e-02
-6.308966567242142887e+00 5.261550375482056813e-02
-6.309262042961046646e+00 4.728650558674521442e-02
-6.309567391511572865e+00 4.144920162700709010e-02
-6.309723223773923806e+00 3.832352062804653126e-02
-6.309903801879737983e+00 3.455620845196484547e-02
-6.310074562971409229e+00 3.083374810416661047e-02
-6.310230579279494378e+00 2.727389443456253518e-02
-6.310344543523203065e+00 2.456783331245473295e-02
-6.310456433828915301e+00 2.181061202689837594e-02
-6.310553415027904123e+00 1.933310068046199814e-02
-6.310629819194261358e+00 1.731728427357738867e-02
-6.310693922568137992e+00 1.557685967524576921e-02
-6.310762748291878665e+00 1.365547814792781971e-02
-6.310816135154205142e+00 1.212444082593883490e-02
-6.310866548159894229e+00 1.064358293744378098e-02
-6.310898593047806315e+00 9.682922499544258446e-03
-6.310933551077318349e+00 8.616435517548261605e-03
-6.310971585675417828e+00 7.433064308373800964e-03
-6.310991056861428028e+00 6.817840971685207481e-03
-6.311017407458775708e+00 5.974537299359710882e-03
-6.311041689810508615e+00 5.186188934156934528e-03
-6.311057137405419404e+00 4.678545417428544087e-03
-6.311074322163508832e+00 4.108352266222723564e-03
-6.311085127939090711e+00 3.746812022823819630e-03
-6.311097692609625831e+00 3.323132164793449195e-03
-6.311108822352555769e+00 2.944962888941204254e-03
-6.311119845560660302e+00 2.567771868611733264e-03
-6.311127037178057009e+00 2.320116180791016378e-03
-6.311135113438427702e+00 2.040694788784011646e-03
-6.311141462072089148e+00 1.820059190512510888e-03
-6.311146147992416466e+00 1.656653099001074167e-03
-6.311149917079074356e+00 1.524815011847574465e-03
-6.311153910058507677e+00 1.384685677293607132e-03
-6.311158530403490730e+00 1.222125393527491314e-03
-6.311163348875894030e+00 1.052130629011941787e-03
-6.311166918358306788e+00 9.257269255104278241e-04
-6.311169107268429279e+00 8.480716560369934388e-04
-6.311171406456129063e+00 7.663539384037234333e-04
-6.311173919499377227e+00 6.769125388478792939e-04
-6.311176413945196906e+00 5.879395008054178568e-04
-6.311178125115159077e+00 5.268461622723882116e-04
-6.311179526722370703e+00 4.767186929516453362e-04
-6.311181545244633817e+00 4.044488506629715556e-04
-6.311182641838811058e+00 3.651447984430431534e-04
-6.311183690971298610e+00 3.275157170486373828e-04
-6.311184346763202058e+00 3.039808403932513811e-04
-6.311185487822760010e+00 2.629917476887442141e-04
-6.311186307471754908e+00 2.335433216230865989e-04
-6.311187133446985342e+00 2.038421009355349453e-04
-6.311187780932226765e+00 1.805603495988954252e-04
-6.311188358916694163e+00 1.597560942866842475e-04
-6.311188779353558154e+00 1.446133920451212265e-04
-6.311189138205497429e+00 1.316877846639567633e-04
-6.311189536383991161e+00 1.173447772815829900e-04
-6.311189815760611665e+00 1.072795859002007252e-04
-6.311190136406817253e+00 9.571549168928486918e-05
-6.311190385908866496e+00 8.672034402290431721e-05
-6.311190596587565871e+00 7.912932192746167893e-05
-6.311190860835929506e+00 6.960136700234816217e-05
-6.311191072228972132e+00 6.197751156802054943e-05
-6.311191273678788960e+00 5.471070962861304953e-05
-6.311191457127093507e+00 4.809053570756073815e-05
-6.311191580863616757e+00 4.362543893790570611e-05
-6.311191747718483569e+00 3.760556750641598218e-05
-6.311191864769818416e+00 3.337806593692345386e-05
-6.311191965678564664e+00 2.973732545540079523e-05
-6.311192055737583573e+00 2.648653236924795239e-05
-6.311192154583065594e+00 2.291598248593761756e-05
-6.311192212734877849e+00 2.081767001427647964e-05
-6.311192277441476151e+00 1.848247476890773432e-05
-6.311192333535416310e+00 1.645782774327401405e-05
-6.311192378977333206e+00 1.481780820561423001e-05
-6.311192424608243812e+00 1.317016013097584604e-05
-6.311192462371651324e+00 1.180686951945517142e-05
-6.311192501167824709e+00 1.040567518591245718e-05
-6.311192542835630803e+00 8.902484416333465971e-06
-6.311192577547246607e+00 7.649269150571171976e-06
-6.311192598308374535e+00 6.899608766076951048e-06
-6.311192620299616252e+00 6.105259936587752936e-06
-6.311192650001466120e+00 5.032133778286326772e-06
-6.311192667819877755e+00 4.388741651802215173e-06
-6.311192683715465712e+00 3.815015239590057351e-06
-6.311192699837429920e+00 3.232906599377278540e-06
-6.311192717524265028e+00 2.593808772236557352e-06
-6.311192726330808966e+00 2.276001496282401022e-06
-6.311192736301888040e+00 1.915931134914516713e-06
-6.311192745071358523e+00 1.598990573008539218e-06
-6.311192753205145500e+00 1.305351493126753757e-06
-6.311192758754088139e+00 1.104900399952800752e-06
-6.311192766113614461e+00 8.390705477000819764e-07
-6.311192770942350982e+00 6.648354091255328092e-07
-6.311192776500497814e+00 4.640356232896939724e-07
-6.311192780593422924e+00 3.162575441394018094e-07
-6.311192784356197016e+00 1.803282906288290726e-07
-6.311192788172001578e+00 4.250165734005422662e-08
-6.311192791082265607e+00 -6.266474793208653747e-08
-6.311192793675743040e+00 -1.562942246155903018e-07
-6.311192798889181610e+00 -3.446053884834175441e-07
-6.311192803186094658e+00 -4.997554029003214507e-07
-6.311192809064445797e+00 -7.118378351361803804e-07
-6.311192815044358362e+00 -9.278550879214073805e-07
-6.311192822955354664e+00 -1.213709560065244909e-06
-6.311192829941957072e+00 -1.466098473929512038e-06
-6.311192836640990400e+00 -1.708164205559751848e-06
-6.311192848098249542e+00 -2.121731830236148976e-06
-6.311192862288065974e+00 -2.634200011184427293e-06
-6.311192877873222251e+00 -3.196951422175064154e-06
-6.311192892609966520e+00 -3.729499041206635646e-06
-6.311192906446135176e+00 -4.229200403074883613e-06
-6.311192925774082418e+00 -4.927405250407498045e-06
-6.311192943610020478e+00 -5.571940444517367439e-06
-6.311192978841081214e+00 -6.844536123932419932e-06
-6.311193003992577211e+00 -7.753020420297189230e-06
-6.311193042740174342e+00 -9.153072985688565178e-06
-6.311193067644312649e+00 -1.005230632377391415e-05
-6.311193103588391473e+00 -1.135084924833019096e-05
-6.311193147769717626e+00 -1.294601126590034002e-05
-6.311193190589207802e+00 -1.449297478837321755e-05
-6.311193245986853384e+00 -1.649409078770133641e-05
-6.311193287266625873e+00 -1.798496419989568907e-05
-6.311193354385160603e+00 -2.041024798925106836e-05
-6.311193426093283598e+00 -2.300054471438741301e-05
-6.311193492827322338e+00 -2.540956642294190588e-05
-6.311193563879430535e+00 -2.797683303060742694e-05
-6.311193636443242383e+00 -3.059916120047142456e-05
-6.311193755619692425e+00 -3.490851504972345706e-05
-6.311193859554331098e+00 -3.866503356794454281e-05
-6.311194037168847082e+00 -4.508152530879286791e-05
-6.311194224263897645e+00 -5.184036132110862418e-05
-6.311194371300857142e+00 -5.715477857420950676e-05
-6.311194509973805822e+00 -6.216951115330502005e-05
-6.311194741243650874e+00 -7.053580048560679724e-05
-6.311194964857619105e+00 -7.862151857527247727e-05
-6.311195243066181071e+00 -8.868714022355761862e-05
-6.311195472476955004e+00 -9.698960020429597535e-05
-6.311195710926536862e+00 -1.056218384815789114e-04
-6.311196060466821578e+00 -1.182725477900826446e-04
-6.311196361792608123e+00 -1.291867026113214384e-04
-6.311196657067696059e+00 -1.398752417864309900e-04
-6.311197094338910851e+00 -1.557101471425570210e-04
-6.311197851382734036e+00 -1.831434923665811048e-04
-6.311198498499279275e+00 -2.066001447936530134e-04
-6.311199221896139022e+00 -2.328380267872084605e-04
-6.311200307375369967e+00 -2.722512137835677182e-04
-6.311201269382590517e+00 -3.071948300771566959e-04
-6.311202293319481349e+00 -3.444486097325744544e-04
-6.311203329652781413e+00 -3.821221567651876755e-04
-6.311204396368978564e+00 -4.209308225899471910e-04
-6.311205767691411950e+00 -4.709124702611725932e-04
-6.311207009355085162e+00 -5.162032413559968381e-04
-6.311208350187238914e+00 -5.651575237533467333e-04
-6.311209889559743047e+00 -6.213973967083630864e-04
-6.311212012600512011e+00 -6.991004394410395718e-04
-6.311214294233489674e+00 -7.826778181005724895e-04
-6.311216633863865333e+00 -8.685938399481095158e-04
-6.311218968854870326e+00 -9.544973000344918320e-04
-6.311221075395495816e+00 -1.032161364588879025e-03
-6.311224754384888946e+00 -1.168034824490485303e-03
-6.311227989777886016e+00 -1.287847534257316288e-03
-6.311231773290786329e+00 -1.428347807357383155e-03
-6.311236397171212431e+00 -1.600527941814338133e-03
-6.311241161271588851e+00 -1.778622048589277886e-03
-6.311245912089015420e+00 -1.956823589458040868e-03
-6.311251601211074203e+00 -2.171146120530440763e-03
-6.311256960924200854e+00 -2.374030366384888204e-03
-6.311266603834766009e+00 -2.741325216567484183e-03
-6.311275978986626178e+00 -3.101129372834212933e-03
-6.311281813507003235e+00 -3.326295315991511115e-03
-6.311288442079443506e+00 -3.583650735174101574e-03
-6.311302964747963706e+00 -4.152521833180477899e-03
-6.311313128086755597e+00 -4.555078475161017902e-03
-6.311326235497928039e+00 -5.079381633171340012e-03
-6.311337362606714407e+00 -5.529501833485235725e-03
-6.311359676379773020e+00 -6.445933022967966115e-03
-6.311371091359227137e+00 -6.922796460131438318e-03
-6.311389373370855260e+00 -7.697380162484781900e-03
-6.311405322625035730e+00 -8.385165413832908893e-03
-6.311425659721615844e+00 -9.279646997109881543e-03
-6.311448841614453187e+00 -1.032320571582872465e-02
-6.311491966159437972e+00 -1.234374096724691859e-02
-6.311523448699986716e+00 -1.389087040219566180e-02
-6.311553612554894777e+00 -1.543942676707313506e-02
-6.311575950772159160e+00 -1.663334413265648085e-02
-6.311614555498504586e+00 -1.880596458305416191e-02
-6.311653729745631658e+00 -2.118126501081734822e-02
-6.311697984893875457e+00 -2.413151962108600265e-02
-6.311730572261587291e+00 -2.654743958870780379e-02
-6.311761907109974423e+00 -2.913814623364583897e-02
-6.311797277939838580e+00 -3.253700301330635092e-02
-6.311836401862281676e+00 -3.737184215184732178e-02
-6.311855359226599127e+00 -4.062547562808180995e-02
-6.311867956597858154e+00 -4.375379568471880060e-02
-6.311876436057493933e+00 -5.041637026097314095e-02
-6.311870127322289470e+00 -5.419916893324151774e-02
-6.311848045714596900e+00 -5.944341534155046097e-02
-6.311773539526916110e+00 -6.848529805392045144e-02
-6.311673707037643410e+00 -7.618805202609169047e-02
-6.311551570232953878e+00 -8.331217940697918656e-02
-6.311404640485461570e+00 -9.026600665913613042e-02
-6.311246240794772255e+00 -9.662540148306769661e-02
-6.310886499157482454e+00 -1.085874386677264380e-01
-6.310293872106316648e+00 -1.242147669927726322e-01
-6.309838579288049587e+00 -1.342813757120005225e-01
-6.308953788998496570e+00 -1.510070444914533572e-01
-6.307587733062301361e+00 -1.724178989747212898e-01
-6.306230807442411823e+00 -1.904760439414327211e-01
-6.303051484111170666e+00 -2.256185212499095261e-01
-6.300487827843831212e+00 -2.494512311639822122e-01
-6.297755671111556097e+00 -2.720278819281455318e-01
-6.293943235148238280e+00 -3.000748170513844459e-01
-6.288504614501869483e+00 -3.352679493233440278e-01
-6.281603309853656114e+00 -3.743150054102125646e-01
-6.270084513669932136e+00 -4.304308619520291201e-01
-6.256935432006169862e+00 -4.854095002196193165e-01
-6.244729247931876337e+00 -5.305992271292951923e-01
-6.228717421606891236e+00 -5.838207718589715212e-01
-6.207969713121059385e+00 -6.452769386846071153e-01
-6.186808506208073766e+00 -7.015767536400553395e-01
-6.153403570635924247e+00 -7.808986388475459561e-01
-6.118257094298998666e+00 -8.551220758269487687e-01
-6.063634908500995735e+00 -9.570865477954129119e-01
-6.015104846738823063e+00 -1.037611341629237183e+00
-5.934296134040350168e+00 -1.156581633354757388e+00
-5.849977497300050011e+00 -1.265593692262835246e+00
-5.730080819349599786e+00 -1.401590886939555469e+00
-5.641638284557525473e+00 -1.490994140795790290e+00
-5.480606170914929187e+00 -1.635480504812861779e+00
-5.337114927578858747e+00 -1.748851449893350063e+00
-5.198299497817117754e+00 -1.847473082172991221e+00
-4.979519159290896724e+00 -1.985298247415387962e+00
-4.804687251120516756e+00 -2.082493753055110641e+00
-4.493152816068803901e+00 -2.232534944453658188e+00
-4.080091534611238302e+00 -2.395112056565522618e+00
-3.780066549633190220e+00 -2.491814336295422372e+00
-3.282863514849824860e+00 -2.619700814787738530e+00
-2.776667162315026527e+00 -2.713598036155485449e+00
-2.338219778580137742e+00 -2.769380927181073648e+00
-1.874624470645825713e+00 -2.804790052956630753e+00
-1.141219949664081579e+00 -2.817575775301138563e+00
-5.228702442023862584e-01 -2.772172035050187944e+00
-1.574274623435779341e-01 -2.714221077695324169e+00
2.963917344463076198e-01 -2.631672377961647769e+00
7.083085471991424908e-01 -2.554352676488873097e+00
1.235566178596369191e+00 -2.449805158187016829e+00
1.566521865043887018e+00 -2.369275609098655977e+00
1.943062629865605295e+00 -2.243068372720852022e+00
2.217028241241689734e+00 -2.129027040699954743e+00
2.537177508698208683e+00 -1.976750777545422277e+00
2.751862942679602853e+00 -1.861975419218851124e+00
2.939095758116039292e+00 -1.752417423277579989e+00
3.173493476961977589e+00 -1.600332515204192951e+00
3.332892043505083279e+00 -1.485007195378461375e+00
3.461913968904264838e+00 -1.382419894970232432e+00
3.581617215212346217e+00 -1.278241696493767732e+00
3.692259469208536427e+00 -1.172314636434252266e+00
3.781735786047800918e+00 -1.078161538314552192e+00
3.869089284229536130e+00 -9.768575894397384385e-01
3.927214730830276057e+00 -9.030082242909470702e-01
3.969642271067159278e+00 -8.448707245943475330e-01
4.014656551131745132e+00 -7.784734844236258500e-01
4.042777596876989676e+00 -7.340041267590261542e-01
4.070606290055576615e+00 -6.871974656628714317e-01
4.099546642467324808e+00 -6.350375895922050207e-01
4.124395724191240120e+00 -5.868181001306066458e-01
4.142380465911858600e+00 -5.494271060856400490e-01
4.163439667353169504e+00 -5.023666321514383970e-01
4.174705399532397720e+00 -4.753910636958097458e-01
4.187306392548993728e+00 -4.434546353904929017e-01
4.198191207290432381e+00 -4.140639646225383053e-01
4.208390273679982307e+00 -3.846845133971901753e-01
4.217562354119606560e+00 -3.563977871654794294e-01
4.224916930036194174e+00 -3.321525984622858418e-01
4.230730952757829400e+00 -3.117896054373320847e-01
4.240131087435826451e+00 -2.761143255364262861e-01
4.246343154479267135e+00 -2.501479494404599824e-01
4.251107142234827663e+00 -2.285062164289369813e-01
4.254464457443849490e+00 -2.121451594270282737e-01
4.257901827827808461e+00 -1.941929452421774227e-01
4.259585949090517687e+00 -1.848673926773398146e-01
4.262022768845878495e+00 -1.706255790367264547e-01
4.263660188022330821e+00 -1.604880669729404075e-01
4.265692164134892828e+00 -1.471114769316519411e-01
4.267346075749033574e+00 -1.354507575558832888e-01
4.268708560475312552e+00 -1.252066583214139495e-01
4.269744124057606172e+00 -1.169603919574053880e-01
4.270981451205752677e+00 -1.064700922471745748e-01
4.271879583464458285e+00 -9.834424069282052261e-02
4.272605047419424373e+00 -9.139052485253348901e-02
4.273343132390555077e+00 -8.390025630274322577e-02
4.273891950893776936e+00 -7.801032332752870502e-02
4.274227730217370791e+00 -7.424633258386080514e-02
4.274617433122516630e+00 -6.970879620819737943e-02
4.274951486476707530e+00 -6.565527596259849996e-02
4.275423785677139321e+00 -5.962882820347586987e-02
4.275890609472621229e+00 -5.325563612772466621e-02
4.276242838355496012e+00 -4.811729013730284277e-02
4.276458254145112825e+00 -4.480938701046998512e-02
4.276613058128601708e+00 -4.234138076183234511e-02
4.276843904854906064e+00 -3.850644282949769459e-02
4.277028395166720287e+00 -3.528718596085628906e-02
4.277203961764526774e+00 -3.207734916569209699e-02
4.277337825287791162e+00 -2.951949258230563561e-02
4.277445901216117896e+00 -2.737671992123878392e-02
4.277530212210751692e+00 -2.564891938378762240e-02
4.277653315327260231e+00 -2.303280695812314621e-02
4.277740303982159986e+00 -2.110836316089945847e-02
4.277800269596993665e+00 -1.974019886101262972e-02
4.277878476029473909e+00 -1.790255000572906277e-02
4.277920719733103283e+00 -1.688136614330494265e-02
4.277972019583351937e+00 -1.561219008296639565e-02
4.278022524433023221e+00 -1.432983332739013425e-02
4.278072988256448106e+00 -1.301210643132390266e-02
4.278101100906343213e+00 -1.226167537852433827e-02
4.278128584374166543e+00 -1.151594612555048580e-02
4.278158096929520759e+00 -1.070153370271273614e-02
4.278196178578696163e+00 -9.626323434794574474e-03
4.278224168963379093e+00 -8.818576817555316694e-03
4.278245687513582141e+00 -8.187560504544107859e-03
4.278270314115609985e+00 -7.453300981883801204e-03
4.278289308449330086e+00 -6.877507089544144386e-03
4.278307168449163811e+00 -6.327820007371465043e-03
4.278321632063067703e+00 -5.876869722211322707e-03
4.278335335388326222e+00 -5.445254747971963946e-03
4.278351094154654533e+00 -4.942809410808142109e-03
4.278361976743534356e+00 -4.591879727608935008e-03
4.278373461232479968e+00 -4.217737006106520720e-03
4.278382292790303687e+00 -3.927518913443087296e-03
4.278392405190630576e+00 -3.592533224361421987e-03
4.278400111092854452e+00 -3.334950128246291345e-03
4.278409082536596131e+00 -3.032887941529592308e-03
4.278415696460885265e+00 -2.808710534833134664e-03
4.278421473317520096e+00 -2.611750883447602756e-03
4.278428241783456265e+00 -2.379316392002052156e-03
4.278434057924928702e+00 -2.178557566922320957e-03
4.278439375551184476e+00 -1.994021404729338920e-03
4.278442323288572879e+00 -1.891137842309703523e-03
4.278446012301703405e+00 -1.762006845822543504e-03
4.278448960135586177e+00 -1.658566552478778862e-03
4.278453670172818413e+00 -1.492681528400658124e-03
4.278457105907172320e+00 -1.371203738722707663e-03
4.278460048896066681e+00 -1.266750382604550987e-03
4.278462247219054326e+00 -1.188554334661127455e-03
4.278465507756987307e+00 -1.072089057134730785e-03
4.278467880679927227e+00 -9.871276900619975307e-04
4.278470190398299344e+00 -9.042910270132988168e-04
4.278472056319162498e+00 -8.371424751473858757e-04
4.278473855355989564e+00 -7.723034665053764378e-04
4.278475470185505891e+00 -7.140351129996839541e-04
4.278477090050714082e+00 -6.554624409159837302e-04
4.278478232276227367e+00 -6.141277096860671934e-04
4.278479469009829117e+00 -5.692479317066122995e-04
4.278480563926644997e+00 -5.294710008129442213e-04
4.278481301831218886e+00 -5.026265972976058476e-04
4.278482395008225581e+00 -4.628223385191511819e-04
4.278483452087013639e+00 -4.242969489401052100e-04
4.278484537687048395e+00 -3.846947560880715870e-04
4.278485170769665835e+00 -3.615736072244062982e-04
4.278485794999638436e+00 -3.387662277341117354e-04
4.278486506855627702e+00 -3.127433893829577728e-04
4.278487153921957109e+00 -2.890414625576751863e-04
4.278487567758523014e+00 -2.738713454998579653e-04
4.278488084530933655e+00 -2.549608878311273403e-04
4.278488524033866369e+00 -2.388578370733938970e-04
4.278488993395813011e+00 -2.216503552778972645e-04
4.278489307155586729e+00 -2.101540586900839825e-04
4.278489637859527406e+00 -1.980143454349096179e-04
4.278490152886465836e+00 -1.790955001246645744e-04
4.278490532310058825e+00 -1.651610693192170735e-04
4.278490872252266541e+00 -1.526701703280784511e-04
4.278491170118340570e+00 -1.417217837762780989e-04
4.278491344974282740e+00 -1.352895778878517735e-04
4.278491537985989801e+00 -1.281901367677792621e-04
4.278491799129677808e+00 -1.185901603529019243e-04
4.278492069845636792e+00 -1.086222302456328533e-04
4.278492332022949540e+00 -9.896986360329130335e-05
4.278492593716315184e+00 -8.933077622507229671e-05
4.278492829375950990e+00 -8.065206869356191964e-05
4.278492977246526330e+00 -7.520058203032272618e-05
4.278493103616328952e+00 -7.054044814871593037e-05
4.278493259730142384e+00 -6.479182545342784328e-05
4.278493372483137769e+00 -6.063347266109695523e-05
4.278493498702919950e+00 -5.598077258090576738e-05
4.278493601547618930e+00 -5.218906600131039905e-05
4.278493700928174270e+00 -4.852558464398165140e-05
4.278493815106894083e+00 -4.431595833794540280e-05
4.278493896615136904e+00 -4.131019904863488380e-05
4.278493973889175628e+00 -3.845932203922728136e-05
4.278494027948905654e+00 -3.646610376513930953e-05
4.278494090560440277e+00 -3.415686293708205081e-05
4.278494159239141226e+00 -3.162237118538660936e-05
4.278494231314354579e+00 -2.896333886730761761e-05
4.278494290457930838e+00 -2.678067856697132789e-05
4.278494342791568705e+00 -2.484993785423106908e-05
4.278494395226540625e+00 -2.291592342182630901e-05
4.278494432904213163e+00 -2.152419895368087771e-05
4.278494470782058023e+00 -2.012665795776440975e-05
4.278494506943201436e+00 -1.879312787103144916e-05
4.278494537961919697e+00 -1.764843466826286424e-05
4.278494577552751643e+00 -1.618643370752155389e-05
4.278494602407310943e+00 -1.526867003234484040e-05
4.278494635171867344e+00 -1.405879269807694316e-05
4.278494663746551296e+00 -1.300377686006939766e-05
4.278494699105470644e+00 -1.169980486484227776e-05
4.278494714330312476e+00 -1.113789359764854102e-05
4.278494734669394006e+00 -1.038710325801848628e-05
4.278494757552364192e+00 -9.543312548912805010e-06
4.278494775618154833e+00 -8.876573666353172756e-06
4.278494791380582640e+00 -8.294916121148228558e-06
4.278494810088888656e+00 -7.604099967432734048e-06
4.278494826295962561e+00 -7.005763482186674414e-06
4.278494844775019068e+00 -6.323603108302526027e-06
4.278494869741039430e+00 -5.402491938509496804e-06
4.278494883614330391e+00 -4.890451883027188979e-06
4.278494893628010054e+00 -4.520794388521383038e-06
4.278494905364766510e+00 -4.087933614150810437e-06
4.278494914593361287e+00 -3.747384220599522553e-06
4.278494923050569554e+00 -3.435208485451487961e-06
4.278494933345605489e+00 -3.054908133581460094e-06
4.278494941558798281e+00 -2.751696091268360537e-06
4.278494950439044153e+00 -2.423786248753756484e-06
4.278494957457548153e+00 -2.164963869797760337e-06
4.278494965429762154e+00 -1.870406495130615520e-06
4.278494970607868986e+00 -1.679307165986536528e-06
4.278494974625639102e+00 -1.530896912202295448e-06
4.278494981286040222e+00 -1.285075245270703551e-06
4.278494985057272437e+00 -1.145836122828913281e-06
4.278494988979717029e+00 -1.000968821312923518e-06
4.278494993638712884e+00 -8.289106366093511148e-07
4.278494997797879229e+00 -6.754169726230116552e-07
4.278495000853903107e+00 -5.625705491998915375e-07
4.278495004830539905e+00 -4.155783066938502836e-07
4.278495008059559623e+00 -2.962853232380800929e-07
4.278495010378885688e+00 -2.106666881142970869e-07
4.278495013200513064e+00 -1.064459041077706438e-07
4.278495015331964524e+00 -2.775332291416670128e-08
4.278495018874076017e+00 1.030627552250413140e-07
4.278495020781741154e+00 1.736208580476231878e-07
4.278495023366188477e+00 2.690903332440345064e-07
4.278495026253740896e+00 3.756775537592150103e-07
4.278495029905657887e+00 5.105239005131363783e-07
4.278495033995815433e+00 6.615624814508300066e-07
4.278495037370464438e+00 7.862434028957114913e-07
4.278495041446329417e+00 9.367286424813646895e-07
4.278495044958039450e+00 1.066381123507096915e-06
4.278495047873693835e+00 1.173970313997479651e-06
4.278495053096568412e+00 1.366911019380624042e-06
4.278495058554559805e+00 1.568332356571965495e-06
4.278495063889557137e+00 1.765304740979039539e-06
4.278495071015093743e+00 2.028233414504080948e-06
4.278495081392124533e+00 2.411447122908920509e-06
4.278495085746360616e+00 2.572120260399509571e-06
4.278495092558888047e+00 2.823736157751333829e-06
4.278495099932825951e+00 3.095953136952498210e-06
4.278495106684765403e+00 3.345249073927536011e-06
4.278495115304816743e+00 3.663784354098783279e-06
4.278495124453272069e+00 4.001846524356019119e-06
4.278495138019875910e+00 4.502874794742123211e-06
4.278495149165487454e+00 4.914672265706136017e-06
4.278495162268492358e+00 5.398199195723538067e-06
4.278495178589033721e+00 6.001077795339549299e-06
4.278495195155779918e+00 6.613195263860981807e-06
4.278495210801923854e+00 7.190994931396177413e-06
4.278495226696392706e+00 7.778117944441848797e-06
4.278495240793314558e+00 8.299352387429642086e-06
4.278495257618513570e+00 8.920549461092931512e-06
4.278495279649234817e+00 9.734299652186275385e-06
4.278495300124928846e+00 1.049043618437680974e-05
4.278495325410718308e+00 1.142477565457970878e-05
4.278495348359599326e+00 1.227287546761861347e-05
4.278495375882625851e+00 1.329022443453057101e-05
4.278495408193500715e+00 1.448506260676553536e-05
4.278495438777342841e+00 1.561508633697361036e-05
4.278495474373560370e+00 1.693056017223379983e-05
4.278495525694467005e+00 1.882657030972151205e-05
4.278495565161024139e+00 2.028495952819059714e-05
4.278495629047730731e+00 2.264614115074632358e-05
4.278495684026698775e+00 2.467895617477110153e-05
4.278495743280972263e+00 2.686861482833900178e-05
4.278495785196883006e+00 2.841728957408060142e-05
4.278495857125708568e+00 3.107594027683505426e-05
4.278495922923911898e+00 3.350658759594544583e-05
4.278496009049881366e+00 3.669292459535045754e-05
4.278496087319327401e+00 3.958641264702859072e-05
4.278496164657702217e+00 4.244532650757438629e-05
4.278496264700372365e+00 4.614425429762489283e-05
4.278496333140374475e+00 4.867376178886918841e-05
4.278496470704825860e+00 5.376325252494704556e-05
4.278496597287669623e+00 5.844604874526396519e-05
4.278496723740138563e+00 6.312287771051536180e-05
4.278496898512046620e+00 6.959272176743980850e-05
4.278497034212479733e+00 7.461284379354604472e-05
4.278497195437049427e+00 8.057792417795509542e-05
4.278497394162455336e+00 8.792949884148295041e-05
4.278497545382698775e+00 9.352709762001256539e-05
4.278497775171879347e+00 1.020329325892559841e-04
4.278498039618874316e+00 1.118375007792355097e-04
4.278498246606296185e+00 1.195084007918940797e-04
4.278498498666118977e+00 1.288560604351792415e-04
4.278498716798861068e+00 1.369393186021089807e-04
4.278498938097992976e+00 1.451409022428167364e-04
4.278499243031373744e+00 1.564455622196435456e-04
4.278499681098087315e+00 1.727060874960766913e-04
4.278500100431148923e+00 1.882713887829363735e-04
4.278500487878681646e+00 2.026580120371911055e-04
4.278500936026949475e+00 2.193218386192674770e-04
4.278501396160993231e+00 2.364122878894389581e-04
4.278502008332196738e+00 2.591791407334405870e-04
4.278502559704708830e+00 2.797129135619061857e-04
4.278503022585820048e+00 2.969495581990246741e-04
4.278503582377992664e+00 3.177979241643462665e-04
4.278504351242120585e+00 3.464635164044362818e-04
4.278505058312752851e+00 3.728599684807283555e-04
4.278505724985939729e+00 3.977500675235313000e-04
4.278506535427007762e+00 4.280698037434982404e-04
4.278507345956410468e+00 4.583902071675226460e-04
4.278508734789962631e+00 5.104406546418819614e-04
4.278509863787193446e+00 5.528287104779651970e-04
4.278511153953117763e+00 6.012854124867430183e-04
4.278512695638497121e+00 6.593481428050626189e-04
4.278513799753421942e+00 7.009695311508789932e-04
4.278515699184236354e+00 7.727199479120823227e-04
4.278517037272019152e+00 8.233268473327160202e-04
4.278519366447377514e+00 9.116878873394062719e-04
4.278520866655224353e+00 9.686423651468617762e-04
4.278522990390548841e+00 1.049566466152949615e-03
4.278525286448710219e+00 1.137196154544983838e-03
4.278527238605297711e+00 1.212006985418376953e-03
4.278530471077242048e+00 1.336113709594763475e-03
4.278533413988881762e+00 1.449631316835208730e-03
4.278535108257414343e+00 1.515136046058594699e-03
4.278539436804085661e+00 1.683126850492121457e-03
4.278543438318985537e+00 1.839104560310406188e-03
4.278546685598840327e+00 1.966447771590266146e-03
4.278551816785143735e+00 2.168560168599241705e-03
4.278556258790371380e+00 2.344694932881569768e-03
4.278560714849684921e+00 2.522253737901351475e-03
4.278565162680569856e+00 2.700875667311175652e-03
4.278568180423131473e+00 2.822550263403626660e-03
4.278573706412104549e+00 3.046463252056781385e-03
4.278582303911953488e+00 3.398655560331823901e-03
4.278591061774955406e+00 3.761696961395531030e-03
4.278597205182184560e+00 4.019216254613562807e-03
4.278604626178066361e+00 4.333277093614430406e-03
4.278613516703075881e+00 4.714108354422209303e-03
4.278623135080350082e+00 5.131812337410257205e-03
4.278633058936777367e+00 5.569434137976678537e-03
4.278641724531714985e+00 5.957295437159699537e-03
4.278651075526521907e+00 6.381973300109890918e-03
4.278661562806837182e+00 6.866907832151850251e-03
4.278674484325772021e+00 7.477080050603112510e-03
4.278684604781560985e+00 7.965453585101740439e-03
4.278694972851416978e+00 8.475638431231165976e-03
4.278709360402855211e+00 9.202063944753030925e-03
4.278722080487529666e+00 9.862952524576083443e-03
4.278736239525335883e+00 1.062172662071866024e-02
4.278751514250714649e+00 1.147124848698380210e-02
4.278766507329510915e+00 1.233933174160684910e-02
4.278781478976334540e+00 1.324417836914250184e-02
4.278801274393414289e+00 1.450989667629916727e-02
4.278815848634969221e+00 1.550121035741891355e-02
4.278835967539444951e+00 1.696961653542856940e-02
4.278858575615527293e+00 1.880410646611694117e-02
4.278872870389898608e+00 2.009729090313280842e-02
4.278886475463639982e+00 2.146390094889807573e-02
4.278900944593685196e+00 2.312636444989393802e-02
4.278916328227345467e+00 2.528555593036677443e-02
4.278926677696875736e+00 2.718449547825382839e-02
4.278935555951996150e+00 2.961214268083705095e-02
4.278939585920843669e+00 3.211083352974856281e-02
4.278938792205795316e+00 3.435374374595998731e-02
4.278931689005100125e+00 3.722289903151311530e-02
4.278915066231829378e+00 4.051929206032766489e-02
4.278877536681709337e+00 4.504849558432155732e-02
4.278848557247645346e+00 4.762598298376980593e-02
4.278799170542670005e+00 5.120338154827297483e-02
4.278725906737779638e+00 5.549498748521865948e-02
4.278604449307029434e+00 6.121386476498055090e-02
4.278489772175657180e+00 6.570807876965525929e-02
4.278303550167926517e+00 7.192070903852956776e-02
4.278113994607000592e+00 7.736273503676856234e-02
4.277841741743548809e+00 8.417286697030378073e-02
4.277560608202662706e+00 9.035618393687309957e-02
4.277276655962536367e+00 9.598411061238008857e-02
4.276816381288515601e+00 1.041703627905711804e-01
4.276257301607983230e+00 1.129905744550750712e-01
4.275775997381598081e+00 1.198644640249482279e-01
4.274594963482210019e+00 1.347669386312694284e-01
4.273953598105891594e+00 1.420056604352839258e-01
4.273064489968053437e+00 1.512916638001134406e-01
4.272176473326618762e+00 1.598871089650658883e-01
4.270673067530058375e+00 1.732243958601511202e-01
4.268837423130133146e+00 1.879232078306012910e-01
4.266555653346951971e+00 2.044201450487690974e-01
4.263041483519453223e+00 2.270412974812630047e-01
4.260226185621861283e+00 2.433698778560181297e-01
4.255676800898171130e+00 2.672719810160339438e-01
4.251150852856030227e+00 2.887855316266960126e-01
4.246635544989508126e+00 3.085157536939153178e-01
4.241517541639073130e+00 3.292076596970185398e-01
4.234543302095760353e+00 3.551901103092680589e-01
4.228179822047003711e+00 3.770917246389119959e-01
4.219580077650759264e+00 4.045244296704062492e-01
4.210143584624406188e+00 4.322981797018564110e-01
4.196993390556818859e+00 4.678300862456746256e-01
4.177883058317056530e+00 5.144561073115871963e-01
4.159517195229389230e+00 5.549306232154506136e-01
4.136978250225822329e+00 6.002566609797010955e-01
4.110997494563017440e+00 6.477420809142185876e-01
4.081903114733730575e+00 6.963273900744766376e-01
4.048660972942570879e+00 7.470740516317617708e-01
4.004366999449328723e+00 8.084721231364085936e-01
3.958552227035369242e+00 8.660529408151039776e-01
3.909889028044268855e+00 9.220310562861332437e-01
3.843741840813179156e+00 9.911333847439341982e-01
3.759670729391831223e+00 1.069782853396629818e+00
3.705114814335217499e+00 1.116359765281252470e+00
3.640272268695044833e+00 1.167895595338908299e+00
3.564938746856889829e+00 1.223220267282388196e+00
3.474254572391513030e+00 1.284288202857253536e+00
3.385323915781810022e+00 1.339180822351135225e+00
3.278064349717925818e+00 1.399636612942781078e+00
3.201218746967334994e+00 1.439458274484561207e+00
3.046238542892816703e+00 1.512313340685588425e+00
2.921449359394563405e+00 1.564513867871604624e+00
2.763572055769784708e+00 1.623470127398047635e+00
2.533070228470660101e+00 1.696840134385821486e+00
2.367857662288798348e+00 1.741302976303092942e+00
2.132721279960431371e+00 1.794143411523798193e+00
1.874667157062237077e+00 1.839661448463531856e+00
1.597362642607188965e+00 1.874921647510312761e+00
1.302669882013095526e+00 1.898317442664271715e+00
9.955995136895575692e-01 1.904611025296693905e+00
7.392921301140198409e-01 1.890084637255376343e+00
4.955058804210801249e-01 1.860002900287007765e+00
3.487091695075335007e-01 1.837182894228946761e+00
1.038865631849766047e-01 1.795326200344021128e+00
-9.789832386371728756e-02 1.759349452627747779e+00
-3.272251607881554447e-01 1.717649692949309914e+00
-5.203584786952765162e-01 1.681962465144465346e+00
-6.797940977367477045e-01 1.651652439808819706e+00
-8.554067731134956665e-01 1.616813381199961652e+00
-1.018515787586391941e+00 1.581874944243155667e+00
-1.146499989905850114e+00 1.551315470260718810e+00
-1.251521858447785629e+00 1.522991960239032494e+00
-1.387484941313739339e+00 1.480151504721693101e+00
-1.517559325253054592e+00 1.430933512183594658e+00
-1.622973924818327696e+00 1.384542458543422727e+00
-1.707440015460547800e+00 1.343250208181701488e+00
-1.809133061505159290e+00 1.288963991942901455e+00
-1.912484799939686786e+00 1.229095642617645590e+00
-2.007126044050856706e+00 1.170351386328410959e+00
-2.083582330197975008e+00 1.119956666139611645e+00
-2.169118002399147649e+00 1.059915542728568916e+00
-2.231299780181666748e+00 1.013827909660331761e+00
-2.305725970949770609e+00 9.552463315792935061e-01
-2.380855398205733220e+00 8.916701494654425408e-01
-2.450470220479870509e+00 8.279453340537739070e-01
-2.485171610590013014e+00 7.940069221604911798e-01
-2.520668664015540461e+00 7.575644590222326835e-01
-2.551649037162942779e+00 7.241441298820221473e-01
-2.582877040407328462e+00 6.886370722349399731e-01
-2.601806619085410333e+00 6.661515626323912809e-01
-2.638133840926795592e+00 6.206737787315673716e-01
-2.676201233273126867e+00 5.690064319886458666e-01
-2.692366594896423493e+00 5.455885936777591372e-01
-2.708698876145402057e+00 5.208426824570763225e-01
-2.719008995693682262e+00 5.045782166490321297e-01
-2.739231904273697005e+00 4.711779593621899798e-01
-2.752511725723398417e+00 4.479199705717574198e-01
-2.770639793448633537e+00 4.141528030276848682e-01
-2.779917394223475835e+00 3.958108106361845069e-01
-2.790003750957074757e+00 3.749070044919557421e-01
-2.799278138564849083e+00 3.546727086465813472e-01
-2.807681802190726827e+00 3.353795436510901284e-01
-2.816075076337680727e+00 3.149911565598959018e-01
-2.823152994178896424e+00 2.968024177298844712e-01
-2.827383779203206160e+00 2.854179163452855716e-01
-2.834674997294599486e+00 2.647714239577608208e-01
-2.840113690283533110e+00 2.483491446393509550e-01
-2.843877896356470369e+00 2.363821641686968678e-01
-2.847816846769346100e+00 2.232259702567150061e-01
-2.852054105743516033e+00 2.082994615557939300e-01
-2.854784516514873083e+00 1.981416210555836388e-01
-2.857211347139594348e+00 1.887162471405433861e-01
-2.859537641198049762e+00 1.792739720080777088e-01
-2.862492527656522068e+00 1.666074663994359939e-01
-2.864600607523247522e+00 1.570246213542827729e-01
-2.866498367457434249e+00 1.479516852633720181e-01
-2.867846181038109954e+00 1.412134124867859553e-01
-2.869503423039063694e+00 1.325237932326618906e-01
-2.870858821246539794e+00 1.250463000318679796e-01
-2.872322302344593847e+00 1.165336008689730474e-01
-2.873457738390417404e+00 1.095495526167641898e-01
-2.874273995909611301e+00 1.042950155906831045e-01
-2.875101055228813429e+00 9.875154332113894595e-02
-2.876017631598700497e+00 9.228020152672677945e-02
-2.876683669845054414e+00 8.734848846606851902e-02
-2.877165709904138780e+00 8.363724707966946337e-02
-2.877726558992982575e+00 7.915027628322561515e-02
-2.878345983772343963e+00 7.395454994484972067e-02
-2.878678309063113172e+00 7.104839250509328852e-02
-2.879123903750883784e+00 6.700645343600708514e-02
-2.879384663503632868e+00 6.455115394173147059e-02
-2.879579956477949843e+00 6.266990827252326424e-02
-2.879921166251000475e+00 5.927634557797044346e-02
-2.880182645067612679e+00 5.657868219951087824e-02
-2.880418523946215004e+00 5.406404458566753390e-02
-2.880690914598811769e+00 5.104931383418873786e-02
-2.880866385292187637e+00 4.904286821787448569e-02
-2.881102325735724445e+00 4.624996767525785951e-02
-2.881301515104742972e+00 4.380271636353129383e-02
-2.881442312612878087e+00 4.201790109713307575e-02
-2.881631475795190855e+00 3.953703625029496987e-02
-2.881789140364780177e+00 3.739383376656667257e-02
-2.881906552177871728e+00 3.574554573045761463e-02
-2.882065823318185949e+00 3.342874495877784513e-02
-2.882216665448701587e+00 3.114227131464418138e-02
-2.882328648405037885e+00 2.938316027027283034e-02
-2.882415341091461247e+00 2.797817024299465230e-02
-2.882515703650601502e+00 2.630050227685567371e-02
-2.882570071710667925e+00 2.536785813382203339e-02
-2.882651302499777746e+00 2.393577799062719322e-02
-2.882692149811505455e+00 2.319859255951038993e-02
-2.882769185250999566e+00 2.177689497105725694e-02
-2.882827523079737997e+00 2.066765111913056868e-02
-2.882895764842427599e+00 1.933269192739810877e-02
-2.882935270562742236e+00 1.854060558815703863e-02
-2.882998304297804903e+00 1.724355119823183305e-02
-2.883029445880724406e+00 1.658575300049410298e-02
-2.883072373766914609e+00 1.566051909149945506e-02
-2.883113567407103339e+00 1.475000189567679011e-02
-2.883140486485861409e+00 1.414324320270350828e-02
-2.883170578692148656e+00 1.345295598126032208e-02
-2.883205080369163120e+00 1.264351408854327841e-02
-2.883225507902549278e+00 1.215537327855340487e-02
-2.883251408868685139e+00 1.152659348731675630e-02
-2.883274552369147870e+00 1.095483615453090621e-02
-2.883300170482688163e+00 1.030948660094081065e-02
-2.883318390643240914e+00 9.843104296615034707e-03
-2.883333263311831818e+00 9.457323059973102991e-03
-2.883350275510022875e+00 9.009548009738868601e-03
-2.883372716431357397e+00 8.409257143743088456e-03
-2.883388105134594426e+00 7.990116194044501186e-03
-2.883401646606736257e+00 7.616265668280551224e-03
-2.883417510987301480e+00 7.173429295487423855e-03
-2.883429986417372248e+00 6.819970719729858029e-03
-2.883441667730454849e+00 6.484677895313084410e-03
-2.883453083609506251e+00 6.153372971566629067e-03
-2.883461995485567808e+00 5.891968824147494205e-03
-2.883471975568093093e+00 5.595787675969901218e-03
-2.883479469252796523e+00 5.371585687766928380e-03
-2.883490139192043777e+00 5.048961433623913933e-03
-2.883496995026603837e+00 4.839572408954408850e-03
-2.883503332294067523e+00 4.644797469990222943e-03
-2.883508439910374754e+00 4.486938683619261237e-03
-2.883514312879691399e+00 4.303741784819163467e-03
-2.883521552258851095e+00 4.076716142605681797e-03
-2.883526592771104902e+00 3.917365439968533737e-03
-2.883532973076975647e+00 3.714250943858519224e-03
-2.883537921936758508e+00 3.555408895265405565e-03
-2.883542993618547268e+00 3.391707559579863231e-03
-2.883547999997948974e+00 3.229279716547289649e-03
-2.883553095215972473e+00 3.062669295954623724e-03
-2.883558185391007278e+00 2.895180441908525634e-03
-2.883563277095610111e+00 2.726439198421561506e-03
-2.883567212684592818e+00 2.595286009778793694e-03
-2.883570117997159787e+00 2.497837898183473924e-03
-2.883573718030846056e+00 2.376877009932418499e-03
-2.883577569112631966e+00 2.246687026736283576e-03
-2.883580509372630996e+00 2.146706695470078623e-03
-2.883583891380808062e+00 2.031175725438458517e-03
-2.883586739962856971e+00 1.933461317559391577e-03
-2.883589384826246160e+00 1.842542969073482232e-03
-2.883592424820690336e+00 1.737533761147734340e-03
-2.883595713276334127e+00 1.623357556437265807e-03
-2.883598554428116412e+00 1.524243017204676915e-03
-2.883601345296677554e+00 1.426504011789881451e-03
-2.883603240808041868e+00 1.359812448258090976e-03
-2.883605922238229091e+00 1.265265375247946441e-03
-2.883607790987336994e+00 1.199141043635310131e-03
-2.883609493105110388e+00 1.138703858708789863e-03
-2.883610878517929521e+00 1.089361685700889577e-03
-2.883612788216911582e+00 1.021228234656033429e-03
-2.883614171902463053e+00 9.717110907915747732e-04
-2.883615586914346274e+00 9.209995229439836171e-04
-2.883616864611926456e+00 8.750822229978147751e-04
-2.883617676035763910e+00 8.458895104535773613e-04
-2.883619457460854019e+00 7.816912138163156125e-04
-2.883620327238745062e+00 7.502765019142854401e-04
-2.883621382788130294e+00 7.120805267326077524e-04
-2.883622413809818763e+00 6.747071739609498964e-04
-2.883623311158603819e+00 6.421634068815339560e-04
-2.883624209466016275e+00 6.094970600728293834e-04
-2.883625203082138100e+00 5.733371230314905295e-04
-2.883625893169288190e+00 5.481656930047730135e-04
-2.883626653511044413e+00 5.203910336827656004e-04
-2.883627579226245352e+00 4.865552574509464726e-04
-2.883628205627565499e+00 4.636144507049169607e-04
-2.883628931983300614e+00 4.369966931860361746e-04
-2.883629728200251652e+00 4.077836631781585970e-04
-2.883630267809811798e+00 3.879493524133332790e-04
-2.883630709348048438e+00 3.717410481416422337e-04
-2.883631243170551972e+00 3.521196938887299704e-04
-2.883631666030372465e+00 3.365398294500272281e-04
-2.883632044738645206e+00 3.225740653581323229e-04
-2.883632588933679575e+00 3.025268343249303883e-04
-2.883633030213159643e+00 2.862419711516044052e-04
-2.883633536245135964e+00 2.675518923171328763e-04
-2.883634082115354325e+00 2.473895765256781489e-04
-2.883634343770138386e+00 2.377179370493960858e-04
-2.883634638092174463e+00 2.268245140332926112e-04
-2.883634921711160981e+00 2.163137618816836783e-04
-2.883635143838414461e+00 2.080869696547336901e-04
-2.883635402185454666e+00 1.985115972282324554e-04
-2.883635744337646134e+00 1.858283522401529223e-04
-2.883636036752703635e+00 1.749773235096805128e-04
-2.883636211441510167e+00 1.684901380702998844e-04
-2.883636478756239629e+00 1.585648488217823206e-04
-2.883636681416084535e+00 1.510364746266046560e-04
-2.883636825123357728e+00 1.457015330122528307e-04
-2.883637011437725217e+00 1.387821463637645060e-04
-2.883637167784478983e+00 1.329718832880691902e-04
-2.883637385549440157e+00 1.248779143807418493e-04
-2.883637555196966851e+00 1.185725699553269420e-04
-2.883637680536083714e+00 1.139039483019041487e-04
-2.883637860733500702e+00 1.072085193903601148e-04
-2.883638046819202216e+00 1.002808300129923597e-04
-2.883638193342213274e+00 9.482547206402914370e-05
-2.883638330135972705e+00 8.972214911818067289e-05
-2.883638428923188002e+00 8.604169922155606052e-05
-2.883638554315005376e+00 8.137012815982750606e-05
-2.883638651923651430e+00 7.772946736830269683e-05
-2.883638732691105933e+00 7.472056659429431231e-05
-2.883638858114810688e+00 7.004591498209452379e-05
-2.883638954629903495e+00 6.644745986101638195e-05
-2.883639036242510834e+00 6.340421397582454482e-05
-2.883639152220224933e+00 5.907726086142079958e-05
-2.883639214742033108e+00 5.674462492916242508e-05
-2.883639287996032419e+00 5.400900052841919082e-05
-2.883639349180398881e+00 5.172725113355483697e-05
-2.883639413115296257e+00 4.934448728309421260e-05
-2.883639481661986803e+00 4.678777292093121485e-05
-2.883639535703510948e+00 4.477203008982247692e-05
-2.883639604018453539e+00 4.222340104034300940e-05
-2.883639670359767759e+00 3.975088743805783073e-05
-2.883639735266008142e+00 3.732988698473731426e-05
-2.883639793159920472e+00 3.516922763686596942e-05
-2.883639838499775010e+00 3.347570928431771502e-05
-2.883639871967490720e+00 3.222658778338745929e-05
-2.883639918066336794e+00 3.050473275725704703e-05
-2.883639963228322500e+00 2.881818905114569713e-05
-2.883639993142605107e+00 2.770106425882720681e-05
-2.883640030894783823e+00 2.629210917005196741e-05
-2.883640057029469794e+00 2.531579679104693393e-05
-2.883640105923201968e+00 2.348964467441985349e-05
-2.883640130834311144e+00 2.255816415083282571e-05
-2.883640152351094610e+00 2.175412459990215170e-05
-2.883640173200670009e+00 2.097548860583056093e-05
-2.883640202276620990e+00 1.988961705288772074e-05
-2.883640236220398556e+00 1.861956439176177961e-05
-2.883640252602614584e+00 1.800666294492105955e-05
-2.883640276941270564e+00 1.709773608163904710e-05
-2.883640302647866083e+00 1.613540638115094623e-05
-2.883640321069453005e+00 1.544773178381932493e-05
-2.883640343281660190e+00 1.461800808568093662e-05
-2.883640360777141698e+00 1.396458796787336229e-05
-2.883640378643923530e+00 1.329612092393383968e-05
-2.883640399300051449e+00 1.252438639644348791e-05
-2.883640419822949941e+00 1.175976415916399124e-05
-2.883640434224759463e+00 1.122141810082806095e-05
-2.883640450915345710e+00 1.059807060169238399e-05
-2.883640466909232813e+00 9.999367816525445523e-06
-2.883640480897329272e+00 9.475969199783144814e-06
-2.883640502803707761e+00 8.657868652406637585e-06
-2.883640517740720721e+00 8.099098551262074139e-06
-2.883640533528901262e+00 7.508845690080765800e-06
-2.883640546280053840e+00 7.032272375715021007e-06
-2.883640558423873568e+00 6.578752699651964708e-06
-2.883640566554381834e+00 6.274702363596963020e-06
-2.883640579188221142e+00 5.801763587130068078e-06
-2.883640586513018356e+00 5.527776451369079421e-06
-2.883640595759318082e+00 5.182201578693773899e-06
-2.883640604399283713e+00 4.858977759995250883e-06
-2.883640611862082093e+00 4.580217087512882303e-06
-2.883640619306361064e+00 4.301871097463678464e-06
-2.883640627657030553e+00 3.989347930185255509e-06
-2.883640633939304365e+00 3.754234994487156261e-06
-2.883640641764988022e+00 3.461748972414515917e-06
-2.883640648192675737e+00 3.221367625360722917e-06
-2.883640652980067554e+00 3.042463988058427812e-06
-2.883640658092240017e+00 2.851430759112562431e-06
-2.883640664109822449e+00 2.626628827036956090e-06
-2.883640667650845035e+00 2.494365161915108916e-06
-2.883640672815301009e+00 2.301280004647384938e-06
-2.883640679329339207e+00 2.057782215107511333e-06
-2.883640683425183315e+00 1.904524586650824723e-06
-2.883640686924341612e+00 1.773719402860678997e-06
-2.883640691146610813e+00 1.615778754974326183e-06
-2.883640694574726382e+00 1.487574141043521676e-06
-2.883640697585537538e+00 1.375090482757122479e-06
-2.883640700788221434e+00 1.255291159803110777e-06
-2.883640703224707114e+00 1.164145409921469436e-06
-2.883640705521781644e+00 1.078368187552055869e-06
-2.883640709386250389e+00 9.338389550112281867e-07
-2.883640712365106662e+00 8.226002256705359936e-07
-2.883640714319253728e+00 7.495374887428233509e-07
-2.883640717223571404e+00 6.408934407046066881e-07
-2.883640718940633008e+00 5.765883678046779737e-07
-2.883640720980719774e+00 5.003261003323716208e-07
-2.883640723069127443e+00 4.221866693065132559e-07
-2.883640725308930008e+00 3.383441243236404120e-07
-2.883640727062909637e+00 2.727168273716073835e-07
-2.883640728579792256e+00 2.160966694812881405e-07
-2.883640730190411006e+00 1.558597671972564463e-07
-2.883640731668008161e+00 1.006872435585404356e-07
-2.883640733774727405e+00 2.193122819995593403e-08
-2.883640735318047987e+00 -3.578058067265210359e-08
-2.883640736686233996e+00 -8.697197255989629276e-08
-2.883640738172545959e+00 -1.425407472342047301e-07
-2.883640739669742548e+00 -1.985752728420824338e-07
-2.883640741620728143e+00 -2.714800761004382593e-07
-2.883640743573445242e+00 -3.444098322551153894e-07
-2.883640745769829650e+00 -4.266299109753985608e-07
-2.883640747601590615e+00 -4.951780384260607432e-07
-2.883640749753454635e+00 -5.756325647205257280e-07
-2.883640752127993867e+00 -6.644551102018743732e-07
-2.883640753887647623e+00 -7.303563820377382706e-07
-2.883640756914375824e+00 -8.435880662082734086e-07
-2.883640759808252518e+00 -9.517875187008952771e-07
-2.883640762241683753e+00 -1.042850099758758283e-06
-2.883640764751231877e+00 -1.136649828216701907e-06
-2.883640767607345445e+00 -1.243539915643300228e-06
-2.883640770495479622e+00 -1.351622466183118016e-06
-2.883640773847512051e+00 -1.476902468339183176e-06
-2.883640777969732394e+00 -1.631291136636796600e-06
-2.883640781830564492e+00 -1.775941687308504154e-06
-2.883640786075528428e+00 -1.934737960150477875e-06
-2.883640791803982140e+00 -2.149169764997663898e-06
-2.883640796743488721e+00 -2.333990861688552875e-06
-2.883640799964291013e+00 -2.454478708596418150e-06
-2.883640804818976999e+00 -2.635950418061743378e-06
-2.883640809282671746e+00 -2.802898193469670023e-06
-2.883640816417753161e+00 -3.069909353914125131e-06
-2.883640824431793703e+00 -3.369522860450187858e-06
-2.883640831722619868e+00 -3.642301453162130921e-06
-2.883640836348919656e+00 -3.815458996306040685e-06
-2.883640842927060799e+00 -4.061628684806517322e-06
-2.883640849203159551e+00 -4.296490709665817380e-06
-2.883640861250076348e+00 -4.747565280792756266e-06
-2.883640873529401016e+00 -5.206767324394147628e-06
-2.883640881169218240e+00 -5.492599626993017232e-06
-2.883640892366706510e+00 -5.910805816456082498e-06
-2.883640901010177782e+00 -6.234249092383055567e-06
-2.883640910045163430e+00 -6.571841380994661565e-06
-2.883640920868442148e+00 -6.976817983298531220e-06
-2.883640931834875243e+00 -7.387698465925869112e-06
-2.883640944567016362e+00 -7.864328292764854615e-06
