4.000000000000000000e+00 4.000000000000000000e+00
2.373333333333332629e+00 4.133333333333333748e+00
7.466666666666661456e-01 4.266666666666666607e+00
-8.800000000000003375e-01 4.400000000000000355e+00
-2.452848988560103027e+00 4.430150085605531807e+00
-3.774492107093821769e+00 3.925503718253123164e+00
-5.026527203744855399e+00 3.303873211913771257e+00
-6.112022695191407173e+00 2.596650283732649278e+00
-6.938251704297880629e+00 1.826604102993554246e+00
-7.479739587813878821e+00 1.062276769778366825e+00
-7.733980947942399098e+00 9.741208039795895557e-01
-7.710946947396815077e+00 9.086811071927018979e-01
-7.543074375294875011e+00 8.480610566213416801e-01
-7.359609792468843281e+00 7.912768702302755974e-01
-7.167045950468835969e+00 7.383476574648069057e-01
-6.965232013081485540e+00 6.882214757569650176e-01
-6.760038306584429613e+00 2.469165682434008580e-01
-6.551596974480063729e+00 -4.452185918061763448e-01
-6.273491726998710050e+00 -1.074524074688414599e+00
-5.821537648493901429e+00 -1.633750067165319120e+00
-5.174357358829066555e+00 -2.114101642131664072e+00
-4.368066642353367612e+00 -2.500097191938906782e+00
-3.438112155516611423e+00 -2.782349808367026611e+00
-2.422734164989114980e+00 -2.954199551456057726e+00
-1.361851657173341223e+00 -3.013484401462389606e+00
-2.948700674705551084e-01 -2.953274854156886065e+00
7.403234277072546776e-01 -2.764747317738395438e+00
1.706700254885448187e+00 -2.566618122147977132e+00
2.566246441668050604e+00 -2.243596178439828837e+00
3.304576352473247880e+00 -1.849453591325357360e+00
3.902357169177086416e+00 -1.405010472927614940e+00
4.338259134273981132e+00 -9.285829886254308718e-01
4.602999302744041010e+00 -4.380735714034620920e-01
4.693846956650326696e+00 4.920003256363054966e-02
4.613489674050693878e+00 5.152472213381189547e-01
4.371502038599976103e+00 9.467901129289368889e-01
3.983436026365398064e+00 1.325595659223042011e+00
3.468101637473082199e+00 1.642591075173759352e+00
2.849700115620599217e+00 1.887581059166129949e+00
2.154694140220351439e+00 2.054946984232198126e+00
1.409814654915803711e+00 2.143228833482500040e+00
6.453528579043424918e-01 2.143389512380967421e+00
-1.121922042059161767e-01 2.023357330952013644e+00
-8.336007500053157493e-01 1.888358217944320128e+00
-1.486613195563324830e+00 1.741167705171163815e+00
-2.055475073504111183e+00 1.500956684861247670e+00
-2.536870260494277662e+00 1.203216715731225017e+00
-2.920689079234152441e+00 8.756428011561946390e-01
-3.185925608940459064e+00 5.299741285796297774e-01
-3.327663039567774206e+00 1.789767470801539861e-01
-3.345223992004367819e+00 -1.647195516948485317e-01
-3.242769519961522739e+00 -4.887387679822237652e-01
-3.028400902529598149e+00 -7.841485120940427933e-01
-2.715222266704290011e+00 -1.037822357056925382e+00
-2.317646099766833778e+00 -1.244343574440783584e+00
-1.852943368780924915e+00 -1.398713049325655433e+00
-1.341327821904883200e+00 -1.496671047665984355e+00
-8.010155706098295303e-01 -1.526269377046312270e+00
-2.544337262336237027e-01 -1.459026348286271535e+00
2.775156663132293255e-01 -1.365681883884273251e+00
7.676068447806841943e-01 -1.272560397839911150e+00
1.198507686818439222e+00 -1.170070675540576977e+00
1.567233347358939710e+00 -1.015041323654513938e+00
1.878257309072583592e+00 -8.008567506187935781e-01
2.125018793934767114e+00 -5.637398001999041064e-01
2.292325720655351340e+00 -3.166889980257274750e-01
2.371614676975767111e+00 -6.834225629669606061e-02
2.363217542772653612e+00 1.724747525130409798e-01
2.271034343184366033e+00 4.000479082221171656e-01
2.101913831484381934e+00 6.017194182174442352e-01
1.864154338262222987e+00 7.745222759585521644e-01
1.569357028201598725e+00 9.125739293649213213e-01
1.229985611426140046e+00 1.011114304154453691e+00
8.603463603862391285e-01 1.047752827656300401e+00
4.753009307453650578e-01 1.015922705835097473e+00
9.350388712442153638e-02 9.565036272798919104e-01
-2.636549872235999237e-01 8.939485331304416471e-01
-5.814892357032529491e-01 8.323437402864378720e-01
-8.578032705492353305e-01 7.680352192906745312e-01
-1.098219499192346182e+00 6.911137615281810476e-01
-1.298182808327253523e+00 5.838342680546467767e-01
-1.460061057623266212e+00 4.421948471615887999e-01
-1.579885191216221951e+00 2.784024620835224284e-01
-1.649283278038051970e+00 1.065088903646041751e-01
-1.661963073348142306e+00 -6.346727044963715314e-02
-1.616703555525694114e+00 -2.254595538256986831e-01
-1.516183584598805867e+00 -3.712188472243645454e-01
-1.365729346927401222e+00 -4.954584367661773459e-01
-1.172694351234304433e+00 -5.884657442401002303e-01
-9.470049088849892271e-01 -6.369198414821433119e-01
-6.987533256218748656e-01 -6.422513229579155380e-01
-4.438268785331720978e-01 -6.182392369811916533e-01
-1.963862534171999796e-01 -5.837569097951232910e-01
3.135693875419399979e-02 -5.469174492045016933e-01
2.337697436483744395e-01 -5.104206249070791790e-01
4.112515732364024346e-01 -4.744447779389932007e-01
5.665853206654761776e-01 -4.380975382401554596e-01
6.987063447151409257e-01 -4.000678926995416274e-01
8.078907526964277386e-01 -3.580581571381256101e-01
8.977303111697061411e-01 -3.105687956391572357e-01
9.668691708857678480e-01 -2.560815051868022274e-01
1.016146858789986451e+00 -1.955043259645492248e-01
1.044943673771911996e+00 -1.308202815258827367e-01
1.052178819648736496e+00 -6.496660926732596153e-02
1.037520753711524302e+00 -1.760739404151612231e-03
1.001437157704502035e+00 5.620617664372993399e-02
9.459551372933880931e-01 1.036270230313775104e-01
8.734716104841058204e-01 1.397914354039989648e-01
7.879916373252602302e-01 1.639089453525503226e-01
6.940246130790947987e-01 1.773752338160522468e-01
5.961085673886620251e-01 1.824564335842730756e-01
4.982527560549112611e-01 1.817107162267186105e-01
4.036763241003221148e-01 1.772186576433990579e-01
3.147693812965105531e-01 1.704553007105377715e-01
2.324237781933120583e-01 1.624844173204680053e-01
1.575809009685299467e-01 1.538820725218486007e-01
9.039777541073780454e-02 1.450349610038768333e-01
3.048976948628238925e-02 1.361582105887210181e-01
-2.248061002438086001e-02 1.273709068117512833e-01
-6.879370101978962704e-02 1.187537683468294497e-01
-1.093546483631599175e-01 1.102942833526989047e-01
-1.442670968880675475e-01 1.020471126234623188e-01
-1.736071047047675897e-01 9.408205822639463534e-02
-1.984367361426509768e-01 8.631037741327582391e-02
-2.186404847436789478e-01 7.883799036454954001e-02
-2.347986503417326676e-01 7.164374507908015388e-02
-2.473900173996582408e-01 6.470138634314355486e-02
-2.565569011170324432e-01 5.809206041148128746e-02
-2.627139630063830555e-01 5.179083522572786036e-02
-2.660919472499939098e-01 4.586316441354743034e-02
-2.670526875526145760e-01 4.026598695657560012e-02
-2.658618473681652605e-01 3.499175983918255406e-02
-2.627680564061229407e-01 3.009290114205613598e-02
-2.580191244849143195e-01 2.556915598113165475e-02
-2.518625957286715900e-01 2.142619855496884565e-02
-2.444893417228187482e-01 1.761934791095238692e-02
-2.361010100183153215e-01 1.414015656725232419e-02
-2.269091390756821647e-01 1.099325594598598785e-02
-2.170936193299548289e-01 8.168788241827776297e-03
-2.068833287243547203e-01 5.676791349794791698e-03
-1.963328130207690758e-01 3.460486192889117903e-03
-1.855375924217834149e-01 1.490787352778489942e-03
-1.747094949901166760e-01 -2.219675904429139330e-04
-1.638498431494434804e-01 -1.721695842433429956e-03
-1.531245200655396710e-01 -3.006264211849710762e-03
-1.425708105309916596e-01 -4.101981496299513842e-03
-1.321823083367849871e-01 -5.037972889496551004e-03
-1.221120933950804177e-01 -5.810340070639602450e-03
-1.122962523402689511e-01 -6.451778627714226111e-03
-1.029432405492381741e-01 -6.948297392179956025e-03
-9.399593337274565752e-02 -7.327593853139066638e-03
-8.541190088462080610e-02 -7.609605082386346198e-03
-7.727153223845653618e-02 -7.797953588636015627e-03
-6.949615966153711855e-02 -7.911911048457611825e-03
-6.221681674008933821e-02 -7.948155188424076839e-03
-5.533554550566396196e-02 -7.924667316797895031e-03
-4.891003887844063563e-02 -7.844573756759377903e-03
-4.289430423405514448e-02 -7.718310587230828128e-03
-3.729071004493694080e-02 -7.551816096886164280e-03
-3.212612083625397685e-02 -7.349475652518104932e-03
-2.733551633336755299e-02 -7.119547710450134861e-03
-2.295158142517397457e-02 -6.865546327475789690e-03
-1.891333704030045623e-02 -6.593476187547331856e-03
-1.524592027101420721e-02 -6.306730188798912243e-03
-1.190011733099387292e-02 -6.009496844269212289e-03
-8.887882293622775126e-03 -5.705185068663092343e-03
-6.191887178869703856e-03 -5.397342692147301564e-03
-3.778058615334958705e-03 -5.088375142126221398e-03
-1.633228515991187518e-03 -4.780869454851675512e-03
2.763595880988317329e-04 -4.475704458129315354e-03
1.937000621577311893e-03 -4.176903438208010716e-03
3.394897136347088153e-03 -3.883308016587802992e-03
4.645012563283098563e-03 -3.598410088391211254e-03
5.707301051494773417e-03 -3.322916040191888857e-03
6.604656929531973510e-03 -3.056385008282452853e-03
7.345777773184906240e-03 -2.800434177542008088e-03
7.947750680207163118e-03 -2.554682964421752921e-03
8.413870952937262462e-03 -2.322339101673611458e-03
8.764100186163107861e-03 -2.101454243030530591e-03
9.010325800024794260e-03 -1.891968174863424470e-03
9.163140978082911711e-03 -1.694058077977160558e-03
9.232707285817954093e-03 -1.507281572979677665e-03
9.227587920175632508e-03 -1.332229946632338367e-03
9.156592819093940100e-03 -1.168849318639641598e-03
9.028344957589959363e-03 -1.017554312536461713e-03
8.850618540862730671e-03 -8.772929617369616640e-04
8.631153284152773275e-03 -7.480508767081676469e-04
8.377651089107925747e-03 -6.299236906099675484e-04
8.093679109938779759e-03 -5.208256164617588524e-04
7.785780541583381398e-03 -4.209899794307097980e-04
7.458730269145073637e-03 -3.299457647100530926e-04
7.120883305860143363e-03 -2.487160696376674402e-04
6.772346496405843783e-03 -1.753409319788080229e-04
6.418430452590955307e-03 -1.098202553408790310e-04
6.062525911622381782e-03 -5.163726553092929631e-05
5.703934216302517478e-03 5.106980382247909144e-07
5.350728677640914643e-03 4.577528399729478500e-05
5.002235866220059932e-03 8.524592941986607584e-05
4.660477577883979060e-03 1.193212621934659182e-04
4.326547294190376952e-03 1.485135791389018936e-04
4.002206201546862005e-03 1.731401559223170084e-04
3.689399001442514401e-03 1.934583765660200416e-04
3.388013840311616346e-03 2.099808590355647334e-04
3.099485189087749278e-03 2.229647670825576043e-04
2.823089856143150712e-03 2.328888889852503464e-04
2.561109502501943917e-03 2.398553906692072976e-04
2.312481276176148268e-03 2.443001535173400913e-04
2.077373888894757260e-03 2.464912470515835045e-04
1.852981768241134626e-03 2.469220030847054021e-04
1.644623762330453759e-03 2.453480580171601912e-04
1.450355366985580990e-03 2.421727629380513835e-04
1.269644455083850272e-03 2.376400449437300068e-04
1.100538002840108871e-03 2.320268161235315523e-04
9.442901430218370766e-04 2.254231381908520311e-04
8.007750275150277890e-04 2.179908233806579173e-04
6.690963420637981770e-04 2.099029237396267118e-04
5.490268390899323949e-04 2.013010133386354831e-04
4.394581197574096024e-04 1.923145371014007784e-04
3.401421967676129289e-04 1.830550924178790694e-04
2.504181662942156755e-04 1.736199220114921580e-04
1.697115162557648782e-04 1.640943261315350719e-04
9.749165077249446489e-05 1.545536592831169595e-04
3.348659449171124779e-05 1.450817251743078665e-04
-2.346276947967086533e-05 1.356917613415383828e-04
-7.314854698047310684e-05 1.264861455679611223e-04
-1.165499328539801365e-04 1.174640125513161051e-04
-1.534768969279109497e-04 1.087406579424170797e-04
-1.851685274006304783e-04 1.002454157792082766e-04
-2.115465299055359382e-04 9.208330414720192301e-05
-2.329711932466982686e-04 8.430672925162049133e-05
-2.501458025796353575e-04 7.687240976419354248e-05
-2.636230441720063236e-04 6.973607562749470226e-05
-2.734548300012297614e-04 6.302407919052524293e-05
-2.801656931297360326e-04 5.667059244850131361e-05
-2.840719277710043885e-04 5.068294444252020929e-05
-2.854985926981467160e-04 4.504958757827622447e-05
-2.847266486000510658e-04 3.976096042386812601e-05
-2.820164322066589222e-04 3.484771730500627279e-05
-2.776307278573584875e-04 3.029883670812828916e-05
-2.717756965460789865e-04 2.605765086054760132e-05
-2.647204044539023626e-04 2.216788347926725909e-05
-2.565688225672969783e-04 1.854878787637861254e-05
-2.475712588153458149e-04 1.523937989990379112e-05
-2.379805642370320918e-04 1.226408138309421626e-05
-2.277486392564034563e-04 9.523366631027153261e-06
-2.171237605297638416e-04 7.047563696544696076e-06
-2.063292241445149021e-04 4.852692230060450321e-06
-1.953436486379063833e-04 2.883171616734518743e-06
-1.843391858011905120e-04 1.142591238306576647e-06
-1.732966564766813674e-04 -4.095256240698530566e-07
-1.623900954648461472e-04 -1.763748297423728355e-06
-1.515883800679641066e-04 -2.953334202867088079e-06
-1.410967409247808986e-04 -3.962083099322334508e-06
-1.308064555406655675e-04 -4.831343045174637008e-06
-1.208452007177661239e-04 -5.557929510411590543e-06
-1.111489472463917039e-04 -6.168657118978273500e-06
-1.019691997995406265e-04 -6.641585155537767358e-06
-9.315314412316700796e-05 -7.012602828780218230e-06
-8.471915891516856758e-05 -7.291283854930768140e-06
-7.670939464937557087e-05 -7.483725110463494577e-06
-6.914647248897618555e-05 -7.597474346884421411e-06
-6.199806071443667748e-05 -7.644333786083208463e-06
-5.526783604867286937e-05 -7.631675405453568949e-06
-4.898094467259323138e-05 -7.564871653425655831e-06
-4.304956902783789078e-05 -7.455976890027405837e-06
-3.758538925100354084e-05 -7.303800984700278167e-06
-3.251883061656701184e-05 -7.118114736302981745e-06
-2.782750851463831231e-05 -6.904687114669196464e-06
-2.350121039000543983e-05 -6.668222205799923445e-06
-1.953473399757417304e-05 -6.412895775877212378e-06
-1.592079246699910976e-05 -6.142893198150381572e-06
-1.263433042766507062e-05 -5.862116880667032930e-06
-9.654045110894164160e-06 -5.573821078894305344e-06
-6.960691115628931462e-06 -5.280779628690929556e-06
-4.532776648079276386e-06 -4.985266378196515193e-06
-2.371428657348432455e-06 -4.690152894646204840e-06
-4.560031522084222563e-07 -4.397374022192176979e-06
1.239882082458873738e-06 -4.107952287584104311e-06
2.704422361446916613e-06 -3.825752381232499344e-06
3.976424793487750579e-06 -3.550044591520327649e-06
5.068032978093406131e-06 -3.282142957817154456e-06
5.984798349202919139e-06 -3.024413569444675136e-06
6.748674690638706629e-06 -2.776315902692390862e-06
7.374523527242703505e-06 -2.537953046525303387e-06
7.870578104757604753e-06 -2.310871953609241136e-06
8.249714021672982831e-06 -2.095241656706207988e-06
8.525938523146546925e-06 -1.890095240147019094e-06
8.708094276461425954e-06 -1.696286224518597158e-06
8.806699745160744117e-06 -1.513266067235302600e-06
8.830487192356314263e-06 -1.341037582318554176e-06
8.787629263089539325e-06 -1.180785529070894442e-06
8.686635654582355406e-06 -1.031324417338506482e-06
8.535955176184267064e-06 -8.936985700451155320e-07
8.342335958614303807e-06 -7.662235219704269622e-07
8.111537065128725563e-06 -6.479526606109985239e-07
7.850280187685581114e-06 -5.391627372141318290e-07
7.566783468598031391e-06 -4.409417153722943834e-07
7.262895639670959694e-06 -3.512316256085710118e-07
6.944595665092309881e-06 -2.701354761758259968e-07
6.616054397883888750e-06 -1.971176625209263446e-07
6.280109374623676007e-06 -1.314720217141885856e-07
5.938897361303231936e-06 -7.246793091730010891e-08
5.598064718415931238e-06 -2.040936182331238207e-08
5.259098636453645328e-06 2.541037870275089551e-08
4.924074152014063546e-06 6.545506685222572311e-08
4.594113382938130740e-06 1.003026697229885045e-07
4.271277896613752821e-06 1.302610604749552064e-07
3.956828433695091412e-06 1.557268319106833947e-07
3.653065774166631237e-06 1.768853746080755218e-07
3.360848491928691907e-06 1.941395869704378097e-07
3.079293142914392610e-06 2.080341872766669128e-07
2.810042590410425480e-06 2.187611107349286243e-07
2.553215853867696085e-06 2.266596315486592430e-07
2.309151473295419573e-06 2.320064023224968582e-07
2.078038694106709441e-06 2.350669814659664632e-07
1.859920543630420000e-06 2.360937880011122022e-07
1.654760307949587174e-06 2.353222575002519415e-07
1.462844334174820493e-06 2.329434885374574070e-07
1.284333573120441789e-06 2.291518804440136925e-07
1.117317823913897351e-06 2.242356169133986474e-07
9.630637564953304303e-07 2.182822529905973387e-07
8.201809534539428953e-07 2.115040365751146296e-07
6.891370124405582497e-07 2.040163105223148513e-07
5.684035807569148858e-07 1.959890678575558497e-07
4.582704370196590363e-07 1.875210604157498512e-07
3.579266014044096153e-07 1.787277956572053016e-07
2.684927186111958967e-07 1.697172923954467389e-07
1.876813356076792464e-07 1.605798005987268684e-07
1.142218090777602821e-07 1.513701377751665747e-07
4.902723461194850968e-08 1.421798610739767262e-07
-7.503642963404303071e-09 1.331327834443207794e-07
-5.720347906317970108e-08 1.242257228426669565e-07
-1.003795617647119048e-07 1.155212992724103671e-07
-1.378066602026439988e-07 1.070251435368455476e-07
-1.693874113286198408e-07 9.884204243090156803e-08
-1.963450099230573390e-07 9.087286808092350957e-08
-2.184209796336617719e-07 8.325936635259391079e-08
-2.362235560267317136e-07 7.598204461738775605e-08
-2.502590834034792486e-07 6.901523077531515742e-08
-2.606855816851933246e-07 6.244324312024181280e-08
-2.680359312885793274e-07 5.619652013179034206e-08
-2.726111299311330716e-07 5.027586677829982014e-08
-2.746301002522597097e-07 4.475527380561501185e-08
-2.744738406565824084e-07 3.947970109169179379e-08
-2.723297701882529304e-07 3.459727420566237564e-08
-2.684787481095989072e-07 3.010526125593298138e-08
-2.631325749309683745e-07 2.592897257985929820e-08
-2.565117860413822501e-07 2.205747470763926213e-08
-2.488276453535411420e-07 1.848987345794064502e-08
-2.403646187292835482e-07 1.527615306639324795e-08
-2.310600295171024226e-07 1.227873021327003703e-08
-2.213767648794198097e-07 9.625547139111044088e-09
-2.111549672630522756e-07 7.181262370674868212e-09
-2.006045237374851758e-07 4.969130816870602568e-09
-1.900406584570927316e-07 3.036052593368407909e-09
-1.793035699063877755e-07 1.293828016960677596e-09
-1.685133789495775513e-07 -2.607064906824556969e-10
-1.579762093684079294e-07 -1.587946717523082464e-09
-1.474950463509002262e-07 -2.760382645543830752e-09
-1.371509489791950795e-07 -3.784071014402016469e-09
-1.272167770067757659e-07 -4.629830784623589817e-09
-1.174770519082235471e-07 -5.355297149305618505e-09
-1.081862001198896366e-07 -5.936409264467531960e-09
-9.913002573099730786e-08 -6.421137286596132900e-09
-9.055120586408365811e-08 -6.788515230825144190e-09
-8.223721467877393444e-08 -7.077903045711163931e-09
-7.442049059318027460e-08 -7.271131503783357815e-09
-6.706887723211334552e-08 -7.383253319609384656e-09
-6.014883745450830650e-08 -7.427409074887183537e-09
-5.363896936274795578e-08 -7.413709638832752701e-09
-4.752050832363997446e-08 -7.350277274326885019e-09
-4.177665183899474560e-08 -7.243799149190057713e-09
-3.637558665454521424e-08 -7.101727999754193173e-09
-3.134897029101500583e-08 -6.926312591778333264e-09
-2.678249915997472352e-08 -6.717884475211649201e-09
-2.249765196006315979e-08 -6.489184490517605441e-09
-1.864117370877077015e-08 -6.238221572797158552e-09
-1.503693690719144437e-08 -5.975116983085945474e-09
-1.181478453063997199e-08 -5.698741630189085353e-09
-8.921113856065116559e-09 -5.414473898538058584e-09
-6.305147945508907294e-09 -5.125673948579416725e-09
-3.958521745457742636e-09 -4.834972349775519134e-09
-1.807142457800709791e-09 -4.543209763365242291e-09
1.010578118465475676e-10 -4.252875966963926969e-09
1.747137434330774360e-09 -3.966562257070020533e-09
3.145723236539280764e-09 -3.688450708256046093e-09
4.358417141289001347e-09 -3.416018415935822544e-09
5.376285948311608361e-09 -3.154038212722864012e-09
6.239434861592630358e-09 -2.899906982531283058e-09
6.965687722922343429e-09 -2.653054603586973055e-09
7.545905376246805435e-09 -2.418039315764690845e-09
7.996367853007638532e-09 -2.194887136261729415e-09
8.335610236519172861e-09 -1.981821942115777093e-09
8.573282355704416088e-09 -1.779478931091877717e-09
8.719656362817029724e-09 -1.587676703133863111e-09
8.780318615832937236e-09 -1.410274082528661673e-09
8.769979266581091094e-09 -1.240158477553586080e-09
8.694692071209031386e-09 -1.083502736869575127e-09
8.561206090532189193e-09 -9.326198908807119754e-10
8.377669083437749099e-09 -7.922977963232835747e-10
8.153079556160844507e-09 -6.654741633399082977e-10
7.894916551145045861e-09 -5.515801119168486351e-10
7.600634050905755836e-09 -4.437982116051849199e-10
7.292239593865121841e-09 -3.501932845815187921e-10
6.969403324591181046e-09 -2.670024406294284259e-10
6.627646951340833944e-09 -1.898115196830025080e-10
6.284492141548557482e-09 -1.228316835103411244e-10
5.934677751291824227e-09 -6.254545726104562663e-11
5.587085093089263817e-09 -1.013494509523364934e-11
5.234998844625522867e-09 3.749019743926040440e-11
4.891214186593368688e-09 7.797571398744474837e-11
4.548054651841144045e-09 1.141876284665342044e-10
4.216263479152132706e-09 1.443544091628327558e-10
3.897181516469641667e-09 1.690586791614840625e-10
3.582474681763496643e-09 1.905876084978808638e-10
3.282502958360853252e-09 2.075263094480955396e-10
2.997854030773875755e-09 2.203768342443480031e-10
2.720058880354912376e-09 2.309428354567546014e-10
2.457065452053592371e-09 2.383353369336518600e-10
2.209139538190578084e-09 2.428553673270697956e-10
1.976092841223500404e-09 2.448585988068284540e-10
1.757830795760994214e-09 2.446744873017231294e-10
1.554175376034363587e-09 2.426212226533933578e-10
1.361805425297450699e-09 2.392849981024816061e-10
1.177233124925426815e-09 2.351569442455630782e-10
1.007927925547086931e-09 2.295946462546785570e-10
8.556163812815171042e-10 2.225963611742641287e-10
7.114639147079626531e-10 2.150722728457411819e-10
5.817442838856254429e-10 2.066879556225860455e-10
4.615365640758631093e-10 1.978592799156391583e-10
3.553315388591024414e-10 1.884664253952342063e-10
2.582593563462781333e-10 1.788329467585798867e-10
1.700375519946365841e-10 1.690418688954037660e-10
9.360724205448713460e-11 1.591295157756654667e-10
2.472544331125693737e-11 1.492160397498883624e-10
-3.420700082966006458e-11 1.394239831340313062e-10
-8.721838920463522071e-11 1.297216338157557730e-10
-1.321538988145078617e-10 1.202787057490360774e-10
-1.718868546628150365e-10 1.109641309044100365e-10
-2.055829578483030800e-10 1.019165218594920291e-10
-2.332959657508074163e-10 9.319619149064193832e-11
-2.565024994199149497e-10 8.468300868715621832e-11
-2.750345939454271032e-10 7.648608025366034824e-11
-2.887005563674464817e-10 6.872059126040745078e-11
-2.989805236618809839e-10 6.124269406048083976e-11
-3.062173727108646059e-10 5.404307648927697053e-11
-3.095686559844834842e-10 4.730823889471323399e-11
-3.093362764954954917e-10 4.106397166069718541e-11
-3.061648977436473475e-10 3.531249465477050183e-11
-3.010170346497949792e-10 2.989107641833978390e-11
-2.943390304075012850e-10 2.474177463655663984e-11
-2.858123495400494701e-10 2.003732970462616513e-11
-2.755616829854857705e-10 1.580304622831311325e-11
-2.639959825942086440e-10 1.202486663992743856e-11
-2.515786011392343354e-10 8.563841091410829370e-12
-2.386465603013619846e-10 5.328719629072037412e-12
-2.252060524050885043e-10 2.452499605142301233e-12
-2.113489384555251257e-10 -7.178101289722006867e-14
-1.973631344509487979e-10 -2.379790955278231051e-12
-1.832701509932249715e-10 -4.481666220205531184e-12
-1.691303235360689499e-10 -6.363293430225749061e-12
-1.551251064127779540e-10 -7.982227665500385091e-12
-1.412667721780034693e-10 -9.335598189415242286e-12
-1.276148699939694586e-10 -1.043496311279596100e-11
-1.143382035128723420e-10 -1.131308614292192577e-11
-1.014470538674341366e-10 -1.197196278177805183e-11
-8.899484160980140302e-11 -1.242608203159512582e-11
-7.712433605020776598e-11 -1.271416653321685450e-11
-6.584332079617717818e-11 -1.283832739748448883e-11
-5.512857059641895739e-11 -1.281010866189789154e-11
-4.489697182990229290e-11 -1.267082168821238152e-11
-3.509756980920107866e-11 -1.244579334222060983e-11
-2.568170269566091692e-11 -1.215921083650457893e-11
-1.660070865062736468e-11 -1.183526138364629941e-11
-7.823691985635401708e-12 -1.149401784101102334e-11
4.584113687669766351e-13 -1.110418042365281792e-11
8.139433569488431588e-12 -1.065408027505556886e-11
1.516617526044992292e-11 -1.014431519009016602e-11
2.148543708557243947e-11 -9.575482963627499280e-12
2.704401968877695071e-11 -8.948181390538460106e-12
3.185028969976330459e-11 -8.270346521189634320e-12
3.595031784785199634e-11 -7.554408483525532718e-12
3.933497577107123668e-11 -6.806218041416350557e-12
4.199505616352943838e-11 -6.031616549142788984e-12
4.392135171933499484e-11 -5.236445360985545103e-12
4.513372021293940434e-11 -4.428118847794053154e-12
4.577922161968992195e-11 -3.620935626641289123e-12
4.592374021645457611e-11 -2.824801045523407617e-12
4.561907191054100539e-11 -2.048857982886045376e-12
4.491701260925682895e-11 -1.302249317174837926e-12
4.386850450273502635e-11 -5.939118387960531715e-13
4.248893314587267872e-11 7.580106330276984580e-14
4.079774660915948923e-11 7.055553055152030937e-13
3.882880060374098475e-11 1.290538787740810107e-12
3.661595084076268567e-11 1.825939409879152402e-12
3.419305303137010590e-11 2.306945071829792300e-12
3.159100586569679411e-11 2.730985138657257462e-12
2.883581116437376357e-11 3.099200874111530940e-12
2.595800927795827773e-11 3.409293269895645527e-12
2.298831074902433587e-11 3.658834309675365350e-12
1.995742612014595341e-11 3.845395977116454539e-12
1.689331152799333451e-11 3.968318366358123920e-12
1.379830269822890233e-11 4.043387846568861858e-12
1.068632424844819309e-11 4.078951636001205112e-12
7.576407561676165098e-12 4.080078813898221436e-12
4.487584020937778262e-12 4.051838459502981813e-12
1.438885009257994119e-12 3.999299652058555613e-12
-1.550658090338230645e-12 3.927531470808010588e-12
-4.462013894825932073e-12 3.841602994994416916e-12
-7.276151021180154285e-12 3.746583303860843964e-12
-9.974045535765507414e-12 3.647528376862037459e-12
-1.254426877383028818e-11 3.536137875699055567e-12
-1.497641382614571602e-11 3.402314699951530525e-12
-1.725428712522417315e-11 3.246137616258197748e-12
-1.936169510357804182e-11 3.067685391257791041e-12
-2.128244419371969455e-11 2.867036791589045818e-12
-2.300034082816152327e-11 2.644270583890695480e-12
-2.449919143941589728e-11 2.399465534801476250e-12
-2.576280245999520204e-11 2.132700410960121527e-12
-2.677498032241181978e-11 1.844053979005365920e-12
-2.753558442935319854e-11 1.535714084203454698e-12
-2.808898254249580051e-11 1.215716189281275908e-12
-2.843808328743626005e-11 8.866487538959440950e-13
-2.858177598671787440e-11 5.505721718030840444e-13
-2.851894996288394403e-11 2.095468367583217543e-13
-2.824849453847776618e-11 -1.343668574827171813e-13
-2.776929903604263809e-11 -4.791085171644063608e-13
-2.708025277812186024e-11 -8.226177485311205939e-13
-2.618024508725873310e-11 -1.162834157827233883e-12
-2.507049239775443436e-11 -1.497586491579222889e-12
-2.379382974221069388e-11 -1.822720855792818348e-12
-2.237500830628308483e-11 -2.134944840742596625e-12
-2.082499776667553154e-11 -2.431622564774699790e-12
-1.915476780009195510e-11 -2.710118146235269508e-12
-1.737528808323627661e-11 -2.967795703470447446e-12
-1.549752829281242362e-11 -3.202019354826374863e-12
-1.353245810552431723e-11 -3.410153218649193830e-12
-1.149104719807587853e-11 -3.589561413285046011e-12
-9.384265247171036694e-12 -3.737608057080073476e-12
-7.229250317189104631e-12 -3.854778720788442960e-12
-5.047487830711046689e-12 -3.943758913371836580e-12
-2.852996580135966546e-12 -4.003455728428619557e-12
-6.597377387540963628e-13 -4.032747101969150804e-12
1.518327520144349475e-12 -4.030510970003787616e-12
3.667238023269142848e-12 -3.995625268542890519e-12
5.773032597330058060e-12 -3.926967933596817617e-12
7.821750069036872645e-12 -3.823416901175927822e-12
9.799429265099360909e-12 -3.683850107290580852e-12
1.169348471670362066e-11 -3.509160775664567331e-12
1.349795077780295391e-11 -3.309939596097340162e-12
1.520182130339189074e-11 -3.089393364683541892e-12
1.679311630681829159e-11 -2.849302283987671661e-12
1.825985580143001525e-11 -2.591446556574226588e-12
1.959005980057492215e-11 -2.317606385007702988e-12
2.077174831760086948e-11 -2.029561971852599192e-12
2.179294136585571767e-11 -1.729093519673412321e-12
2.264165895868732713e-11 -1.417981231034639697e-12
2.330641732803398906e-11 -1.098033354384475111e-12
2.380182541589745004e-11 -7.725328775829290024e-13
2.413695245107444002e-11 -4.444496882649045862e-13
2.430805095760380502e-11 -1.160292840119456149e-13
2.431137345952437811e-11 2.104828375944005233e-13
2.414317248087500206e-11 5.328411789725888637e-13
2.379970054569451963e-11 8.488002425410738358e-13
2.327721017802177037e-11 1.156114530718309465e-12
2.257195390189559382e-11 1.452538545922749979e-12
2.168018424135483598e-11 1.735826790572849606e-12
2.061458272032022119e-11 2.004246692140330335e-12
1.941282553714913369e-11 2.256846029597797151e-12
1.808310224393110797e-11 2.491751987863724903e-12
1.663244857493477619e-11 2.707055728844128768e-12
1.506790026442877051e-11 2.900848414445023118e-12
1.339649304668171342e-11 3.071221206572423132e-12
1.162526265596223869e-11 3.216265267132342776e-12
9.761244826538973644e-12 3.334071758030797229e-12
7.811475292680547215e-12 3.422731841173801671e-12
5.786405841676969873e-12 3.481093034018375193e-12
3.726034503597036697e-12 3.514544750355215107e-12
1.652418485253827676e-12 3.524504088213664325e-12
-4.189765184639612145e-13 3.510928704975555525e-12
-2.472684812667638847e-12 3.473776258022719367e-12
-4.493240702468506016e-12 3.413004404736988933e-12
-6.465178492977870784e-12 3.328570802500195286e-12
-8.373032489307036370e-12 3.220433108694171103e-12
-1.020133699656731084e-11 3.088548980700747852e-12
-1.193463934880026232e-11 2.932879560963661524e-12
-1.356957539755112876e-11 2.756619506213482419e-12
-1.510433530925452249e-11 2.563379231308146687e-12
-1.652795675219756517e-11 2.354320982129522374e-12
-1.782947739466737358e-11 2.130607004559483181e-12
-1.899793490495107261e-11 1.893399544479897558e-12
-2.002236695133577420e-11 1.643860847772637185e-12
-2.089181120210860001e-11 1.383153160319572531e-12
-2.159530532555666844e-11 1.112438728002574065e-12
-2.212188698996710115e-11 8.328797967035124588e-13
-2.246931304812567038e-11 5.465377929302013588e-13
-2.265933543115668838e-11 2.579486761658781245e-13
-2.269129294648952265e-11 -3.066298533749734289e-14
-2.256237340005401641e-11 -3.172944489900923408e-13
-2.226976459778001934e-11 -5.999429722020757822e-13
-2.181065434559738112e-11 -8.766058123836149646e-13
-2.118223044943594174e-11 -1.145280226944878801e-12
-2.038168071522555088e-11 -1.403963473296035397e-12
-1.940619294889606145e-11 -1.650652808847252656e-12
-1.825549539698684688e-11 -1.883446871081548736e-12
-1.697424623326575912e-11 -2.102237293263005886e-12
-1.558746749165162130e-11 -2.306132099198121895e-12
-1.410538001069163155e-11 -2.493648648908828421e-12
-1.253820462893300417e-11 -2.663304302417057121e-12
-1.089616218492293732e-11 -2.813616419744739246e-12
-9.189473517208643674e-12 -2.943102360913806456e-12
-7.428359464337326223e-12 -3.050279485946190405e-12
-5.623040864856189575e-12 -3.133665154863821944e-12
-3.783738557312443184e-12 -3.191776727688633133e-12
-1.927328539522524040e-12 -3.225289252201621428e-12
-7.531712854687461737e-14 -3.236378984907498638e-12
1.758799712643997659e-12 -3.224625123057296231e-12
3.561585715633642002e-12 -3.189587510164062671e-12
5.319604612005606819e-12 -3.130825989740844402e-12
7.019420133343436477e-12 -3.047900405300689078e-12
8.647596011230676959e-12 -2.940370600356644357e-12
1.019069597725087748e-11 -2.807796418421757491e-12
1.163528376298758483e-11 -2.649737703009075729e-12
1.297178856951955927e-11 -2.467178824922987913e-12
1.420910211506451366e-11 -2.267908078673586120e-12
1.534201973780700552e-11 -2.054518871554295724e-12
1.636263679397747811e-11 -1.828609596414768592e-12
1.726304863980639246e-11 -1.591778646104655375e-12
1.803535063152419346e-11 -1.345624413473607129e-12
1.867163812536133568e-11 -1.091745291371275316e-12
1.916400647754827370e-11 -8.317396726473109927e-13
1.950455104431545239e-11 -5.672059501513652149e-13
1.968583936590971976e-11 -2.997576435105986432e-13
1.972479400635586104e-11 -3.178850423942155725e-14
1.963308054471503371e-11 2.344761276975664475e-13
1.941046628913642545e-11 4.971920825802518427e-13
1.905671854776922069e-11 7.545151906885225137e-13
1.857160462876260065e-11 1.004601282302265336e-12
1.795489184026575622e-11 1.245606187701367589e-12
1.720634749042786540e-11 1.475685737165716553e-12
1.632573888739811585e-11 1.692995760975199304e-12
1.531283333932569202e-11 1.895692089409703122e-12
1.417950225222301074e-11 2.082659403660421219e-12
1.295587308993238838e-11 2.253881677450377003e-12
1.165045671043104008e-11 2.408041235832736912e-12
1.027093050890048563e-11 2.543770216715357533e-12
8.824971880522246440e-12 2.659700758006095452e-12
7.320258220477839070e-12 2.754464997612806852e-12
5.764466923948788157e-12 2.826695073443347916e-12
4.165275386116608646e-12 2.875023123405576036e-12
2.530361002162825579e-12 2.898081285407346992e-12
8.674751859585597368e-13 2.895008020227945641e-12
-8.149627133005605265e-13 2.869510782416716246e-12
-2.508845497486048258e-12 2.823161765474429670e-12
-4.206173348576781184e-12 2.756798632142211977e-12
-5.898917881019289977e-12 2.671454460604175992e-12
-7.579022141727734018e-12 2.568357744487426148e-12
-9.238400610083941791e-12 2.448932392862053637e-12
-1.086893919793737211e-11 2.314797730241141257e-12
-1.246249524960513348e-11 2.167768496580760185e-12
-1.401089754187198578e-11 2.009854847279971184e-12
-1.550594628399033209e-11 1.843262353180824199e-12
-1.693941311768021878e-11 1.670392000568358159e-12
-1.830304111712934837e-11 1.493840191170602388e-12
-1.958854478899306019e-11 1.316398742158574382e-12
-2.078761033611321303e-11 1.141054225984246262e-12
-2.189465176036641486e-11 9.640886752898620067e-13
-2.290474304311998276e-11 7.802559126799721785e-13
-2.381073649072267665e-11 5.899951366813910166e-13
-2.460554379267580596e-11 3.937207961387387931e-13
-2.528213602163322635e-11 1.918225902144410053e-13
-2.583354363340135266e-11 -1.533453161127202798e-14
-2.625285646693914276e-11 -2.274103695403635509e-13
-2.653322374435810401e-11 -4.440894734569917841e-13
-2.666785407092230295e-11 -6.650811429275091171e-13
-2.665001543504834911e-11 -8.901194272004631180e-13
-2.647303520830540479e-11 -1.118963125206595120e-12
-2.613030014541518175e-11 -1.351395785558841634e-12
-2.561525638425194121e-11 -1.587225706552333341e-12
-2.492140944584250039e-11 -1.826285936164395291e-12
-2.405088007083121837e-11 -2.067489316137331374e-12
-2.303548481131635731e-11 -2.306500219852860606e-12
-2.188212862304534292e-11 -2.541765709348687367e-12
-2.059512349349276197e-11 -2.772050537331165888e-12
-1.917948093717394858e-11 -2.996073505006381185e-12
-1.764091199564499075e-11 -3.212507462080153090e-12
-1.598582723750271093e-11 -3.419979306758033832e-12
-1.422133675838471770e-11 -3.617069985745308439e-12
-1.235525018096934120e-11 -3.802314494246993529e-12
-1.039607665497568319e-11 -3.974201875967841748e-12
-8.353024857163586313e-12 -4.131175223112334506e-12
-6.236002991333651946e-12 -4.271631676384690049e-12
-4.055618788327232055e-12 -4.393922424988856193e-12
-1.823179506026432054e-12 -4.496352706628516786e-12
4.496227283249593175e-13 -4.577273553241650515e-12
2.760526933824041267e-12 -4.637943877740838869e-12
5.103542721504592659e-12 -4.678693209547054036e-12
7.467917120279315693e-12 -4.698620448762299387e-12
9.842405739648360743e-12 -4.696839222587585061e-12
1.221527276969933929e-11 -4.672477885322921506e-12
1.457429098110729807e-11 -4.624679518367323514e-12
1.690674172513476107e-11 -4.552601930218812649e-12
1.919941493363169401e-11 -4.455417656474409973e-12
2.143860911903550107e-11 -4.332313959830143317e-12
2.361013137437105725e-11 -4.182492830081042436e-12
2.569929737325069219e-11 -4.005170984121142239e-12
2.769093136987417724e-11 -3.799579865943479556e-12
2.956936619902873837e-11 -3.564965646640097181e-12
3.131844327608905624e-11 -3.300589224402040235e-12
3.293375805964066655e-11 -3.008325303349597692e-12
3.442710514667679092e-11 -2.693605857505782249e-12
3.578960956256042978e-11 -2.357594809148364936e-12
3.701176112942607993e-11 -2.001440289781182140e-12
3.808407382729383757e-11 -1.626414588420784456e-12
3.899708579406936602e-11 -1.233914151596434260e-12
3.974135932554391510e-11 -8.254595833501012703e-13
4.030748087539432758e-11 -4.026956452364706220e-13
4.068606105518301336e-11 3.260874367706318914e-14
4.086773463435798174e-11 4.785605068103942884e-13
4.084316054025281560e-11 9.331424100707062295e-13
4.060302185808669725e-11 1.394213061852470177e-12
4.013802583096436964e-11 1.859506913037447532e-12
3.943890385987617513e-11 2.326634256994686700e-12
3.850045940101092757e-11 2.793193192236119086e-12
3.735342826161780876e-11 3.257650861009702508e-12
3.600738403880605630e-11 3.717764244542308901e-12
3.446447319764408651e-11 4.170960067889146987e-12
3.272756047306350013e-11 4.614560097355498468e-12
3.080022886985915335e-11 5.045781140496722872e-12
2.868677966268908355e-11 5.461735046118257551e-12
2.639223239607456098e-11 5.859428704275614455e-12
2.392232488440004997e-11 6.235764046274387400e-12
2.128351321191324126e-11 6.587538044670243178e-12
1.848297173272503907e-11 6.911442713268928834e-12
1.552859307080955465e-11 7.204065107126266008e-12
1.242898812000411108e-11 7.461887322548154971e-12
9.193486044009253041e-12 7.681286497090572210e-12
5.832134332371805531e-12 7.858534894607997368e-12
2.359990199501888272e-12 7.996319326610677783e-12
-1.206067795177588598e-12 8.098897419111048260e-12
-4.852007186196232930e-12 8.165006917689652399e-12
-8.562962166448990267e-12 8.193455424280824508e-12
-1.232323358719618908e-11 8.183120397172699292e-12
-1.611628895806348907e-11 8.132949151007200548e-12
-1.992476244704188764e-11 8.041958856780055702e-12
-2.373045488048777802e-11 7.909236541840784505e-12
-2.751433374312286855e-11 7.733939089892700640e-12
-3.125653317803422462e-11 7.515293240992919811e-12
-3.493635398667428810e-11 7.252595591552345191e-12
-3.853226362886081917e-11 6.945212594335681973e-12
-4.202189622277695124e-11 6.592580558461430900e-12
-4.538205254497116186e-11 6.194205649401885037e-12
-4.859391515292536647e-11 5.751151033068508690e-12
-5.165642189608281998e-11 5.269850465533931749e-12
-5.455217595278824408e-11 4.752387200905945845e-12
-5.726122691387312930e-11 4.200423804419166137e-12
-5.976318985791394736e-11 3.615806427827547767e-12
-6.203724535123222868e-11 3.000564809404390700e-12
-6.406213944789447838e-11 2.356912273942340536e-12
-6.581618368971221506e-11 1.687245732753382047e-12
-6.727725510624199016e-11 9.941456836688472530e-13
-6.842279621478534923e-11 2.803762110394081533e-13
-6.922981502038885775e-11 -4.511150142649164070e-13
-6.967488501584406235e-11 -1.197196734854768008e-12
-6.973414518168756837e-11 -1.954554106821441787e-12
-6.938329998620094941e-11 -2.719688699736891692e-12
-6.859853767953647589e-11 -3.488717232006232830e-12
-6.738697924480661647e-11 -4.250698003829789397e-12
-6.574630579079249668e-11 -4.996479454924019401e-12
-6.366090991227947190e-11 -5.719543679778505857e-12
-6.111539718173208804e-11 -6.413047274496997512e-12
-5.809458614929399099e-11 -7.069821336797403193e-12
-5.458350834278803659e-11 -7.682371466011795034e-12
-5.056740826771621943e-11 -8.242877763086408483e-12
-4.603174340725969880e-11 -8.743194830581637449e-12
-4.096218422227879214e-11 -9.174851772672046420e-12
-3.538734110517453169e-11 -9.533510600124841850e-12
-2.948466687813160687e-11 -9.830016777617723624e-12
-2.332221743288128285e-11 -1.006345286914873028e-11
-1.695920849083467799e-11 -1.023163127668184279e-11
-1.046053112495757539e-11 -1.033260888299287429e-11
-3.896751759770451945e-12 -1.036468705166947489e-11
2.655887828651505472e-12 -1.032641162711112522e-11
9.115470512678419410e-12 -1.021657293452913967e-11
1.539440381312571215e-11 -1.003420577994666638e-11
2.139957307368980248e-11 -9.778594597331961718e-12
2.714772353174141352e-11 -9.453150641909276893e-12
3.267861464594005911e-11 -9.062493707814456637e-12
3.795222029382919486e-11 -8.608997737794145181e-12
4.292915779570850212e-11 -8.095493486377019787e-12
4.757068791463393326e-11 -7.525268519873784292e-12
5.183871485641762113e-11 -6.902067216377174759e-12
5.569578626962797606e-11 -6.230090765761956250e-12
5.910509324558963412e-11 -5.513997169684925242e-12
6.203047031838343774e-11 -4.758901241584908019e-12
6.444316406979270837e-11 -3.970106985836989135e-12
6.636352540928124135e-11 -3.151459145328799502e-12
6.778689701417716944e-11 -2.308273504838541112e-12
6.870279955631741238e-11 -1.446578295395005871e-12
6.910340000291774771e-11 -5.727793699143323903e-13
6.898351161657286253e-11 3.063397967999831085e-13
6.834059395525631473e-11 1.183618108057090024e-12
6.717475287232053293e-11 2.051516845278785396e-12
6.548874051649684240e-11 2.902119667999509863e-12
6.328795533189543917e-11 3.727132613866352109e-12
6.059576783477323421e-11 4.521503130485440413e-12
5.745415366595224717e-11 5.283569564540498286e-12
5.388972767912139459e-11 6.007040444932297037e-12
4.993267270739649139e-11 6.685464325320942586e-12
4.561700520227589998e-11 7.312292512159529524e-12
4.098057523364058198e-11 7.880879064694134645e-12
3.606506648975404003e-11 8.384480794963825034e-12
3.091599627726234363e-11 8.816257267800654824e-12
2.558271552119414857e-11 9.169270800829660360e-12
2.011575164211178508e-11 9.437364957696305834e-12
1.452424749746172985e-11 9.629236009532466524e-12
8.835995229487981083e-12 9.748584650999861741e-12
3.094040728334027014e-12 9.795238626656472582e-12
-2.656638320844274612e-12 9.769557211311297669e-12
-8.369132437878719168e-12 9.672431210024348297e-12
-1.399460034758871961e-11 9.505282958106651672e-12
-1.948226897978134523e-11 9.270066321120247671e-12
-2.477943346925128937e-11 8.969266694878192081e-12
-2.983145715578089849e-11 8.605901005444554981e-12
-3.460206102448606747e-11 8.182528315758863519e-12
-3.910025668751425367e-11 7.699936466902641328e-12
-4.329435907368177459e-11 7.161335159515315752e-12
-4.715029472543474937e-11 6.570487889688197863e-12
-5.063445637179634427e-11 5.931572748694986784e-12
-5.371370292836675969e-11 5.249182422991772930e-12
-5.635535949732323668e-11 4.528324194217029922e-12
-5.852721736742006340e-11 3.774419939191623481e-12
-6.019753401398856217e-11 2.993306129918804552e-12
-6.133593768129008811e-11 2.191203719065823575e-12
-6.197859146294249598e-11 1.372548757717551018e-12
-6.216001989984650334e-11 5.422619611735210484e-13
-6.188562066095998416e-11 -2.933361753728854404e-13
-6.116440245922920182e-11 -1.127615257227803299e-12
-6.000898505158887372e-11 -1.953634990196879891e-12
-5.843559923896213250e-11 -2.764145180585282361e-12
-5.646408686626054541e-11 -3.551585735197694407e-12
-5.411790082238412081e-11 -4.308086661338312238e-12
-5.142410504022126937e-11 -5.025468066810851847e-12
-4.840577385681003484e-11 -5.697160318698249829e-12
-4.505419060720631131e-11 -6.325227546015633657e-12
-4.138668768870858671e-11 -6.905755434751882692e-12
-3.742707525324709445e-11 -7.433795550839307963e-12
-3.320125355100012654e-11 -7.904473799060554575e-12
-2.873721293039403363e-11 -8.312990423048601717e-12
-2.406503383810323145e-11 -8.654620005286765075e-12
-1.921688681905018467e-11 -8.924711467108695228e-12
-1.422703251640541336e-11 -9.118688068698379253e-12
-9.131821671587499418e-12 -9.232047409090135885e-12
-3.967896827456393882e-12 -9.267541594871601396e-12
1.226948418089084138e-12 -9.231746446244508020e-12
6.411332724014465861e-12 -9.125332384703868630e-12
1.154189559456020039e-11 -8.949487141526925683e-12
1.657329847134956391e-11 -8.705920118298312931e-12
2.145822473338869519e-11 -8.396862386910052195e-12
2.614737969706660210e-11 -8.025066689561561440e-12
3.058949061615512604e-11 -7.593807438759648314e-12
3.473130668180898069e-11 -7.106880717318510147e-12
3.852607341408997805e-11 -6.568493102215967370e-12
4.200836523167612416e-11 -5.982279930801292476e-12
4.517293029668681775e-11 -5.352894743873176742e-12
4.799791642336002141e-11 -4.685704583335717069e-12
5.046291922985749574e-11 -3.986553217214144365e-12
5.254898213826483807e-11 -3.261761139654830010e-12
5.423859637459145665e-11 -2.518125570925279389e-12
5.551570096877058356e-11 -1.762920457414137952e-12
5.636568275465926824e-11 -1.003896471631186774e-12
5.677537637003838397e-11 -2.492810122073442696e-13
5.674344110277425576e-11 4.964969598196464515e-13
5.628535366082418657e-11 1.234863895622371256e-12
5.540306587508257323e-11 1.960600915508358617e-12
5.410042756899300606e-11 2.668197887173549892e-12
5.238368003569130782e-11 3.352056733676901154e-12
5.026145603800554662e-11 4.006491433440381981e-12
4.774477980845601651e-11 4.625728020248981919e-12
4.484706704925523754e-11 5.203904583250699980e-12
4.158412493230798798e-11 5.735071266956553932e-12
3.797495279222438780e-11 6.213508203978147055e-12
3.406260532906494054e-11 6.642009707662418893e-12
2.988764631061897117e-11 7.021343481842321336e-12
2.548613396064279983e-11 7.349450675012274763e-12
2.089746245184797389e-11 7.624559517254088192e-12
1.616436190590117746e-11 7.845185320236959277e-12
1.133289839342425400e-11 8.010130477217477544e-12
6.452473933994224105e-12 8.118484463039619540e-12
1.575826496143261266e-12 8.169623834134752066e-12
-3.240970002641293186e-12 8.163212228521628946e-12
-7.955739009589130039e-12 8.099372071039305783e-12
-1.257901484873360113e-11 7.979071294279569255e-12
-1.708353719435975966e-11 7.803221580932507895e-12
-2.143982562165950969e-11 7.573032813117705303e-12
-2.562084942812382446e-11 7.290059600451046391e-12
-2.960236750854555099e-11 6.956204666411243202e-12
-3.336326823002224370e-11 6.573722234706357487e-12
-3.688590930695894962e-11 6.145221415640324097e-12
-4.015645767607104844e-11 5.673669592479474373e-12
-4.316522937138703127e-11 5.162395807819062766e-12
-4.590702939925137305e-11 4.615094149949787805e-12
-4.835993972675009271e-11 4.035052739126715927e-12
-5.047467618494633328e-11 3.424762474961600982e-12
-5.223571542627282061e-11 2.788104617772601535e-12
-5.363069378207714781e-11 2.129242405600306072e-12
-5.464960123153005941e-11 1.452583265998297587e-12
-5.528490975673274047e-11 7.627746020892799270e-13
-5.553170169782409284e-11 6.469957862118959743e-14
-5.538779810808799193e-11 -6.365270919766774936e-13
-5.485388710906052423e-11 -1.335563363537547363e-12
-5.393365224563729576e-11 -2.026844070101047263e-12
-5.263390084118065020e-11 -2.704585139857084588e-12
-5.095955180231145032e-11 -3.364995756780517692e-12
-4.891625755326450425e-11 -4.005211542836242030e-12
-4.651696980257854183e-11 -4.620533801799937415e-12
-4.377772349150411576e-11 -5.206299724613599604e-12
-4.071773336342577579e-11 -5.757900255784029005e-12
-3.735949136385809885e-11 -6.270797603036744542e-12
-3.372886404044171279e-11 -6.740542746969898320e-12
-2.985518994293925547e-11 -7.162792950708196763e-12
-2.577137702323140817e-11 -7.533329269556811242e-12
-2.151400003531289350e-11 -7.848074060655300016e-12
-1.712278581326507582e-11 -8.103180804690877305e-12
-1.260547090592458594e-11 -8.299214609047451492e-12
-7.974899721198694443e-12 -8.436798693518693170e-12
-3.261634854172126626e-12 -8.515153705148577955e-12
1.502538703542584983e-12 -8.534075438008146698e-12
6.284675453186382957e-12 -8.493971160246067601e-12
1.105073127823494791e-11 -8.395895941139190271e-12
1.576562533378004224e-11 -8.241588978143093304e-12
2.039330193591078920e-11 -8.033509923942641562e-12
2.489679245109499728e-11 -7.774875213502541842e-12
2.923827718556043280e-11 -7.469694391117888838e-12
3.338084737487720324e-11 -7.122168668037057930e-12
3.731209783223329063e-11 -6.727900005905163268e-12
4.101089065810655531e-11 -6.286418802265363253e-12
4.445048541411961897e-11 -5.800069192492803490e-12
4.760545304603237792e-11 -5.271474929790555094e-12
5.045183755514108283e-11 -4.703538280375666040e-12
5.296731766967742476e-11 -4.099438918665207657e-12
5.513136851620761488e-11 -3.462632822462338092e-12
5.692542329103145767e-11 -2.796851168142341945e-12
5.833303493158140469e-11 -2.106099225838690903e-12
5.934003778782170540e-11 -1.394655254629091854e-12
5.993565127857945579e-11 -6.670034875357960382e-13
6.011766862908024514e-11 7.251871443808886235e-14
5.988357304866141216e-11 8.190890587297703029e-13
5.923327361121242165e-11 1.567581542071270827e-12
5.817020892370274954e-11 2.312633466342525355e-12
5.670153226679488079e-11 3.048648185513762143e-12
5.483829673545730094e-11 3.769797852587902323e-12
5.259564037957742935e-11 4.470026166542942476e-12
4.999297134457466247e-11 5.143051119274345288e-12
4.705415301201331358e-11 5.782367742537431818e-12
4.380768914021562367e-11 6.381250854889767304e-12
4.027539839240201822e-11 6.934686914880767615e-12
3.644849317781652508e-11 7.443416832156525522e-12
3.234782663978829458e-11 7.903872726566452568e-12
2.799965282772144942e-11 8.312274146210767256e-12
2.343283822852625109e-11 8.665129172577371540e-12
1.867889067388210153e-11 8.959263351210968435e-12
1.377198824750045120e-11 9.191848622382199008e-12
8.749008192387752342e-12 9.360432251756769676e-12
3.649555818108421936e-12 9.462965761064576270e-12
-1.484006591952229272e-12 9.497833858768831341e-12
-6.606530873325043494e-12 9.463883370735197912e-12
-1.168692222103380802e-11 9.360817721092208138e-12
-1.671581640731434143e-11 9.189392862590429987e-12
-2.165878619626984505e-11 8.950432768381925674e-12
-2.648039271247845813e-11 8.645380207146387500e-12
-3.114498842355918229e-11 8.276343701672347928e-12
-3.561683093697272926e-11 7.846129552070811882e-12
-3.986019679682224583e-11 7.358273858988869641e-12
-4.383949528065428441e-11 6.817074546823335594e-12
-4.751938219625949561e-11 6.227623386934372454e-12
-5.086487367847354065e-11 5.595838020859115461e-12
-5.384145998597787445e-11 4.928493983525300640e-12
-5.643335980318003130e-11 4.227466651748615431e-12
-5.863438511280970294e-11 3.492715333111324415e-12
-6.042597972221139646e-11 2.729361259784987158e-12
-6.179241406563066653e-11 1.942906066135847742e-12
-6.272100432387398898e-11 1.139230195056180079e-12
-6.320233030730178492e-11 3.245916990142104384e-13
-6.323045333882131576e-11 -4.943749588959511296e-13
-6.280313413687965570e-11 -1.310660103904376147e-12
-6.192205069845662545e-11 -2.116880048515390324e-12
-6.059301618205768719e-11 -2.905278291457643356e-12
-5.882602276762980881e-11 -3.667866630937898934e-12
-5.662598229641998808e-11 -4.404046053437445306e-12
-5.400300255193130908e-11 -5.112520995169565198e-12
-5.097581205705801454e-11 -5.788722186672623545e-12
-4.756757843805733420e-11 -6.428345058724101192e-12
-4.380608363648228669e-11 -7.027385248761670327e-12
-3.972389912111446841e-11 -7.582174107304246477e-12
-3.535856109989677789e-11 -8.089414204373057483e-12
-3.075274573186620468e-11 -8.546214835912716497e-12
-2.595444433908658927e-11 -8.950127530212273993e-12
-2.101713861858139577e-11 -9.299181554326292383e-12
-1.599441257438892009e-11 -9.591647379545138885e-12
-1.086535943725781757e-11 -9.822416064494335499e-12
