4.000000000000000000e+00 4.000000000000000000e+00
3.999502700720797943e+00 4.122434764005523888e+00
3.998721790407319343e+00 4.314242092126366224e+00
3.998376369690705090e+00 4.398879697889536367e+00
3.997938950661754198e+00 4.505893051894823031e+00
3.997514225891434680e+00 4.609953065928703353e+00
3.996818737760956974e+00 4.780707628999151915e+00
3.996215223297487906e+00 4.929307524372172011e+00
3.995724770500614920e+00 5.049690618883222903e+00
3.995005953306015822e+00 5.225826412119621622e+00
3.994400491328298664e+00 5.374393329335354963e+00
3.993694069481830144e+00 5.547732431508959117e+00
3.993137644183546442e+00 5.684933366887470640e+00
3.992441631307502625e+00 5.856376824998014818e+00
3.991742497572722925e+00 6.027770594576913332e+00
3.990835684346528911e+00 6.250519613903283478e+00
3.990080110548022141e+00 6.436282178546519184e+00
3.989308350478526499e+00 6.625847599262765009e+00
3.988317958592044299e+00 6.869038271708771681e+00
3.987610834898838164e+00 7.042757557858335460e+00
3.986602500262863114e+00 7.290306420584698799e+00
3.985805650164397029e+00 7.486079261073339985e+00
3.984972768114888098e+00 7.690604271344597009e+00
3.984151436914184607e+00 7.892324304754925635e+00
3.983222539672799378e+00 8.120358832988911146e+00
3.982602853601675985e+00 8.272244123522575876e+00
3.981598624760458449e+00 8.519512398404762266e+00
3.980725100494058033e+00 8.733657520746183067e+00
3.979810409138557326e+00 8.958535714317624965e+00
3.978594410945345938e+00 9.257600109873649785e+00
3.977457676826379185e+00 9.536863734964281747e+00
3.976080303169264418e+00 9.875859317960774320e+00
3.974866881896824466e+00 1.017417751119552527e+01
3.973928089600816005e+00 1.040524071591867283e+01
3.972748546329843311e+00 1.069515451039451115e+01
3.971452622945241373e+00 1.101273681146868455e+01
3.970565247382252139e+00 1.123091261148518427e+01
3.969180386015385587e+00 1.157189239238101663e+01
3.968296541059601168e+00 1.178948745060351655e+01
3.966880662954600290e+00 1.213657831918640539e+01
3.965414010546755463e+00 1.249683989943950024e+01
3.964338076937326427e+00 1.276186068216548186e+01
3.962510047239766742e+00 1.321160004533151877e+01
3.961241797226201733e+00 1.352364139965297696e+01
3.959706099588593986e+00 1.390099960204034879e+01
3.958172302708400370e+00 1.427705235686248741e+01
3.956697918867154939e+00 1.464005733134933429e+01
3.954916579748284811e+00 1.507815778754329550e+01
3.952931109788910824e+00 1.556566706868231620e+01
3.950737705127528532e+00 1.610454095071074931e+01
3.948592827215621881e+00 1.663126679695005450e+01
3.946496475178840502e+00 1.714765206470712755e+01
3.944438981537766509e+00 1.765427226746724187e+01
3.942114287861587574e+00 1.822564346952738745e+01
3.939650761233161269e+00 1.883170585041925804e+01
3.937659515121780807e+00 1.931949895914890192e+01
3.934812923177982036e+00 2.001945540226867237e+01
3.932410183958084726e+00 2.061048454161262100e+01
3.930492568329464920e+00 2.108197936874449141e+01
3.928607098165519673e+00 2.154612576427166815e+01
3.926093189653143245e+00 2.216502634707243757e+01
3.923117320583949574e+00 2.289619361272584896e+01
3.919026123042894216e+00 2.390172652326622682e+01
3.916439911295245491e+00 2.453780389575075560e+01
3.914245312779747632e+00 2.507655018231019994e+01
3.911443044384493195e+00 2.576448967109011434e+01
3.907163182590676076e+00 2.681595849234286888e+01
3.904912276425546835e+00 2.736962280137425196e+01
3.902010661024570393e+00 2.808161590610559344e+01
3.899059473209407045e+00 2.880977523770930659e+01
3.895531971170368202e+00 2.967520575752518397e+01
3.892136672383668561e+00 3.050939072968344945e+01
3.888367981940754614e+00 3.143567966739530917e+01
3.884719820003196045e+00 3.233471547572671767e+01
3.880225832312051537e+00 3.343901527960636599e+01
3.875979155663719311e+00 3.448296194537102366e+01
3.872015317859334171e+00 3.545821631130459650e+01
3.868388533133873874e+00 3.634923361963082300e+01
3.864579830283992656e+00 3.728403903568183608e+01
3.859585414112637114e+00 3.851112273638091921e+01
3.855776358522397196e+00 3.944520186910339277e+01
3.851010820573813387e+00 4.061920853131017850e+01
3.845710999969283339e+00 4.191925547355138804e+01
3.840901512597745260e+00 4.310132898997043327e+01
3.834671323593420222e+00 4.463357490242576375e+01
3.830418778942291880e+00 4.567757283300163351e+01
3.826607540759896509e+00 4.661670364566403890e+01
3.820620476744759575e+00 4.808782445943133155e+01
3.815967522144716018e+00 4.923154629871766019e+01
3.810521400165919559e+00 5.057284927480372261e+01
3.805453239883457961e+00 5.181859260025785119e+01
3.798186043249688559e+00 5.360592327032521354e+01
3.792606644134662641e+00 5.497425646531117138e+01
3.786831910807996415e+00 5.639728492894161604e+01
3.781794725230807952e+00 5.763265222108932306e+01
3.774868801921472450e+00 5.933370699556446226e+01
3.767026294845480461e+00 6.126061296945519530e+01
3.760693959114287388e+00 6.281660303489141484e+01
3.754615519270661839e+00 6.431457785413849138e+01
3.746695161791779860e+00 6.626253359649213337e+01
3.739067912846291364e+00 6.813722791144587632e+01
3.730986589907130835e+00 7.012383858025023642e+01
3.720786633403357246e+00 7.262739765479261678e+01
3.711511728168904956e+00 7.490690952326951901e+01
3.702640538006947590e+00 7.708525446195751840e+01
3.691864922512989367e+00 7.973703632585213086e+01
3.683667318575487570e+00 8.175173258665147102e+01
3.673852142847315871e+00 8.415700891106550330e+01
3.663384626336544159e+00 8.672537443520093348e+01
3.653839642770358331e+00 8.907154766238787147e+01
3.641430327866561178e+00 9.212024398641767675e+01
3.632677697541935924e+00 9.427204937713929667e+01
3.623799948096569690e+00 9.645034470149184358e+01
3.616168736987131815e+00 9.832084359894213321e+01
3.604323529062550158e+00 1.012357335286329061e+02
3.595969279662449836e+00 1.032840622102244055e+02
3.578573155168077502e+00 1.075568546755430788e+02
3.565447786533481267e+00 1.107875221997512369e+02
3.553400722659167954e+00 1.137559292245935012e+02
3.543048205224800462e+00 1.163069163062333331e+02
3.529203531141602568e+00 1.197043579357927285e+02
3.517507667180472364e+00 1.225760160907074976e+02
3.508688028637378054e+00 1.247423996323943101e+02
3.488249592941560007e+00 1.297592931535216394e+02
3.473840820298879528e+00 1.333015747551336005e+02
3.459567244406505981e+00 1.368007253924762381e+02
3.447243070379916396e+00 1.398264837151050699e+02
3.424857133055698721e+00 1.453291751847791033e+02
3.411565139396237178e+00 1.486068150743170122e+02
3.393692673701807383e+00 1.529914883732468240e+02
3.379997544114202501e+00 1.563538959308265248e+02
3.355215023591180845e+00 1.624547914591998676e+02
3.333396421923917607e+00 1.678080302105965984e+02
3.318541896553998782e+00 1.714527793862571627e+02
3.296704989654235085e+00 1.768198302959057173e+02
3.274208127819153269e+00 1.823478108690656256e+02
3.255709754525892397e+00 1.868926393161468980e+02
3.237847072850181807e+00 1.912723044704592041e+02
3.216606856456572405e+00 1.964965790642613115e+02
3.193381297618133718e+00 2.021995609529769808e+02
3.174281759553902571e+00 2.068717427409267486e+02
3.150120842159565893e+00 2.127608482401444974e+02
3.126561205764168960e+00 2.184384112314369304e+02
3.103258393713137941e+00 2.240388470713849358e+02
3.080235504308401318e+00 2.295521436953780210e+02
3.051788471400911362e+00 2.362957868520657314e+02
3.016097662922442080e+00 2.446810438431749049e+02
2.985266248921252252e+00 2.518543656073756267e+02
2.959736355378152606e+00 2.577397252525271938e+02
2.928347839029671107e+00 2.649385508471874004e+02
2.891960591127607838e+00 2.731948471215045515e+02
2.851469942119658985e+00 2.822527414516503654e+02
2.826701378496735639e+00 2.877455652826298547e+02
2.787577179784037629e+00 2.963444722899928934e+02
2.758901105293047884e+00 3.025655833888627626e+02
2.733620789508925064e+00 3.080228826870254011e+02
2.704020609093640726e+00 3.143473282484558240e+02
2.679388949095201422e+00 3.195702352957260928e+02
2.651361057850750047e+00 3.254716625539592201e+02
2.603593873291510263e+00 3.354027428421936179e+02
2.562314945250181442e+00 3.438488289965465583e+02
2.527755873426937860e+00 3.508192840723660879e+02
2.484410721713396608e+00 3.594763407337934495e+02
2.450701725649634621e+00 3.661018481463934791e+02
2.407937369164169450e+00 3.743983427267388038e+02
2.354801738984569681e+00 3.845576255003587107e+02
2.306918076059235378e+00 3.935466798174488758e+02
2.271009616072829029e+00 4.001686081897517511e+02
2.213520301873695750e+00 4.106047618356499243e+02
2.163416874870923490e+00 4.195363682030937298e+02
2.131176093647960901e+00 4.251785372945621475e+02
2.068537177003170857e+00 4.359644097089889669e+02
2.037453136768960782e+00 4.411699045618834703e+02
1.974401873917476680e+00 4.516372063965404209e+02
1.934230236419237414e+00 4.581194467611759364e+02
1.890146641282014484e+00 4.651091272575608855e+02
1.830706562118695979e+00 4.742985926394578087e+02
1.773406469147382758e+00 4.829593004743243227e+02
1.730784989997920853e+00 4.892489320355340396e+02
1.679044681869716893e+00 4.967144481448370925e+02
1.618846116736524454e+00 5.051739187515448748e+02
1.558336680463628054e+00 5.133970541995856820e+02
1.493684090646700380e+00 5.219070369895298427e+02
1.444128336848975458e+00 5.282306005836245504e+02
1.405073735005412550e+00 5.330923431826158776e+02
1.364833050052947305e+00 5.380204576932339933e+02
1.314292115756943602e+00 5.439999491232679247e+02
1.275388667988175406e+00 5.485254599107291824e+02
1.229796147175213905e+00 5.536263991352142284e+02
1.176525056325635976e+00 5.594098620432134794e+02
1.108952921600733665e+00 5.664646144148600797e+02
1.062965389654448645e+00 5.710736672831060332e+02
1.006377933333257202e+00 5.765388076112187719e+02
9.603610766179648817e-01 5.807689435660518029e+02
8.198497704355132143e-01 5.858917442204098052e+02
-1.792804472566020008e-03 5.943472251472849166e+02
-9.883494298464119421e-01 5.995257961731451815e+02
-2.386420008376656909e+00 6.041966254378492067e+02
-4.284217447876398133e+00 6.083372892458260139e+02
-5.666727800983310637e+00 6.104103353458586980e+02
-7.671054875807210571e+00 6.125215124263309008e+02
-1.104540477757824313e+01 6.145491752132325018e+02
-1.456276598659427890e+01 6.153974461980855040e+02
-1.697039109633564635e+01 6.154724738243577349e+02
-2.055949398776960990e+01 6.145749234847939988e+02
-2.520614725241202336e+01 6.123158924974273987e+02
-2.857934512548430561e+01 6.100681004258916573e+02
-3.244336298763131765e+01 6.022142365092236105e+02
-3.611052769361705828e+01 5.900893663849027462e+02
-4.039557805073616237e+01 5.704982187913578855e+02
-4.541317324628479213e+01 5.401008929649377706e+02
-5.022553147870819856e+01 5.381505528795734108e+02
-5.333952540389043406e+01 5.371376981170055842e+02
-5.638949900449597408e+01 5.362058553059450787e+02
-6.100584456397528044e+01 5.347983569858993178e+02
-6.434743141477754591e+01 5.338423222809009303e+02
-6.896713281721372368e+01 5.324994108347511883e+02
-7.277052637700236914e+01 5.314697667936919743e+02
-7.677743610576864342e+01 5.304117410955960850e+02
-8.174815218833678898e+01 5.290598538180503283e+02
-8.857510283984100852e+01 5.273287019562185378e+02
-9.480505360401419068e+01 5.257417340419967786e+02
-9.965919677863439574e+01 5.245674622953439439e+02
-1.035430583598394492e+02 5.236128874902584585e+02
-1.087591520459299943e+02 5.223411333467771556e+02
-1.159969417648550234e+02 5.206750973396194695e+02
-1.218076950538230960e+02 5.193460295682814376e+02
-1.289943851693789441e+02 5.177431272103142419e+02
-1.335195488497424208e+02 5.167664855093609049e+02
-1.383310770377140102e+02 5.157279700858174465e+02
-1.462960103843724369e+02 5.140658104395356531e+02
-1.529798361002407319e+02 5.126671473524658040e+02
-1.578586873875613321e+02 5.116606315166664558e+02
-1.643817608931397274e+02 5.103421302736217058e+02
-1.715286784899854808e+02 5.089346124674424914e+02
-1.763400963375559911e+02 5.080128484529999469e+02
-1.826348469524085090e+02 5.067784426210862421e+02
-1.902221361892044911e+02 5.053383888164220252e+02
-1.972532043057667863e+02 5.039976155393850945e+02
-2.047267314673841554e+02 5.025953572207149591e+02
-2.117570199731380285e+02 5.013106372218519482e+02
-2.172179328582204789e+02 5.003148829381127598e+02
-2.238684712720664720e+02 4.991200506789713813e+02
-2.279439505690871499e+02 4.983902222278302929e+02
-2.345763635666095865e+02 4.971985065228313942e+02
-2.406775843711130847e+02 4.961034245473909436e+02
-2.473328619102983907e+02 4.948991522901296776e+02
-2.533163696725148668e+02 4.938360516016513202e+02
-2.608612528205500212e+02 4.925145238832479322e+02
-2.672683606575279782e+02 4.913996564144680974e+02
-2.726013623684461322e+02 4.904454144727464495e+02
-2.802771188765954093e+02 4.891490312975387269e+02
-2.851978049008660037e+02 4.882835401363144570e+02
-2.917293100835434529e+02 4.871838769388859873e+02
-2.991090034741045542e+02 4.859198602168972911e+02
-3.042709328575602399e+02 4.850332327183048733e+02
-3.106884008352395199e+02 4.839357647744956807e+02
-3.171240156166061297e+02 4.828271673176366221e+02
-3.252150522753765358e+02 4.814670569495930863e+02
-3.307604369937098454e+02 4.805366336764932953e+02
-3.365328381324123370e+02 4.795748255250036323e+02
-3.432666277480407757e+02 4.783958640597331851e+02
-3.507367300289336640e+02 4.771152446739541801e+02
-3.559982575487782697e+02 4.761689693672456087e+02
-3.600799573697833011e+02 4.754286104557878616e+02
-3.662764309245271193e+02 4.743006978402297023e+02
-3.704512383986261170e+02 4.735254695308391319e+02
-3.750382010177180518e+02 4.726463978909851562e+02
-3.828313354927529986e+02 4.710837100229107364e+02
-3.897115547160520350e+02 4.697102913088612581e+02
-3.953599598914757962e+02 4.685494905441233300e+02
-4.006690944586201226e+02 4.674786398154823246e+02
-4.055591613293863134e+02 4.664806059460817096e+02
-4.108494120459001238e+02 4.654292237193672008e+02
-4.172709841663730685e+02 4.641239992984484388e+02
-4.232504668002280255e+02 4.628869945086192956e+02
-4.294237592502045118e+02 4.616217888893675649e+02
-4.359205466503875073e+02 4.603108213616983448e+02
-4.405832660497729307e+02 4.593382062107398838e+02
-4.465817041711064235e+02 4.581284701213618860e+02
-4.525548743009519512e+02 4.568561251977207007e+02
-4.566969198138094725e+02 4.559835741412782681e+02
-4.625822098320647910e+02 4.547661880697841639e+02
-4.674246576378722011e+02 4.537266118143873541e+02
-4.726839304554189312e+02 4.525964126845376541e+02
-4.788545543827096935e+02 4.512846902650359198e+02
-4.837238225583145663e+02 4.502212012168594129e+02
-4.894458821738039092e+02 4.490039626788520195e+02
-4.933039737804123774e+02 4.481961689299863565e+02
-4.979652603749641457e+02 4.471967053875892475e+02
-5.007158850812296578e+02 4.466223765574035269e+02
-5.072980865262358066e+02 4.452566916481918042e+02
-5.115055450557817949e+02 4.443535286663531565e+02
-5.155854501807370980e+02 4.434778106444546211e+02
-5.208149973972277849e+02 4.423674147162074064e+02
-5.256555376780837605e+02 4.413401361242316625e+02
-5.304292168154955789e+02 4.403231805179132721e+02
-5.345149847756503050e+02 4.394728025765194843e+02
-5.393091227476323866e+02 4.384609773679100613e+02
-5.437309183253165656e+02 4.374982007843539122e+02
-5.475572949981371949e+02 4.366527289910642935e+02
-5.516847442720387562e+02 4.357606044044416649e+02
-5.551647128845861516e+02 4.350068742325769904e+02
-5.589646257858727267e+02 4.341806936301034625e+02
-5.635000781330593327e+02 4.331844173446547188e+02
-5.678868018501433426e+02 4.322095549057839889e+02
-5.732230773998131781e+02 4.310791130674846272e+02
-5.776987297887444583e+02 4.300988764218259348e+02
-5.808771867292249453e+02 4.293717858285529019e+02
-5.842059531289161214e+02 4.286044883067226579e+02
-5.870169713055951206e+02 4.279599493613166032e+02
-5.906384703074597837e+02 4.271226974097504012e+02
-5.959910157909990858e+02 4.259314998007034205e+02
-5.995080814588875455e+02 4.251443218729804130e+02
-6.036033825460598337e+02 4.242274447784130871e+02
-6.072114709861783695e+02 4.234142945556704944e+02
-6.106928897366371984e+02 4.226227941955209531e+02
-6.154097941460529455e+02 4.215526948489874712e+02
-6.182893186773557090e+02 4.208850929584997971e+02
-6.223741124132745881e+02 4.199420092178775121e+02
-6.253383322074287207e+02 4.192350702478410653e+02
-6.290817411205368899e+02 4.183458120117311978e+02
-6.325396950611291231e+02 4.175841242012479597e+02
-6.352370593403362591e+02 4.169252958609318966e+02
-6.400708989847579460e+02 4.158194558634584723e+02
-6.446784860743099443e+02 4.147441136361506437e+02
-6.492725228893085614e+02 4.136298861568860161e+02
-6.525699257332184970e+02 4.128523854251736225e+02
-6.558999733910624172e+02 4.120681600983397175e+02
-6.598623641644605868e+02 4.111300572150361745e+02
-6.630670603957265712e+02 4.103723442743488476e+02
-6.664840064132746420e+02 4.095433846622282203e+02
-6.709598392853623636e+02 4.084715935015092896e+02
-6.752486332374060112e+02 4.074330072313379674e+02
-6.782891937163246894e+02 4.067226106619039001e+02
-6.817716332594542337e+02 4.058991054230792201e+02
-6.860791952104028724e+02 4.048903143268894382e+02
-6.888763430818207780e+02 4.042160379007028723e+02
-6.932140403756425258e+02 4.031940831799681746e+02
-6.954501711263823154e+02 4.026545876823619778e+02
-6.978549584276037194e+02 4.020827152063235985e+02
-7.008408058353735441e+02 4.013193720400134339e+02
-7.031743200292906977e+02 4.007459698030386335e+02
-7.054655045740612422e+02 4.001785725950632013e+02
-7.085642860034968180e+02 3.994132783517176222e+02
-7.113868155629405692e+02 3.987230480907560377e+02
-7.152680050152112017e+02 3.977701457298852574e+02
-7.183687516122570287e+02 3.969907932494867850e+02
-7.208418522212100470e+02 3.963655497660723199e+02
-7.234515634025099189e+02 3.957139693510635539e+02
-7.257646346893722011e+02 3.951563552571870446e+02
-7.292255401938036812e+02 3.942949190008440041e+02
-7.312634726918596471e+02 3.937894161675578744e+02
-7.342220075313911138e+02 3.930396062625754325e+02
-7.369231344050244843e+02 3.923455186538726593e+02
-7.401969311489266374e+02 3.915057820617260518e+02
-7.439295466776184185e+02 3.905554030453753285e+02
-7.476165171220341108e+02 3.896073482608709924e+02
-7.500302123446502947e+02 3.889950251238855685e+02
-7.521075951909822379e+02 3.884419802799124000e+02
-7.548686722353024834e+02 3.877035399854154889e+02
-7.579554949339639052e+02 3.868921100871309591e+02
-7.601882550951131634e+02 3.863223366471902978e+02
-7.619176284238345715e+02 3.858574210399545450e+02
-7.647699443731892188e+02 3.851064481252373639e+02
-7.670472026901513800e+02 3.845105486932254166e+02
-7.696097126926695182e+02 3.838614242784797170e+02
-7.723125664017072722e+02 3.831379128045357447e+02
-7.754921942942750093e+02 3.822724945730999480e+02
-7.782340316718609756e+02 3.815578178324947203e+02
-7.803568509953931880e+02 3.809971465064091944e+02
-7.834426448017006805e+02 3.802074218152985736e+02
-7.863045276357178182e+02 3.794469680582581077e+02
-7.896988077340232621e+02 3.785592207925764683e+02
-7.914340912354197144e+02 3.780755679402029159e+02
-7.937453670095759435e+02 3.774467254019479014e+02
-7.967809026859470123e+02 3.766185667261062235e+02
-7.993735867956527272e+02 3.759275109248546300e+02
-8.013785347638643088e+02 3.754008817105097933e+02
-8.037287985390929634e+02 3.747786619031325586e+02
-8.056270347306042368e+02 3.742675780717249836e+02
-8.095607210089430055e+02 3.731397324769309876e+02
-8.117062778925178463e+02 3.725360325596810185e+02
-8.147944367372540455e+02 3.716969687290515481e+02
-8.176293209159833850e+02 3.709075541161586216e+02
-8.198330422559794215e+02 3.703016360257020665e+02
-8.224987626480140079e+02 3.695291062965154651e+02
-8.250812559331257035e+02 3.687859282522780404e+02
-8.268637460196738402e+02 3.682803351472649638e+02
-8.293978122221797094e+02 3.675991240624553598e+02
-8.314885792194249916e+02 3.670116195075360110e+02
-8.342858990636883618e+02 3.662260491116818457e+02
-8.361040208016404449e+02 3.657093478417792198e+02
-8.380181465000960088e+02 3.651468897702614527e+02
-8.409435431580503746e+02 3.642991601113621414e+02
-8.440961475922891850e+02 3.633840697033496667e+02
-8.456721642923964737e+02 3.629352877843843430e+02
-8.480810503046303666e+02 3.622179542063036024e+02
-8.502025155984081266e+02 3.616133739164179701e+02
-8.527095140683223917e+02 3.608720677102749619e+02
-8.546269998456511985e+02 3.603147190000097453e+02
-8.566804797688262170e+02 3.597130641272676712e+02
-8.589930428854938782e+02 3.590638426336848283e+02
-8.609423154359798218e+02 3.585035842435481186e+02
-8.624817515565443955e+02 3.580553104534300246e+02
-8.642010421130268014e+02 3.575661620320343559e+02
-8.664746160538975346e+02 3.568966275865834064e+02
-8.682238817393629233e+02 3.563689504657430689e+02
-8.704815304092644510e+02 3.557074486530342483e+02
-8.721963533186010409e+02 3.551891246646145532e+02
-8.749357345578857803e+02 3.543813754436086469e+02
-8.774870313437644427e+02 3.536048723793965110e+02
-8.797388570375017025e+02 3.529529724891177125e+02
-8.811893314884250685e+02 3.525138503575167306e+02
-8.826423700580700142e+02 3.520964128967767124e+02
-8.841493147602704994e+02 3.516616086325366837e+02
-8.852759099214759999e+02 3.513120086779881035e+02
-8.875890199502522364e+02 3.506292723047832851e+02
-8.900179999012107146e+02 3.499149061213460641e+02
-8.929273000840271379e+02 3.490223038069556765e+02
-8.945973173563947967e+02 3.485297468760153947e+02
-8.961089981999939482e+02 3.480746596883416828e+02
-8.979238770249537538e+02 3.475246397265529481e+02
-8.995697062934482346e+02 3.470098268798986396e+02
-9.009802595536787067e+02 3.465609358159433100e+02
-9.025428171510289985e+02 3.460836542267311415e+02
-9.043916734114744713e+02 3.454969811376456050e+02
-9.069099593748090911e+02 3.447269965557408682e+02
-9.082411344157671920e+02 3.443075665086881259e+02
-9.094458129588787187e+02 3.439304283188378690e+02
-9.109271307573848162e+02 3.434875507395618115e+02
-9.127425204847028226e+02 3.429142183016476224e+02
-9.145230386294772416e+02 3.423557630354169419e+02
-9.158262960372331918e+02 3.419377972368964720e+02
-9.172464663922025920e+02 3.414728667126397568e+02
-9.184640161542052965e+02 3.410879183215928947e+02
-9.201725426800373953e+02 3.405655061007213362e+02
-9.220259086642834063e+02 3.399537840908911903e+02
-9.236243810569508241e+02 3.394254190995484350e+02
-9.253690268494106022e+02 3.388589975030618575e+02
-9.271265898050455689e+02 3.383087247105127062e+02
-9.292550746068180842e+02 3.376239295281584418e+02
-9.305529573096022204e+02 3.372247793559500906e+02
-9.323018205744253919e+02 3.366337244063490175e+02
-9.341680781399895750e+02 3.360094060232082143e+02
-9.356457513187973518e+02 3.355130339506806649e+02
-9.375221638781224556e+02 3.349000496857773896e+02
-9.393775332938977272e+02 3.343216377668230166e+02
-9.412450890002036203e+02 3.337263142293459737e+02
-9.428458329068914736e+02 3.332021657130115955e+02
-9.446019114454035162e+02 3.326266493005203984e+02
-9.467091273315472790e+02 3.318960334702155137e+02
-9.484017662581007926e+02 3.313232028475811717e+02
-9.495069841067268044e+02 3.309492711320125409e+02
-9.511096177736296795e+02 3.303780348599978538e+02
-9.528991696959574256e+02 3.297754346766377012e+02
-9.553104724111362884e+02 3.289506888238877877e+02
-9.567127844610771490e+02 3.284586702645808032e+02
-9.589591784183489835e+02 3.276896557273187796e+02
-9.604768849637756603e+02 3.271482489649872605e+02
-9.619447033134715639e+02 3.266233413533229282e+02
-9.634109758403685646e+02 3.261196106397164840e+02
-9.646359602966041393e+02 3.256797892726877990e+02
-9.663430717943008403e+02 3.250682894812746326e+02
-9.674836033815853398e+02 3.246807455841965862e+02
-9.690243085847216662e+02 3.241369614140961630e+02
-9.705934804127326743e+02 3.235859522815995319e+02
-9.715905530620486843e+02 3.232114966165877377e+02
-9.727255324265926220e+02 3.228023867997273442e+02
-9.740165668793462146e+02 3.223458487503481251e+02
-9.755571091035203608e+02 3.217822142094617561e+02
-9.773328110760031677e+02 3.211547435123617902e+02
-9.785751254374052905e+02 3.207015904688905721e+02
-9.798904195084518278e+02 3.202275985498555428e+02
-9.810928527986147856e+02 3.197970039884191920e+02
-9.823915104542170411e+02 3.193532732911384073e+02
-9.840707054298404728e+02 3.187523932447415405e+02
-9.852253175349399044e+02 3.183279167127564619e+02
-9.864226525754777413e+02 3.178952074321875898e+02
-9.875984582239209431e+02 3.174823673571800668e+02
-9.885580137983896520e+02 3.171104781793986831e+02
-9.902949142806503460e+02 3.164561834773605256e+02
-9.913976519590573844e+02 3.160475945136452651e+02
-9.927604298288372320e+02 3.155304792952496200e+02
-9.935687672714966538e+02 3.152353347608999456e+02
-9.945289189435791286e+02 3.148635940212093374e+02
-9.961079646673682646e+02 3.142696310546522795e+02
-9.970667116596326878e+02 3.139136615332124620e+02
-9.980174698067988857e+02 3.135704774745540249e+02
-9.994494080915503673e+02 3.130338954979232540e+02
-1.000564482979501463e+03 3.126242799178970699e+02
-1.002163831721417409e+03 3.120102930922304836e+02
-1.003543204496932503e+03 3.114921859522134469e+02
-1.004599422428012531e+03 3.110854043737744519e+02
-1.006023944316081611e+03 3.105673596756113284e+02
-1.006781619933661545e+03 3.102662068493165748e+02
-1.007980287813312088e+03 3.098135372516815096e+02
-1.009540716249741081e+03 3.092107779515835091e+02
-1.010821432165415899e+03 3.087057610005542756e+02
-1.011877375788590484e+03 3.082858833519473478e+02
-1.012742163754906869e+03 3.079503465080571800e+02
-1.014188286438478144e+03 3.073839933727651896e+02
-1.015039050850888771e+03 3.070441139309942287e+02
-1.016182895595905507e+03 3.065977740234361022e+02
-1.017717508599765210e+03 3.059970039934673309e+02
-1.018997008448292036e+03 3.054981648599641062e+02
-1.020330064438910199e+03 3.049495933023108023e+02
-1.021645283066510842e+03 3.043926278123491329e+02
-1.022650307552457548e+03 3.039757077608470581e+02
-1.024005696998166286e+03 3.034276696861493861e+02
-1.024925410426445751e+03 3.030680289329055768e+02
-1.026404475767505119e+03 3.024465538449228461e+02
-1.027486798082676614e+03 3.019989426724849295e+02
-1.028487928531689704e+03 3.015893252372220559e+02
-1.029408487233912638e+03 3.012017623909348458e+02
-1.030628813935726839e+03 3.007050110408522414e+02
-1.031642130305222963e+03 3.002786739501556781e+02
-1.032585400706001110e+03 2.998724832377573648e+02
-1.033915450570806343e+03 2.992974920951588729e+02
-1.034968743058490872e+03 2.988633849837324874e+02
-1.035774905024405825e+03 2.985197060395251469e+02
-1.036763096938932904e+03 2.980985282198517439e+02
-1.037651197337286249e+03 2.977188728116350944e+02
-1.038623989996689716e+03 2.972996474420974096e+02
-1.039643825157995479e+03 2.968673492821038167e+02
-1.040713098076847245e+03 2.963908020073735088e+02
-1.041576019394806735e+03 2.960070738390506335e+02
-1.042489116452494727e+03 2.956014060912836499e+02
-1.043495062714600635e+03 2.951763078974698828e+02
-1.044309679008390731e+03 2.948187124886681545e+02
-1.045151395378342386e+03 2.944370268096098471e+02
-1.046066919771099265e+03 2.940395990209791535e+02
-1.047020176358185836e+03 2.936264100091856903e+02
-1.047981918705380394e+03 2.932156817000413298e+02
-1.048764476053577482e+03 2.928817074875673825e+02
-1.049485903167732658e+03 2.925616456299897550e+02
-1.050840949935053914e+03 2.919691390155314821e+02
-1.051704053635743321e+03 2.915908897801213016e+02
-1.052881587527538386e+03 2.910758735037522342e+02
-1.053866747976605666e+03 2.906182428106060911e+02
-1.054714262032185161e+03 2.902275798207093658e+02
-1.055580100533816903e+03 2.898313895476509288e+02
-1.056310262609974188e+03 2.895078377317660738e+02
-1.057499233192149404e+03 2.889972254759441626e+02
-1.058337557895288910e+03 2.886377260243999103e+02
-1.059141456712802210e+03 2.882688109972507391e+02
-1.060070997237832216e+03 2.878665711501694773e+02
-1.060560630440841351e+03 2.876385290280642835e+02
-1.061439138387004959e+03 2.872256988338417045e+02
-1.062467389557738443e+03 2.867434231146338561e+02
-1.063176677066175898e+03 2.864153795189578773e+02
-1.063868211686316727e+03 2.860854017729691918e+02
-1.064447223827856078e+03 2.858363245997737749e+02
-1.065149161821704183e+03 2.854946907952719926e+02
-1.066130603541783330e+03 2.850213039038570741e+02
-1.067079640865089686e+03 2.845595681143038291e+02
-1.068033624620526098e+03 2.840963212637469155e+02
-1.068693153311211518e+03 2.837935274736634597e+02
-1.069551836230411709e+03 2.833819733902218445e+02
-1.070109569091207732e+03 2.831064493263636450e+02
-1.070725203469543658e+03 2.828047237352387242e+02
-1.071257493749734294e+03 2.825490953292857057e+02
-1.071936114480024571e+03 2.822304447967151759e+02
-1.072576522603474132e+03 2.819266256868856431e+02
-1.073366816118374345e+03 2.815191377581124925e+02
-1.074291953278582469e+03 2.810635446509900248e+02
-1.075184507794195952e+03 2.806217122368868786e+02
-1.075704163814031062e+03 2.803499232664047440e+02
-1.076368922509093863e+03 2.800237493711867387e+02
-1.077156524280561143e+03 2.796375597099209358e+02
-1.077984796479853458e+03 2.792148765093609768e+02
-1.078666639403738600e+03 2.788711898251896741e+02
-1.079537975451403099e+03 2.784321117913951866e+02
-1.080255562454255141e+03 2.780751707894119136e+02
-1.081093613621663735e+03 2.776296778660085351e+02
-1.081716172699805156e+03 2.772886028871524786e+02
-1.082244774892978057e+03 2.770099046090927573e+02
-1.082991789661567509e+03 2.765950861100444627e+02
-1.083885174206271131e+03 2.761261578773985548e+02
-1.084681908161841420e+03 2.756978652518609465e+02
-1.085405471492031438e+03 2.753021872336206002e+02
-1.086115996548586963e+03 2.749193211703033057e+02
-1.086689850587637466e+03 2.746257630419093516e+02
-1.087185243125688658e+03 2.743700303697658001e+02
-1.087751110522287263e+03 2.740640418072260900e+02
-1.088300260732700735e+03 2.737797832697353329e+02
-1.089009675674759364e+03 2.733971752178352972e+02
-1.089569349634831724e+03 2.730919698616656319e+02
-1.090399037714895258e+03 2.726322767602189288e+02
-1.091038592940631361e+03 2.722913590371471173e+02
-1.091783265635415319e+03 2.718755902922050041e+02
-1.092263020618227529e+03 2.716237876061699126e+02
-1.093063237316798677e+03 2.711864808210803517e+02
-1.093583121411277489e+03 2.709020272275083698e+02
-1.094225279970597967e+03 2.705464340942668855e+02
-1.094725966270474828e+03 2.702658170575712120e+02
-1.095322907032959165e+03 2.699235946134430151e+02
-1.096044097725617803e+03 2.695248745224921549e+02
-1.096921015915180988e+03 2.690145206332030625e+02
-1.097332838525573607e+03 2.687807408517152794e+02
-1.097756108883582556e+03 2.685358838515766706e+02
-1.098374989658908817e+03 2.681858865136092618e+02
-1.098860223968548780e+03 2.679043346873075393e+02
-1.099437254811507955e+03 2.675772378754057286e+02
-1.100113272430955249e+03 2.672079482330179871e+02
-1.100772662449143581e+03 2.668215010388885844e+02
-1.101222814634285214e+03 2.665572120924252317e+02
-1.101806965980642190e+03 2.662171269930450421e+02
-1.102347148431751521e+03 2.658930801242269126e+02
-1.103053101370905097e+03 2.654482729466139403e+02
-1.103578491210096445e+03 2.651366928786214885e+02
-1.104263688537341750e+03 2.647266010726509080e+02
-1.104762609654429980e+03 2.644095202397356275e+02
-1.105380426286118109e+03 2.640430464922006308e+02
-1.105705783667946434e+03 2.638458013997966987e+02
-1.106355211335058129e+03 2.634443611316714282e+02
-1.106884931532047631e+03 2.631152549269906444e+02
-1.107274431885908598e+03 2.628698945991307028e+02
-1.107788948127666117e+03 2.625524496481622236e+02
-1.108220903449393063e+03 2.622886113872502847e+02
-1.108612062614418392e+03 2.620493616366387073e+02
-1.109085088361253611e+03 2.617658411488814068e+02
-1.109695223801752945e+03 2.614035859025160562e+02
-1.110206832233949171e+03 2.610918950064045134e+02
-1.110656037016494565e+03 2.608065415596916523e+02
-1.111164398538305932e+03 2.605021924108589815e+02
-1.111642694716769938e+03 2.602049466672746121e+02
-1.112098399964014334e+03 2.599145094373216125e+02
-1.112579940487916701e+03 2.595986860134229346e+02
-1.112945562994125567e+03 2.593659424368951818e+02
-1.113473708461401884e+03 2.590138148129168485e+02
-1.113934917147828401e+03 2.587141463663425611e+02
-1.114470780537895280e+03 2.583756410515325683e+02
-1.115128699610384729e+03 2.579411244896348876e+02
-1.115685174167408604e+03 2.575656835517187346e+02
-1.116149655445881990e+03 2.572560758179807294e+02
-1.116556896430043707e+03 2.569946003490111366e+02
-1.116997068130003527e+03 2.566935541994637333e+02
-1.117417602719723618e+03 2.563927698903182772e+02
-1.117884769306040425e+03 2.560840151270437559e+02
-1.118316427121532570e+03 2.557887782601211768e+02
-1.118853888197736069e+03 2.554386211197021055e+02
-1.119203744662485406e+03 2.551863212229729925e+02
-1.119549780276713591e+03 2.549391269038036683e+02
-1.119935352058848594e+03 2.546531654415541936e+02
-1.120419688315814483e+03 2.543166419684791606e+02
-1.120861487964705930e+03 2.539968709071928004e+02
-1.121289296297491774e+03 2.536859084985064214e+02
-1.121675611124404440e+03 2.534114827972376816e+02
-1.122075632036338220e+03 2.531204927622270873e+02
-1.122505617314472147e+03 2.528008858635138267e+02
-1.122869219878925151e+03 2.525366356453054095e+02
-1.123216451029295058e+03 2.522849358079051285e+02
-1.123639661125962903e+03 2.519723570114674089e+02
-1.124028115174612140e+03 2.516744518390819394e+02
-1.124306448623127835e+03 2.514759848214683018e+02
-1.124694689191830548e+03 2.511993255420350692e+02
-1.125191286602875152e+03 2.508161967938414421e+02
-1.125540998946771197e+03 2.505397747246163931e+02
-1.125880934289761626e+03 2.502890525125981185e+02
-1.126230170952215076e+03 2.500171449255437324e+02
-1.126673722925306492e+03 2.496729156507936409e+02
-1.126933466336603715e+03 2.494783142623154788e+02
-1.127240919944368898e+03 2.492454536394959348e+02
-1.127615246790832998e+03 2.489645625006024545e+02
-1.128100860556738098e+03 2.485854808810188956e+02
-1.128541665377675372e+03 2.482520204011869112e+02
-1.128856126017361248e+03 2.479876457753807131e+02
-1.129291003788550142e+03 2.476474612259100070e+02
-1.129517943154225804e+03 2.474651950549570643e+02
-1.129868509097571405e+03 2.471874399550700900e+02
-1.130242465021431144e+03 2.468881637251438690e+02
-1.130670975974920339e+03 2.465571403914660209e+02
-1.130970131608734391e+03 2.462981373382303616e+02
-1.131282791210873484e+03 2.460570181002252070e+02
-1.131645819200384949e+03 2.457814775659292366e+02
-1.131824029001317285e+03 2.456369576312897607e+02
-1.132239268830986930e+03 2.452863870022199535e+02
-1.132627869929542840e+03 2.449726394933706217e+02
-1.132914174276608037e+03 2.447343081100620736e+02
-1.133307022706112548e+03 2.444071171684288117e+02
-1.133665132187837344e+03 2.441286590928889666e+02
-1.133918776167018677e+03 2.439034884622572577e+02
-1.134189220207923881e+03 2.436673610726217305e+02
-1.134469243622280146e+03 2.434335158353288477e+02
-1.134751033672036328e+03 2.431850722387766837e+02
-1.135164053080701706e+03 2.428274164619495252e+02
-1.135497034413132496e+03 2.425287515365111517e+02
-1.135796350811115417e+03 2.422594183778855381e+02
-1.136057834432231630e+03 2.420357488564661139e+02
-1.136491589656545784e+03 2.416496939934188788e+02
-1.136833849518901388e+03 2.413579906161649262e+02
-1.137083080122636829e+03 2.411403043842261980e+02
-1.137352672152395598e+03 2.409043553839010769e+02
-1.137572705270666575e+03 2.406979683956926976e+02
-1.137834929872503380e+03 2.404672630309567012e+02
-1.138164390217220216e+03 2.401820003120944875e+02
-1.138492934662381685e+03 2.398786360229343018e+02
-1.138691455247699196e+03 2.396953462185478259e+02
-1.138963353344910274e+03 2.394444256396103299e+02
-1.139283219873764665e+03 2.391535069354897018e+02
-1.139610069591039064e+03 2.388456592250010431e+02
-1.139852344712079685e+03 2.386081391618211569e+02
-1.140190917563120138e+03 2.382848612543769491e+02
-1.140479482824631305e+03 2.380254233611827601e+02
-1.140840733761624278e+03 2.376893036546472899e+02
-1.141098442264161577e+03 2.374432856323720387e+02
-1.141350425081382127e+03 2.372118698550664817e+02
-1.141687490575667425e+03 2.368687683905593815e+02
-1.141962455529226190e+03 2.365923810362610311e+02
-1.142235537759075214e+03 2.363208591151460496e+02
-1.142503602835542097e+03 2.360382304901645796e+02
-1.142745354123426750e+03 2.357958099649117116e+02
-1.143001072635069704e+03 2.355429683735040385e+02
-1.143294114709782434e+03 2.352382807008283976e+02
-1.143543976145861279e+03 2.349695007593896037e+02
-1.143726486822307606e+03 2.347684884679656818e+02
-1.143881209395798578e+03 2.346172664770674885e+02
-1.144128706949011075e+03 2.343495315986704668e+02
-1.144333227809297341e+03 2.341296050589289166e+02
-1.144572918175404084e+03 2.338753065333509369e+02
-1.144889719970700526e+03 2.335402746722794234e+02
-1.145119288544325173e+03 2.332945190439178020e+02
-1.145361643944345587e+03 2.330425591894326942e+02
-1.145581488841015471e+03 2.328159291235390640e+02
-1.145844673244070236e+03 2.325247075358918210e+02
-1.146049518861816978e+03 2.322935131531549473e+02
-1.146272246605739838e+03 2.320476906687409553e+02
-1.146570775828641217e+03 2.317022582473332477e+02
-1.146853247562691195e+03 2.313691590017544968e+02
-1.147006313592813058e+03 2.311942841002357056e+02
-1.147220744021098881e+03 2.309444466847908473e+02
-1.147393925160083882e+03 2.307305560540374358e+02
-1.147625028374301337e+03 2.304500980376604673e+02
-1.147837116812836712e+03 2.301832725639771127e+02
-1.148061591762620083e+03 2.299062506020391652e+02
-1.148296539945932864e+03 2.296229401101397798e+02
-1.148481384281971714e+03 2.293856931368277685e+02
-1.148649501174991201e+03 2.291655469189382757e+02
-1.148814914255101485e+03 2.289440490165767415e+02
-1.148983673220252285e+03 2.287233888461823881e+02
-1.149143861425958221e+03 2.285180441334442776e+02
-1.149336583675877819e+03 2.282750516486956371e+02
-1.149487028308943536e+03 2.280790842188669103e+02
-1.149626088836125746e+03 2.279125096125753487e+02
-1.149798359518950065e+03 2.276885047427915083e+02
-1.149936951598919904e+03 2.275240868629254578e+02
-1.150140818196267674e+03 2.272639960557076790e+02
-1.150357199288376023e+03 2.269914581315851478e+02
-1.150557545661639324e+03 2.267341997152440172e+02
-1.150776656736437417e+03 2.264404544215805117e+02
-1.150956329667493037e+03 2.261934065541506982e+02
-1.151118110626198359e+03 2.259735773014799918e+02
-1.151296433844639068e+03 2.257423976755542299e+02
-1.151480406128236837e+03 2.254641103724914899e+02
-1.151686668312144548e+03 2.251833534162323645e+02
-1.151895427987472203e+03 2.248901482747032219e+02
-1.152032492273924845e+03 2.246914252232235185e+02
-1.152240697144329715e+03 2.243956382759653536e+02
-1.152393545058683003e+03 2.241820117461978157e+02
-1.152503814224375219e+03 2.240327223369273497e+02
-1.152679753493911221e+03 2.237581402642342425e+02
-1.152864821950558053e+03 2.234986055190186107e+02
-1.153056569696816268e+03 2.232258164143403860e+02
-1.153224816290367016e+03 2.229626272049563340e+02
-1.153438762505258865e+03 2.226282775964218104e+02
-1.153575541569036886e+03 2.224128425548624932e+02
-1.153755671632299027e+03 2.221255267320786402e+02
-1.153954842258680628e+03 2.218153061875319167e+02
-1.154095207272743437e+03 2.216041334343927929e+02
-1.154255293448114344e+03 2.213325530440073692e+02
-1.154404210266425025e+03 2.211001907558818971e+02
-1.154543702803521455e+03 2.208790397784310073e+02
-1.154695097075168860e+03 2.206191404975846524e+02
-1.154818778545364012e+03 2.204335721556776662e+02
-1.154935620014264714e+03 2.202411983888356701e+02
-1.155110493009670336e+03 2.199352119279335795e+02
-1.155229848356568255e+03 2.197387731188561020e+02
-1.155353926336080121e+03 2.195246652535717260e+02
-1.155464246182088573e+03 2.193230505527745322e+02
-1.155578750468611588e+03 2.191148816959859005e+02
-1.155654270531257225e+03 2.189610337821266057e+02
-1.155805170283855205e+03 2.186944828366204661e+02
-1.155952926904096785e+03 2.184202906091955469e+02
-1.156085785078141271e+03 2.181810160870097661e+02
-1.156185094676541212e+03 2.179827862152171178e+02
-1.156291085433532999e+03 2.177846580667086869e+02
-1.156398338087268257e+03 2.175673697133707947e+02
-1.156539920443075061e+03 2.172916959250324567e+02
-1.156623528642156771e+03 2.171250075418793699e+02
-1.156719551466380153e+03 2.169231233258640827e+02
-1.156863801637056440e+03 2.166388147118177301e+02
-1.156984444445790587e+03 2.163740551291588474e+02
-1.157124298391156799e+03 2.160839224977684125e+02
-1.157217276382552654e+03 2.158980483890025823e+02
-1.157306019647945732e+03 2.157063769076108315e+02
-1.157380658400680204e+03 2.155519281889184811e+02
-1.157455903928008865e+03 2.153864474650968361e+02
-1.157598005439643657e+03 2.150551423221555751e+02
-1.157674854456726052e+03 2.148569464291798852e+02
-1.157768089229278530e+03 2.146360395800461447e+02
-1.157839983095772595e+03 2.144699232188181952e+02
-1.157895180184148785e+03 2.143319233817519773e+02
-1.157998321866480183e+03 2.140826835267144759e+02
-1.158071310218377221e+03 2.139113128232564236e+02
-1.158177705046583014e+03 2.136491703356979599e+02
-1.158269610376530181e+03 2.134128251604190325e+02
-1.158343922896242702e+03 2.132116355042650753e+02
-1.158414347954266987e+03 2.130303091494130570e+02
-1.158535112678172027e+03 2.127209079132111924e+02
-1.158615705152498549e+03 2.125224418894112546e+02
-1.158674008431498123e+03 2.123693869291039391e+02
-1.158748338337003361e+03 2.121701411756539528e+02
-1.158848368546484380e+03 2.118714104359565908e+02
-1.158909209398525718e+03 2.117231182418119033e+02
-1.158982161969349590e+03 2.115165683697819645e+02
-1.159047781107775336e+03 2.113240983037493947e+02
-1.159140749620597944e+03 2.110303486448708554e+02
-1.159202236250191163e+03 2.108474286404405689e+02
-1.159253020050764235e+03 2.106867137949298865e+02
-1.159319274736999205e+03 2.104777401327929738e+02
-1.159383780168985822e+03 2.102705563146238603e+02
-1.159428968632028727e+03 2.101186081188946275e+02
-1.159515344711682474e+03 2.098310964360770186e+02
-1.159580376023331382e+03 2.096137714432070709e+02
-1.159627498402761375e+03 2.094494236436124766e+02
-1.159683085709680654e+03 2.092582222375673666e+02
-1.159732398071445459e+03 2.090784036861107893e+02
-1.159786727417473685e+03 2.088907853877134073e+02
-1.159829434943919750e+03 2.087403700358519529e+02
-1.159877859541153157e+03 2.085582769304418491e+02
-1.159938858157649292e+03 2.083475558485305612e+02
-1.159981945716156815e+03 2.081673940877130349e+02
-1.160048043583552271e+03 2.079018679985001938e+02
-1.160105032634842473e+03 2.076480985284249527e+02
-1.160153579963730635e+03 2.074346574939290235e+02
-1.160194900262414649e+03 2.072490244647078157e+02
-1.160245118196460453e+03 2.070197628090554076e+02
-1.160291925744599666e+03 2.068070743160900236e+02
-1.160345521029048086e+03 2.065653390309261681e+02
-1.160384986364666474e+03 2.063929467021113737e+02
-1.160434245581516279e+03 2.061491177655959746e+02
-1.160470512552925129e+03 2.059635622314856391e+02
-1.160504962467723999e+03 2.057711969436366246e+02
-1.160537129467320483e+03 2.055927178363141081e+02
-1.160571529530663383e+03 2.054038371641513834e+02
-1.160597518203619302e+03 2.052505843615103061e+02
-1.160629654927312004e+03 2.050654477145602925e+02
-1.160661271158296131e+03 2.048814619713083687e+02
-1.160684836461899977e+03 2.047209509722999030e+02
-1.160712334348554350e+03 2.045355029148239225e+02
-1.160736730597978521e+03 2.043700933553886898e+02
-1.160767960447573387e+03 2.041544261423846365e+02
-1.160793353724275903e+03 2.039836891918304218e+02
-1.160831259567912866e+03 2.037062345064979922e+02
-1.160854036923783724e+03 2.035100742115002106e+02
-1.160874685603798525e+03 2.033462497978134422e+02
-1.160898017698288186e+03 2.031322827508660680e+02
-1.160916772834170843e+03 2.029575273200213132e+02
-1.160938999080241956e+03 2.027517414074428075e+02
-1.160959969798559086e+03 2.025255273997231598e+02
-1.160973366340930852e+03 2.023681599293413740e+02
-1.160989167220277750e+03 2.021758642095905998e+02
-1.161005660322609629e+03 2.019649413802773950e+02
-1.161017924281007026e+03 2.017987990671444436e+02
-1.161033248718460300e+03 2.015716774602583712e+02
-1.161041951327136303e+03 2.014390782389387482e+02
-1.161057930730682529e+03 2.011438902281531398e+02
-1.161065385556473757e+03 2.009968060234668030e+02
-1.161072043165865807e+03 2.008502163574056283e+02
-1.161078369501283760e+03 2.006829460840114336e+02
-1.161082246694718151e+03 2.005819724236247907e+02
-1.161087907053479967e+03 2.004034970933966804e+02
-1.161094159743584214e+03 2.001764574118400333e+02
-1.161098461781617971e+03 1.999725907025092795e+02
-1.161101416872562595e+03 1.997575533896351772e+02
-1.161103334970598780e+03 1.995272689869435681e+02
-1.161103739791449243e+03 1.993346358199412407e+02
-1.161102949220546861e+03 1.991283299041324710e+02
-1.161101371970098171e+03 1.989455538636597964e+02
-1.161098799268913353e+03 1.987698399426693356e+02
-1.161094048960761711e+03 1.985319826704223090e+02
-1.161086820535168272e+03 1.982903855038661050e+02
-1.161082289926665226e+03 1.981629754057711921e+02
-1.161074300544710241e+03 1.979533744132754975e+02
-1.161063242622444932e+03 1.977337790867902640e+02
-1.161055639083087726e+03 1.975835678899747450e+02
-1.161046290337326582e+03 1.974168926017540002e+02
-1.161032840168334587e+03 1.972134130000739844e+02
-1.161021336067593666e+03 1.970396306123906527e+02
-1.161008638291720217e+03 1.968723583253231766e+02
-1.160994690459435560e+03 1.966939717830580321e+02
-1.160974292912212150e+03 1.964513865503803913e+02
-1.160950331577058932e+03 1.961936350059724248e+02
-1.160936538021251408e+03 1.960532104241719367e+02
-1.160915169438819021e+03 1.958298502382916979e+02
-1.160897668766042898e+03 1.956652338905287820e+02
-1.160875468454264364e+03 1.954788450700540920e+02
-1.160856174727717416e+03 1.953082497975143497e+02
-1.160839815979472633e+03 1.951676780402622171e+02
-1.160811111248589896e+03 1.949386599515267164e+02
-1.160792035500994416e+03 1.948036087411949211e+02
-1.160766500003526517e+03 1.946240367302453365e+02
-1.160739230985464474e+03 1.944142269530329656e+02
-1.160714200913539344e+03 1.942585963094280999e+02
-1.160678575879319169e+03 1.940261438376974752e+02
-1.160647894677948898e+03 1.938316103487247233e+02
-1.160612517728772673e+03 1.936251678656139461e+02
-1.160590495710976938e+03 1.935044803720126652e+02
-1.160563841336187807e+03 1.933538991887022860e+02
-1.160531543295396204e+03 1.931648778212865807e+02
-1.160514383689750957e+03 1.930629411896462670e+02
-1.160479101544632385e+03 1.928899310794615758e+02
-1.160442199419502003e+03 1.927088257159711588e+02
-1.160405986343045242e+03 1.925329299891743347e+02
-1.160373235800688690e+03 1.923462099771513749e+02
-1.160330330033664950e+03 1.921441376307520841e+02
-1.160299871255456537e+03 1.920013908849423387e+02
-1.160250429469843766e+03 1.917822395629787025e+02
-1.160214346381059613e+03 1.916259921364074899e+02
-1.160178173624542296e+03 1.914755771718643871e+02
-1.160140344873485219e+03 1.913111519448463298e+02
-1.160092967827933535e+03 1.911160505676691628e+02
-1.160041909264878541e+03 1.909088969332265435e+02
-1.159993384278737267e+03 1.907179518069569610e+02
-1.159957628135138748e+03 1.905761321587131931e+02
-1.159907136503770516e+03 1.903895645320198469e+02
-1.159861773451618546e+03 1.902207216214598589e+02
-1.159820106044673821e+03 1.900569913706283387e+02
-1.159763784819729608e+03 1.898617120760194439e+02
-1.159711586984352380e+03 1.896813877542929845e+02
-1.159666591804046675e+03 1.895197046356871340e+02
-1.159609522853381122e+03 1.893170113311666114e+02
-1.159552039377140090e+03 1.891280038979820972e+02
-1.159506370361125391e+03 1.889776775534662079e+02
-1.159451487900546908e+03 1.888102425067654053e+02
-1.159380744891248014e+03 1.885873705980581860e+02
-1.159346074295866856e+03 1.884778546297743844e+02
-1.159282199756637510e+03 1.882849974167800440e+02
-1.159224398731847486e+03 1.881122592504899558e+02
-1.159171739096848569e+03 1.879633673166514711e+02
-1.159117718546963715e+03 1.878076253525615016e+02
-1.159045132566823213e+03 1.876013813027724950e+02
-1.158965547455754859e+03 1.873755596613129910e+02
-1.158903607186969111e+03 1.872027488406366444e+02
-1.158841403070569186e+03 1.870337247163903953e+02
-1.158769817226926989e+03 1.868543848094145687e+02
-1.158702804171050502e+03 1.866791951151876674e+02
-1.158648491011180340e+03 1.865367648400255973e+02
-1.158557643184587050e+03 1.862871298613909232e+02
-1.158488346808294864e+03 1.861161390148378700e+02
-1.158397573302230967e+03 1.858793752302518669e+02
-1.158325216000019509e+03 1.857030302443957339e+02
-1.158259926932603776e+03 1.855461158488087676e+02
-1.158198730969738335e+03 1.854007580394243178e+02
-1.158127228791614243e+03 1.852419242229305212e+02
-1.158055104681236116e+03 1.850781684710960064e+02
-1.157977955974039560e+03 1.849083236669335122e+02
-1.157901281399052095e+03 1.847192209747498453e+02
-1.157830914822092154e+03 1.845478118644621475e+02
-1.157780103105694479e+03 1.844322517722651469e+02
-1.157733001689324738e+03 1.843294922211404128e+02
-1.157666992371738161e+03 1.841817599443112954e+02
-1.157558701099506152e+03 1.839428669729595640e+02
-1.157492313839780536e+03 1.837997803303684066e+02
-1.157411100609803952e+03 1.836310779427064404e+02
-1.157324970570258074e+03 1.834496018071291701e+02
-1.157244979303053697e+03 1.832689733889826300e+02
-1.157174551249207070e+03 1.831225217540640813e+02
-1.157111683558684945e+03 1.829899430176714361e+02
-1.157018263514556338e+03 1.828126206009868042e+02
-1.156956929706533629e+03 1.826918478222791578e+02
-1.156895084365863113e+03 1.825574546994047580e+02
-1.156832148928076094e+03 1.824399700741403478e+02
-1.156739991471872827e+03 1.822728343227041421e+02
-1.156647387976177697e+03 1.821035343993632125e+02
-1.156585932837812834e+03 1.819871871654061692e+02
-1.156527086569969697e+03 1.818786970105035721e+02
-1.156451860456249506e+03 1.817417756005312413e+02
-1.156343395869179403e+03 1.815483464578391306e+02
-1.156280800095893028e+03 1.814245930115013437e+02
-1.156190388522022204e+03 1.812639049942733891e+02
-1.156087304556000618e+03 1.810884766932614696e+02
-1.155979330125919432e+03 1.808979180055359848e+02
-1.155867346403935926e+03 1.806973758732903548e+02
-1.155763793004071658e+03 1.805170657430787742e+02
-1.155677752874349380e+03 1.803674049753400652e+02
-1.155595373122157298e+03 1.802259391290945985e+02
-1.155467892822328849e+03 1.800005580814606105e+02
-1.155369819718814369e+03 1.798370702892648296e+02
-1.155261314308433612e+03 1.796541946720950023e+02
-1.155166880692575205e+03 1.795091320501662722e+02
-1.155075124251742182e+03 1.793507402705606637e+02
-1.154995622927214072e+03 1.792220526348600913e+02
-1.154910078956576399e+03 1.790777208387188182e+02
-1.154831703337626550e+03 1.789599333606639391e+02
-1.154754597526940188e+03 1.788244036597182856e+02
-1.154629814469044504e+03 1.786280607149993216e+02
-1.154535235195924315e+03 1.784775541166562220e+02
-1.154463095903442536e+03 1.783614599815979886e+02
-1.154375790996355590e+03 1.782316308092528914e+02
