4.000000000000000000e+00 4.000000000000000000e+00
3.999040717027604774e+00 4.235808044321993648e+00
3.998171009200846004e+00 4.449523342348581600e+00
3.997259160243034959e+00 4.673560547918647501e+00
3.996279788018238133e+00 4.914275982695622602e+00
3.994787383238430412e+00 5.281126961853692237e+00
3.993765275376541357e+00 5.532708223749005505e+00
3.992479727729189243e+00 5.848384671670952883e+00
3.990731184726060921e+00 6.277980281839943721e+00
3.989438126149075448e+00 6.595908714556976804e+00
3.988126855588707276e+00 6.918463161873942724e+00
3.986437229190801013e+00 7.333101577774643332e+00
3.984991006919668344e+00 7.688275770404121801e+00
3.983326398214228625e+00 8.097458113028137561e+00
3.981357282037625733e+00 8.581383941591557374e+00
3.979745815576903212e+00 8.977269195502419308e+00
3.977670752263741782e+00 9.487510388242851533e+00
3.975287727822163664e+00 1.007334984677758882e+01
3.972945734604980572e+00 1.064868667909213684e+01
3.970533167473190517e+00 1.124090644580467568e+01
3.967737935183966780e+00 1.192803999476018184e+01
3.965413389828557289e+00 1.249914948521449176e+01
3.961331552135498146e+00 1.350204128685642324e+01
3.956236239852747971e+00 1.475506530244454595e+01
3.952675884946777796e+00 1.562985108584851801e+01
3.948422270100663045e+00 1.667530392679934437e+01
3.941779984175895812e+00 1.830647859388870913e+01
3.937922405012046490e+00 1.925487894088267637e+01
3.933277978563043398e+00 2.039463636249190515e+01
3.928033767282137934e+00 2.168270335250649339e+01
3.923338090501423903e+00 2.283682551907198643e+01
3.917892009486004135e+00 2.417609212936606866e+01
3.912356963271690802e+00 2.553577158180263140e+01
3.906325580040715728e+00 2.701759797837193133e+01
3.900601476693558833e+00 2.842422415187392559e+01
3.891055530705460619e+00 3.076697450023646141e+01
3.880589774958957960e+00 3.333969212154725881e+01
3.873078824429486477e+00 3.518512657221599937e+01
3.865231351887453481e+00 3.711486725050903601e+01
3.853651678419638404e+00 3.995848059659629570e+01
3.843263658986704190e+00 4.250875731105818289e+01
3.836232109438254323e+00 4.423835635368936181e+01
3.824187335980538283e+00 4.720040560281032072e+01
3.814801737402946369e+00 4.950619007641394376e+01
3.805435330270102057e+00 5.180873224663768184e+01
3.790422104961700622e+00 5.549457927041627414e+01
3.775759096338072940e+00 5.910089231796735731e+01
3.759244083306066297e+00 6.315734111224941216e+01
3.740274834312828478e+00 6.782183198799602053e+01
3.721816967553858380e+00 7.235418474134834810e+01
3.709169624157419687e+00 7.545772228194377362e+01
3.692191207795711971e+00 7.962781816764125153e+01
3.674842325340854643e+00 8.389183670076114652e+01
3.655266899824252569e+00 8.870203541537431136e+01
3.634612930939787212e+00 9.377893899062192418e+01
3.613866806665374298e+00 9.887709357358649243e+01
3.590725880328303976e+00 1.045675853339912607e+02
3.564476040971887194e+00 1.110198975948680555e+02
3.540877236665098682e+00 1.168229763126935268e+02
3.516914484741748392e+00 1.227115120068217777e+02
3.485937398197713755e+00 1.303249238762805078e+02
3.454080754726177371e+00 1.381495500175040547e+02
3.425204041421244572e+00 1.452510224847921734e+02
3.392704432910147005e+00 1.532532257781387841e+02
3.353848941055115329e+00 1.628164675572203635e+02
3.319366030209505602e+00 1.712904372654838028e+02
3.285147880681223320e+00 1.796904167604063787e+02
3.237947320962983877e+00 1.912915056060961945e+02
3.192604671177922793e+00 2.024272974131322940e+02
3.159036798369171617e+00 2.106271698863783115e+02
3.111561509112284352e+00 2.220868351013876918e+02
3.058069257059891299e+00 2.348314937385413828e+02
3.005167765244296962e+00 2.472608365550302949e+02
2.959134003760245601e+00 2.579099065168128391e+02
2.902593524614388798e+00 2.708027776350410250e+02
2.849270667146288183e+00 2.827641600399958293e+02
2.794086546418462991e+00 2.949401316879461206e+02
2.731980039247837055e+00 3.084039355493187600e+02
2.655695619766670568e+00 3.246207247296867422e+02
2.586824255729148980e+00 3.388919891546716485e+02
2.516136964424521505e+00 3.532023688991439485e+02
2.426426789434533049e+00 3.708799953214157767e+02
2.356475322504750558e+00 3.843050128741651861e+02
2.276081946294288727e+00 3.993043825440310002e+02
2.195415919188258957e+00 4.139202478277230171e+02
2.073920638809483297e+00 4.350811980694884937e+02
1.968828669816611976e+00 4.525455611901037969e+02
1.886423414333661119e+00 4.657188513136978827e+02
1.777328332815040879e+00 4.824347075935210682e+02
1.659981034889229434e+00 4.994924917652893441e+02
1.555355125996480181e+00 5.139293489720414527e+02
1.476000206823955052e+00 5.243412193618979700e+02
1.375365390589598169e+00 5.369038953675214998e+02
1.302619283220409763e+00 5.455340448939367661e+02
1.229492239380227447e+00 5.538296013994752229e+02
1.129406564682631009e+00 5.645680823663669798e+02
9.910239880904263554e-01 5.781673096304593855e+02
5.479140987063604307e-01 5.901190068806058662e+02
-1.075894963192016496e+00 6.002307487749274060e+02
-4.161166285725259151e+00 6.084619678704724492e+02
-9.549022087489200672e+00 6.141464845930157708e+02
-1.446750982495140825e+01 6.156932532338912551e+02
-2.205667311994708513e+01 6.137273379700487794e+02
-2.888650328934902589e+01 6.094491906248958912e+02
-3.731910354784488248e+01 5.841387854708347049e+02
-4.416459114414374909e+01 5.465724261921175184e+02
-5.187199139594116559e+01 5.385713728314917716e+02
-6.090607952839430794e+01 5.357344894485319173e+02
-6.956379001355088576e+01 5.332066825470562890e+02
-8.015124475766471335e+01 5.302837797383838279e+02
-8.934136431249885391e+01 5.278921984888395400e+02
-9.767440343348026488e+01 5.258330257145955784e+02
-1.091208288488820415e+02 5.230618695989782054e+02
-1.229075792236554321e+02 5.199039372694830945e+02
-1.329518433743176047e+02 5.177107404926945264e+02
-1.452068990648588738e+02 5.151140342962177101e+02
-1.562810536073578191e+02 5.128229690611167371e+02
-1.681514603053507244e+02 5.104099290070157622e+02
-1.858023256879447160e+02 5.069332775824366308e+02
-1.963732435320919478e+02 5.049084231045235356e+02
-2.128466071199070200e+02 5.018936588604177587e+02
-2.288108346542240668e+02 4.989989380869200772e+02
-2.427149324905201695e+02 4.965207375796010183e+02
-2.587895742845862515e+02 4.936896691721360639e+02
-2.705340770639074321e+02 4.916228727812930970e+02
-2.870201321026554524e+02 4.887490462131661957e+02
-2.979160137005966362e+02 4.868928050454471759e+02
-3.111847086877669426e+02 4.846429693080631296e+02
-3.261362055621962099e+02 4.820782448033039032e+02
-3.384869260788696579e+02 4.799330737719923832e+02
-3.553401859219881089e+02 4.769693646576779429e+02
-3.629568199120487861e+02 4.756027358291435121e+02
-3.715581264694850461e+02 4.739925243850689185e+02
-3.833590865509849550e+02 4.716635768131922077e+02
-3.980288976809698624e+02 4.687218604931773598e+02
-4.082471372446219675e+02 4.666560981239684907e+02
-4.206244224463046635e+02 4.641665737834516676e+02
-4.295353582162057933e+02 4.623446773232064402e+02
-4.396673730233781043e+02 4.602886932543792113e+02
-4.499487555488117891e+02 4.581642519159120752e+02
-4.608491591222391435e+02 4.559072306292007966e+02
-4.713072559037592555e+02 4.536951516830807236e+02
-4.785072930175606984e+02 4.522141568133095006e+02
-4.901177190720499084e+02 4.497812195365814887e+02
-4.963332888532939933e+02 4.484468973305687314e+02
-5.065723284673334206e+02 4.462559518269515024e+02
-5.170781509692056943e+02 4.440277157061141224e+02
-5.270781939150347171e+02 4.418177953950386154e+02
-5.371534503372232621e+02 4.396337516808254122e+02
-5.463325641499449148e+02 4.376422816939374343e+02
-5.563659283341036144e+02 4.354378632284609125e+02
-5.643873615288387100e+02 4.336576245722548038e+02
-5.710139808326970297e+02 4.321769046085818218e+02
-5.788743344252027327e+02 4.304473053949670316e+02
-5.870726059894086575e+02 4.286135048151708702e+02
-5.942361263162075602e+02 4.270226551192752709e+02
-5.987427533331185714e+02 4.260038929712375761e+02
-6.104761108154369822e+02 4.233224132468304219e+02
-6.173420239202101811e+02 4.217649741648688746e+02
-6.272456741734873731e+02 4.194618703666809552e+02
-6.362194533587104388e+02 4.173791103269138034e+02
-6.437881450179880858e+02 4.155976754984660033e+02
-6.510992572831787584e+02 4.138876181884636480e+02
-6.573663179859081538e+02 4.124037901515607132e+02
-6.628309757149831967e+02 4.111344706245475322e+02
-6.694350655993607688e+02 4.095406975474429032e+02
-6.785118337717623263e+02 4.073833378201733240e+02
-6.873436071295819829e+02 4.052369857642740953e+02
-6.938900946132091576e+02 4.036309400856137017e+02
-6.995797644873530317e+02 4.022659310503262304e+02
-7.064518753568323746e+02 4.005822648539220836e+02
-7.114443354515979081e+02 3.993445772047289779e+02
-7.176205686229728826e+02 3.978338693940689836e+02
-7.245372586702428634e+02 3.961262072874100681e+02
-7.288622471619091812e+02 3.950500546128532733e+02
-7.346188526435367976e+02 3.936041798273603263e+02
-7.408459126062340374e+02 3.920315482671499012e+02
-7.475674205868646141e+02 3.903089762823747719e+02
-7.536024298753881112e+02 3.887120208292699317e+02
-7.596547339891677666e+02 3.871410409328954643e+02
-7.652000075031636470e+02 3.856804066122176664e+02
-7.713231488041773218e+02 3.840777133859685364e+02
-7.754640800778117864e+02 3.830066606320754659e+02
-7.799527892321614218e+02 3.818244381798978679e+02
-7.860126900748804246e+02 3.802500811587993326e+02
-7.922256770449678243e+02 3.785970478063750875e+02
-7.983312323263305643e+02 3.769344004362517921e+02
-8.039063403611734202e+02 3.754229061853052372e+02
-8.075431855789992142e+02 3.744158462475027704e+02
-8.114725812180391813e+02 3.733480356895224759e+02
-8.170006300949485194e+02 3.718248298371313467e+02
-8.206845582905908714e+02 3.708069100301078720e+02
-8.260862202593448274e+02 3.693206094515971358e+02
-8.297765823130216631e+02 3.682839660342505681e+02
-8.346402704768279364e+02 3.669208231443869295e+02
-8.386825630112605268e+02 3.657873074691277111e+02
-8.427645954788514473e+02 3.646479562136406116e+02
-8.471112109427059522e+02 3.634150577607256878e+02
-8.532961501409196217e+02 3.616355073869705166e+02
-8.573892668020394012e+02 3.604715037193188323e+02
-8.619162239944557768e+02 3.591491799060757444e+02
-8.657148515535506021e+02 3.580374681581816958e+02
-8.699452641734897043e+02 3.567846104817746209e+02
-8.754225818010826288e+02 3.551323377990465815e+02
-8.785126987643502616e+02 3.541976993259795563e+02
-8.835797375639682514e+02 3.526942736189084826e+02
-8.867883072039072658e+02 3.517429246493102823e+02
-8.900863679344289494e+02 3.507423390889736083e+02
-8.934468727622888764e+02 3.497112564707072124e+02
-8.983634827989056930e+02 3.482197827524612990e+02
-9.018501944139968600e+02 3.471828420632327266e+02
-9.058927722974121934e+02 3.459110271701305805e+02
-9.110927862651652731e+02 3.442993249990236109e+02
-9.145692491006486762e+02 3.432124405550465553e+02
-9.174235097491294937e+02 3.423218849050568338e+02
-9.204982973162547069e+02 3.413545316290834535e+02
-9.238741205636490577e+02 3.402870937984167767e+02
-9.271867775207097111e+02 3.392206145140012268e+02
-9.301278296873815634e+02 3.382601321675143140e+02
-9.323974523558953251e+02 3.375361392606986328e+02
-9.359666633965770188e+02 3.363384703858839657e+02
-9.396635620895119700e+02 3.351120976095870105e+02
-9.436007744403050310e+02 3.337920295111467226e+02
-9.469438129767602277e+02 3.326790836607495407e+02
-9.514043666213724464e+02 3.311581116930769895e+02
-9.546831645342069805e+02 3.300484420992939363e+02
-9.582353503595281836e+02 3.288241981677729200e+02
-9.607743408136662993e+02 3.279525944778345661e+02
-9.635461107658175024e+02 3.269916710351980669e+02
-9.666134493015142652e+02 3.259245313225864606e+02
-9.691308035206114937e+02 3.250512241489628877e+02
-9.736632435233319711e+02 3.234703311025412518e+02
-9.765624154323993480e+02 3.224343947934127641e+02
-9.798342201169294867e+02 3.212335437494447774e+02
-9.835153242606496633e+02 3.198994344143442845e+02
-9.865674568713269537e+02 3.187985310854498948e+02
-9.891251261001375497e+02 3.178784982033893698e+02
-9.912042004022807760e+02 3.170890762547834925e+02
-9.938535435371894664e+02 3.161144571468238951e+02
-9.965476433327472705e+02 3.151175313459657445e+02
-9.993021816610483938e+02 3.140899274787375361e+02
-1.002203002103560493e+03 3.130009711420529470e+02
-1.004948337356318689e+03 3.119662165181344449e+02
-1.007585583895834702e+03 3.109317969861165807e+02
-1.009811453072502559e+03 3.100654915899387447e+02
-1.012222925591727630e+03 3.091070844911479867e+02
-1.014117492400801552e+03 3.083709222510748873e+02
-1.016451442312046538e+03 3.074376353604183691e+02
-1.018346381776651583e+03 3.066872519255641691e+02
-1.020441403019668201e+03 3.058648119732924897e+02
-1.022135099467340638e+03 3.051997252332158723e+02
-1.024403580519860270e+03 3.042799835039924119e+02
-1.026387749618834732e+03 3.034707016353181643e+02
-1.028155183922745209e+03 3.027397594662052143e+02
-1.029902060306474141e+03 3.020075361539971368e+02
-1.032593835063224333e+03 3.008924711821416054e+02
-1.034358987520352002e+03 3.001790520661946289e+02
-1.035685752514031947e+03 2.996321303065329857e+02
-1.037204387340146923e+03 2.989776321103255441e+02
-1.039312651708830344e+03 2.980798332394008980e+02
-1.041165205469874991e+03 2.972901510962860243e+02
-1.042874102464258385e+03 2.965356927514969243e+02
-1.045196482950915424e+03 2.955178167952633999e+02
-1.046936924604585329e+03 2.947459283461236623e+02
-1.048532784966118697e+03 2.940410461808608602e+02
-1.050669331746086300e+03 2.931094294638681959e+02
-1.052803966054081229e+03 2.921658602643665859e+02
-1.054798549703720028e+03 2.912527672118613964e+02
-1.057212758014421524e+03 2.901669880697917847e+02
-1.059556045595852993e+03 2.890763229942050998e+02
-1.060819981806722581e+03 2.884768504910039724e+02
-1.062632544065807679e+03 2.876172106413436040e+02
-1.064198135417992034e+03 2.868799627323379582e+02
-1.065658581939516353e+03 2.861733563066791817e+02
-1.066735747093355258e+03 2.856718755133744025e+02
-1.068500878014861200e+03 2.848303614161443420e+02
-1.070045278626952495e+03 2.840745575342183429e+02
-1.071741067260695445e+03 2.832155843022876525e+02
-1.074359273960465771e+03 2.819177593961143771e+02
-1.075402862102510653e+03 2.813900246270467278e+02
-1.076654535639876485e+03 2.807622703351807445e+02
-1.078202172950839895e+03 2.799800252021350389e+02
-1.079949986050912685e+03 2.790854316093241891e+02
-1.081452711298687518e+03 2.783116107670379620e+02
-1.082421403888089571e+03 2.778189265154733789e+02
-1.083684864747147913e+03 2.771735123395006894e+02
-1.085403386958075544e+03 2.762327124838360533e+02
-1.086300542091002853e+03 2.757601727228112054e+02
-1.088293629843629788e+03 2.746971517376288716e+02
-1.089412139886231671e+03 2.740897687651925594e+02
-1.090418360832482904e+03 2.735326777968793408e+02
-1.092350819399965758e+03 2.724693583803622232e+02
-1.094068920850951599e+03 2.715253741972048829e+02
-1.095395939252448898e+03 2.707872750943978986e+02
-1.096831799004463164e+03 2.699752829425107166e+02
-1.097983817584654616e+03 2.693317409386828558e+02
-1.098932797534954943e+03 2.687838171457189560e+02
-1.100160315385487593e+03 2.680617549533135389e+02
-1.101384678900049266e+03 2.673467138464122854e+02
-1.102176819862620050e+03 2.668941018685617337e+02
-1.103569278959069607e+03 2.660698217480376115e+02
-1.104783510882513383e+03 2.653189102334339395e+02
-1.106300817255807033e+03 2.643884461947185969e+02
-1.107268790874760043e+03 2.638004696532699427e+02
-1.107830821375091546e+03 2.634516980995459789e+02
-1.108904753594370504e+03 2.627982974949651407e+02
-1.109845696601738837e+03 2.622018457700909266e+02
-1.110959695314835926e+03 2.615065673657111915e+02
-1.111894182976385991e+03 2.609141047433594167e+02
-1.112932529733226374e+03 2.602357661638391164e+02
-1.113706019237030205e+03 2.597357004541335073e+02
-1.114608932591677330e+03 2.591613414541737370e+02
-1.115865876396429030e+03 2.583186370185683245e+02
-1.117019959467676017e+03 2.575380660547895104e+02
-1.117747789029895785e+03 2.570533251202564884e+02
-1.118591334458925758e+03 2.564768666341504399e+02
-1.119241059448347869e+03 2.560203392507124818e+02
-1.119932178920764272e+03 2.555416374745046539e+02
-1.120997840462977138e+03 2.548169419110188869e+02
-1.122076698022526671e+03 2.540765839220727003e+02
-1.122864105036023147e+03 2.535121449077354328e+02
-1.123714304047000269e+03 2.529007982504023744e+02
-1.124502672901412552e+03 2.523325737772265711e+02
-1.125462322573572237e+03 2.516409375081378528e+02
-1.126376306701556359e+03 2.509753701686846910e+02
-1.126899995286168405e+03 2.505711578855357970e+02
-1.127743161773463271e+03 2.499211250065352772e+02
-1.128498756813662339e+03 2.493474008144661695e+02
-1.129172645972184455e+03 2.488411345173956875e+02
-1.130022725235704002e+03 2.481711912637586011e+02
-1.130616254887225296e+03 2.477218128987639716e+02
-1.131354302902625022e+03 2.471248988594667537e+02
-1.131942009261508019e+03 2.466591358513032048e+02
-1.132713595851878154e+03 2.460252337905939441e+02
-1.133326719983104567e+03 2.455297715359965309e+02
-1.134041784545059727e+03 2.449343136899000228e+02
-1.134725105185821576e+03 2.443616139131220848e+02
-1.135468760424436823e+03 2.437140914250966546e+02
-1.136139101392764132e+03 2.431457563113774256e+02
-1.136716410815086647e+03 2.426578631027709889e+02
-1.137284676507784297e+03 2.421527695385832999e+02
-1.137842402212708294e+03 2.416528007752723113e+02
-1.138522288012080253e+03 2.410485147793458509e+02
-1.139447946076463268e+03 2.401887264831895266e+02
-1.140107405741999401e+03 2.395692276246125232e+02
-1.140681132689093374e+03 2.390248118006691698e+02
-1.141603218665228951e+03 2.381388917894611552e+02
-1.142270171063912358e+03 2.374975431289067842e+02
-1.142819367904138289e+03 2.369547775696113945e+02
-1.143244763445574108e+03 2.365448580723814018e+02
-1.143627577819102271e+03 2.361518634844758253e+02
-1.144026224152371924e+03 2.357280389285457716e+02
-1.144418634539307732e+03 2.353083516816112422e+02
-1.144728559965871227e+03 2.349783509553617762e+02
-1.145218153452262868e+03 2.344592257327893208e+02
-1.145596908431425845e+03 2.340497804815135510e+02
-1.145966512010644237e+03 2.336498071936503322e+02
-1.146430875180586327e+03 2.331521866339032840e+02
-1.146919240837840789e+03 2.326273179738864769e+02
-1.147328928707338491e+03 2.321668668211120519e+02
-1.147807772491033120e+03 2.316067059011168396e+02
-1.148197751142719198e+03 2.311653065574531638e+02
-1.148576158744307804e+03 2.307226007101158984e+02
-1.148904224966152015e+03 2.303379074183169450e+02
-1.149358121509845432e+03 2.298138301537972268e+02
-1.149800229400134867e+03 2.292581093902849716e+02
-1.150188968100987495e+03 2.287760668378488731e+02
-1.150501400125508553e+03 2.283807022795866430e+02
-1.150937415392864523e+03 2.278205658176683244e+02
-1.151340509757864766e+03 2.273096595126645525e+02
-1.151686150793803563e+03 2.268513570689548544e+02
-1.152232333098015033e+03 2.261223550811957637e+02
-1.152553824054922643e+03 2.256958635289640824e+02
-1.153048349192248679e+03 2.250078448333761685e+02
-1.153461293600962790e+03 2.244238527681795290e+02
-1.153848753538090477e+03 2.238580646275838433e+02
-1.154198084634088673e+03 2.233318943733078754e+02
-1.154392224033751063e+03 2.230347214196932555e+02
-1.154612733230484992e+03 2.227042168486061655e+02
-1.154969672572245599e+03 2.221626404645557784e+02
-1.155222801597006537e+03 2.217584819522148507e+02
-1.155590191011625848e+03 2.211298535929161062e+02
-1.155972375062976198e+03 2.204904738259521650e+02
-1.156303692272985472e+03 2.199062236802718644e+02
-1.156584177939276742e+03 2.194331990931660243e+02
-1.156914257553801463e+03 2.188245151786058784e+02
-1.157165389253614649e+03 2.183583682272151236e+02
-1.157381756132669125e+03 2.179459830304050456e+02
-1.157674736833050929e+03 2.173786507648876523e+02
-1.157852190401259122e+03 2.170228055586652545e+02
-1.158047279367566716e+03 2.166181667190691087e+02
-1.158295229782806246e+03 2.160972545688917990e+02
-1.158513272867621254e+03 2.156326612532527349e+02
-1.158636722384433824e+03 2.153542319122094284e+02
-1.158861570363211740e+03 2.148358732082151050e+02
-1.159000961630274787e+03 2.145154010835049689e+02
-1.159218104245955146e+03 2.139779402311590104e+02
-1.159342249128990488e+03 2.136715183356154739e+02
-1.159543285886560170e+03 2.131764986320675348e+02
-1.159700034653389139e+03 2.127521232491883154e+02
-1.159885276611652216e+03 2.122672982900070053e+02
-1.160088113536468200e+03 2.116905233469940413e+02
-1.160253198974637598e+03 2.112151095858298220e+02
-1.160345825562637856e+03 2.109402952593472662e+02
-1.160463971746963807e+03 2.105808840636252057e+02
-1.160584637968335528e+03 2.101888508784759324e+02
-1.160686945111646537e+03 2.098323689965511392e+02
-1.160855931210975314e+03 2.092477693336292077e+02
-1.160989120003467860e+03 2.087756361468968009e+02
-1.161130095717259337e+03 2.082369966736584104e+02
-1.161233730520958488e+03 2.078154980860968806e+02
-1.161338884199387167e+03 2.073713608533402919e+02
-1.161436103699730438e+03 2.069385222244805220e+02
-1.161508380927149346e+03 2.066007136882350608e+02
-1.161582504124962725e+03 2.062484882739684053e+02
-1.161646764351627780e+03 2.059189424807244393e+02
-1.161715027352641528e+03 2.055519959546174960e+02
-1.161793549124053698e+03 2.050907136649254312e+02
-1.161854867502315528e+03 2.047128007845988691e+02
-1.161929532514289576e+03 2.042084618811668122e+02
-1.161969739248990891e+03 2.039141648089137107e+02
-1.162037444441867365e+03 2.033653015189994733e+02
-1.162080697053626182e+03 2.029775033430637450e+02
-1.162122118721284096e+03 2.025473120668299316e+02
-1.162158284097572732e+03 2.021154803795750752e+02
-1.162193441978054352e+03 2.016188462446377514e+02
-1.162213616286689103e+03 2.012730357047029486e+02
-1.162229235862593214e+03 2.009516251228263570e+02
-1.162246374630490209e+03 2.004829721750501506e+02
-1.162254947974435026e+03 2.001255326965164159e+02
-1.162259960325976863e+03 1.997478255458034937e+02
-1.162260881287073516e+03 1.993824405715986643e+02
-1.162258775331199104e+03 1.990814744120087028e+02
-1.162252696904039112e+03 1.987132593454576295e+02
-1.162244102899447853e+03 1.983859064252066560e+02
-1.162224638804321557e+03 1.978948974840677124e+02
-1.162209756768803800e+03 1.976016635231644614e+02
-1.162192498062341883e+03 1.973087361489907323e+02
-1.162158549331632003e+03 1.968396324548343443e+02
-1.162127339200624647e+03 1.964713969207538184e+02
-1.162096869228359083e+03 1.961485605355856592e+02
-1.162054840366111875e+03 1.957560085943790398e+02
-1.161989686708602449e+03 1.952114307157227415e+02
-1.161954542472113417e+03 1.949443661488039368e+02
-1.161922261564490327e+03 1.947037924351687366e+02
-1.161862993467530259e+03 1.943016996787299036e+02
-1.161800934185194365e+03 1.939076517142556213e+02
-1.161723083818791793e+03 1.934601919839493860e+02
-1.161659858677902093e+03 1.931234754130260853e+02
-1.161580459665297894e+03 1.927213298296301218e+02
-1.161507974805577078e+03 1.923683465300449598e+02
-1.161426962884034765e+03 1.919911444303282622e+02
-1.161342465205216058e+03 1.916089582338292985e+02
-1.161247250870831976e+03 1.912222828335628151e+02
-1.161148532481211987e+03 1.908278398218648135e+02
-1.161066011537411441e+03 1.905144142148858748e+02
-1.160943482665028114e+03 1.900689674434654535e+02
-1.160817765978478747e+03 1.896360269297659329e+02
-1.160708177366552718e+03 1.892789180560653506e+02
-1.160588805543739454e+03 1.888928503619539185e+02
-1.160509560795311927e+03 1.886479130539543689e+02
-1.160403752432520832e+03 1.883137383062195340e+02
-1.160227838872033090e+03 1.878019891207544845e+02
-1.160111355739622240e+03 1.874808419268150317e+02
-1.159992433379389240e+03 1.871630044410576375e+02
-1.159869575492125705e+03 1.868419992824894962e+02
-1.159769936970601293e+03 1.865822360055057914e+02
-1.159620178082775055e+03 1.862188250271011896e+02
-1.159469989163203536e+03 1.858544573612770989e+02
-1.159330513282140146e+03 1.855292827197542351e+02
-1.159191074537524628e+03 1.852043329990164864e+02
-1.159062062852372719e+03 1.849114726905472423e+02
-1.158888779234626782e+03 1.845178122646105692e+02
-1.158724198010259215e+03 1.841586778159378355e+02
-1.158532523424873716e+03 1.837603540034237994e+02
-1.158405457870326245e+03 1.834949746988936568e+02
-1.158216246517757099e+03 1.831014545337779964e+02
-1.157994098950305897e+03 1.826682440418006479e+02
-1.157840670839057339e+03 1.823789744385894380e+02
-1.157669784162077121e+03 1.820487929919561054e+02
-1.157489039248122481e+03 1.817239741116256084e+02
-1.157329339175617633e+03 1.814414957193101827e+02
-1.157151914922673996e+03 1.811312482443747172e+02
-1.157020482567031650e+03 1.808956677375660433e+02
-1.156809035579204419e+03 1.805382817097330133e+02
-1.156648828188479456e+03 1.802655277168709347e+02
-1.156420051353600456e+03 1.798978387556596772e+02
-1.156266972671460280e+03 1.796487336634048404e+02
-1.156124631213582234e+03 1.794233678030400938e+02
-1.155907957037964934e+03 1.790807809506754325e+02
-1.155747978259624460e+03 1.788224843989721364e+02
-1.155613478293288154e+03 1.786153033303743314e+02
-1.155424857275888598e+03 1.783225574936012379e+02
-1.155270906926483349e+03 1.780906680670389903e+02
-1.155081428067033585e+03 1.777996759651906018e+02
-1.154868203553040530e+03 1.774782118952197152e+02
-1.154722495747868834e+03 1.772674788603823401e+02
-1.154525507999680030e+03 1.769871216704243011e+02
-1.154260741606422243e+03 1.766114627790543636e+02
-1.154052525246747109e+03 1.763327092707074257e+02
-1.153854379801737196e+03 1.760564346629277566e+02
-1.153602747017237562e+03 1.757201894306927841e+02
-1.153425210403322581e+03 1.754944378521960004e+02
-1.153210778054330376e+03 1.752111604971253485e+02
-1.153002017126744704e+03 1.749378284833900352e+02
-1.152831201518137732e+03 1.747204595183453648e+02
-1.152552567684535916e+03 1.743543930234420429e+02
-1.152334237314892107e+03 1.740727664604723088e+02
-1.152149617550135190e+03 1.738308651681004164e+02
-1.151908252635415238e+03 1.735401446850767968e+02
-1.151706130752551644e+03 1.732732119761203364e+02
-1.151512893615215717e+03 1.730362812891568467e+02
-1.151317310788685518e+03 1.727949710408552733e+02
-1.150994735454462898e+03 1.724164671708478238e+02
-1.150781897050828320e+03 1.721701030695807617e+02
-1.150583260237421882e+03 1.719381139271145571e+02
-1.150369413595257356e+03 1.716899171325850659e+02
-1.150080591496799116e+03 1.713595037189716379e+02
-1.149813109854360164e+03 1.710574951106484605e+02
-1.149467415725899173e+03 1.706640242925952293e+02
-1.149198925371970063e+03 1.703701762781377909e+02
-1.148940156492252072e+03 1.700872270437393183e+02
-1.148683294921440392e+03 1.698106742403923874e+02
-1.148446024203705520e+03 1.695645623356481053e+02
-1.148108522022615034e+03 1.692109644932894810e+02
-1.147879896081002471e+03 1.689786743569262342e+02
-1.147606610200605246e+03 1.686910208677102503e+02
-1.147325235545130226e+03 1.684004093406846891e+02
-1.147084410424125508e+03 1.681441170789946966e+02
-1.146797947180431038e+03 1.678564689975482622e+02
-1.146515209566601698e+03 1.675687373823458870e+02
-1.146318549293099977e+03 1.673786451738275787e+02
-1.145995954024873754e+03 1.670666738941804397e+02
-1.145708712898240947e+03 1.667838868607670406e+02
-1.145475829210658731e+03 1.665655620604818807e+02
-1.145256643590370459e+03 1.663518151083523833e+02
-1.144987654513107827e+03 1.661004769213859049e+02
-1.144701977185417036e+03 1.658396544433863369e+02
-1.144480812259761478e+03 1.656472797766625717e+02
-1.144209022136901240e+03 1.653958553636744284e+02
-1.143887374420674860e+03 1.651088595245446129e+02
-1.143645030943010397e+03 1.648864876958002412e+02
-1.143317485134198478e+03 1.645916236743234151e+02
-1.142962566652024634e+03 1.642732867513015265e+02
-1.142660235796234929e+03 1.639990697601699026e+02
-1.142327460103305384e+03 1.637179810159140061e+02
-1.142077675540020664e+03 1.635026139008662653e+02
-1.141790276986125491e+03 1.632572630333437473e+02
-1.141444797847497057e+03 1.629767952217277127e+02
-1.141198896425204794e+03 1.627714622899179915e+02
-1.140908999039352238e+03 1.625252857214121605e+02
-1.140472998407934028e+03 1.621665227865282759e+02
-1.140207783144850509e+03 1.619480279499470612e+02
-1.139872870359873104e+03 1.616771718556902329e+02
-1.139540883349479145e+03 1.614046555038187307e+02
-1.139274740129263364e+03 1.611959350895522505e+02
-1.139000260325146655e+03 1.609734054146514666e+02
-1.138759279647298399e+03 1.607818313629548186e+02
-1.138454515532330788e+03 1.605312029398352820e+02
-1.138121294246550633e+03 1.602631274635441514e+02
-1.137786986718980415e+03 1.600191192731601291e+02
-1.137514664672924027e+03 1.598139008404447452e+02
-1.137091558015687724e+03 1.594803996119642875e+02
-1.136716876711877603e+03 1.592048156233761347e+02
-1.136391168458128732e+03 1.589608907386421777e+02
-1.136071370880019686e+03 1.587236156019864382e+02
-1.135649261266383746e+03 1.584064126348330888e+02
-1.135311557461239545e+03 1.581491829293414355e+02
-1.135015700497526723e+03 1.579158425262104970e+02
-1.134782328311900301e+03 1.577505819834368310e+02
-1.134451784323163338e+03 1.575162228515855247e+02
-1.134011831071850793e+03 1.571950445636424263e+02
-1.133714642813546334e+03 1.569842248134821716e+02
-1.133257493622137872e+03 1.566467137281397868e+02
-1.132982838746287825e+03 1.564449475296364653e+02
-1.132704460913498224e+03 1.562434856961828018e+02
-1.132467097755663190e+03 1.560741099742546680e+02
-1.132047670269915898e+03 1.557811759365984869e+02
-1.131638203435448531e+03 1.555009785328137752e+02
-1.131316538573155412e+03 1.552751761537600999e+02
-1.130977181623663910e+03 1.550458024656737166e+02
-1.130671592755807524e+03 1.548389234442285556e+02
-1.130323485196294769e+03 1.546051846995466690e+02
-1.130003153503493877e+03 1.543798921702531004e+02
-1.129629129280548341e+03 1.541299550845550925e+02
-1.129134427988182097e+03 1.538137753219398860e+02
-1.128625268173849463e+03 1.534692830661664971e+02
-1.128194066651968114e+03 1.531857081568796275e+02
-1.127912630430177387e+03 1.530126053304726383e+02
-1.127592664802056333e+03 1.528053431662891910e+02
-1.127218314233106412e+03 1.525703538357863636e+02
-1.126946484919107434e+03 1.523825983889554720e+02
-1.126578754265608268e+03 1.521467031018335945e+02
-1.126034476472349525e+03 1.518036591835347053e+02
-1.125632783516827658e+03 1.515571634917683639e+02
-1.125295699507728159e+03 1.513432764753119670e+02
-1.124888577911351604e+03 1.510929752822502792e+02
-1.124475344879333079e+03 1.508433491761943230e+02
-1.124097194472607271e+03 1.506050773411066928e+02
-1.123649410179153392e+03 1.503286363689632594e+02
-1.123152073048047214e+03 1.500217893690314384e+02
-1.122750349691167457e+03 1.497752930852826978e+02
-1.122448077039622149e+03 1.495959637888701081e+02
-1.122116948374866752e+03 1.493949048621343820e+02
-1.121741614813831575e+03 1.491618593788169846e+02
-1.121378949406570882e+03 1.489496672038609404e+02
-1.121050370072303849e+03 1.487497988610660684e+02
-1.120760336647413851e+03 1.485700422815704087e+02
-1.120362462147053748e+03 1.483441461976811411e+02
-1.120005537972620459e+03 1.481392244697068463e+02
-1.119595969692624749e+03 1.478962566319205791e+02
-1.119263067829333522e+03 1.476984020759842338e+02
-1.118912501707275851e+03 1.475114423506026071e+02
-1.118652592803310199e+03 1.473649604599101792e+02
-1.118271789207700067e+03 1.471501184765402002e+02
-1.117934418120373948e+03 1.469626922798302644e+02
-1.117582940197373091e+03 1.467653706144922694e+02
-1.117148148738428063e+03 1.465099992699960012e+02
-1.116808473006069107e+03 1.463254643434354705e+02
-1.116449042106818297e+03 1.461262183843954858e+02
-1.116109187139612004e+03 1.459408075231704913e+02
-1.115698401758051659e+03 1.457156911922919278e+02
-1.115251068579934099e+03 1.454794011366171276e+02
-1.114920717807354094e+03 1.453110265953961857e+02
-1.114580134563403135e+03 1.451225871036759827e+02
-1.114237030917997572e+03 1.449356809165697086e+02
-1.113844560196955172e+03 1.447376273793626069e+02
-1.113353124984833812e+03 1.444843828362610907e+02
-1.113029160538297674e+03 1.443108296444707435e+02
-1.112551409440524594e+03 1.440564117444872920e+02
-1.112169994981523359e+03 1.438602806077128093e+02
-1.111759831927502319e+03 1.436479465524407431e+02
-1.111278031661622663e+03 1.433887446586489034e+02
-1.110961676888449574e+03 1.432219006496687257e+02
-1.110551211347767548e+03 1.430243121364447063e+02
-1.110256296029586565e+03 1.428748009057638910e+02
-1.109761366266820232e+03 1.426123382817087588e+02
-1.109210574940421566e+03 1.423277115918756124e+02
-1.108869955242431615e+03 1.421545177773007538e+02
-1.108454442569132198e+03 1.419494136293684790e+02
-1.107974579221256818e+03 1.417024412650827685e+02
-1.107653357478097860e+03 1.415455973312709261e+02
-1.107289088159684297e+03 1.413617469084627203e+02
-1.106964729947979095e+03 1.411946866042605961e+02
-1.106565310723930679e+03 1.409986326373493171e+02
-1.106229787940020969e+03 1.408272744605820606e+02
-1.105731600138232125e+03 1.405738301130464549e+02
-1.105246905772060018e+03 1.403514553011256680e+02
-1.104749010832783824e+03 1.400974217046474166e+02
-1.104337394677482052e+03 1.399006633207490324e+02
-1.103904405370152290e+03 1.396948945636079316e+02
-1.103500005458094620e+03 1.394984560764958985e+02
-1.103116744500277946e+03 1.393096693064299814e+02
-1.102753849048667234e+03 1.391256161985731978e+02
-1.102407569336493907e+03 1.389669315041649327e+02
-1.101940619727221474e+03 1.387450536334060303e+02
-1.101576876686119931e+03 1.385799560855830350e+02
-1.101131841725377626e+03 1.383743001644376704e+02
-1.100826601295842693e+03 1.382309180229942172e+02
-1.100358956732387014e+03 1.380069041451540954e+02
-1.099962131155924453e+03 1.378236077675208264e+02
-1.099599102455589900e+03 1.376635457409214780e+02
-1.099231299343329965e+03 1.374896534851785646e+02
-1.098973236301130555e+03 1.373712044800805927e+02
-1.098692581892735689e+03 1.372465361688947212e+02
-1.098151297086361865e+03 1.370015601909873908e+02
-1.097698445561248491e+03 1.367975354332730262e+02
-1.097269710211629672e+03 1.366148473170806312e+02
-1.096829867392779533e+03 1.364231888737678560e+02
-1.096491723641733870e+03 1.362701188175632296e+02
-1.096079532636336126e+03 1.360695584885453400e+02
-1.095531064901951822e+03 1.358275739698300697e+02
-1.095151142446046151e+03 1.356562519503714839e+02
-1.094748818778445411e+03 1.354772001251012625e+02
-1.094216956383953402e+03 1.352386404261398525e+02
-1.093858088586611530e+03 1.350773495604988170e+02
-1.093533037919352182e+03 1.349312023031811236e+02
-1.093063854315084200e+03 1.347171117212868978e+02
-1.092631331819492743e+03 1.345294384645392256e+02
-1.092308826757856423e+03 1.343889947870533490e+02
-1.091953136373799907e+03 1.342328901938401202e+02
-1.091574955265323297e+03 1.340667350046146282e+02
-1.091131425957835745e+03 1.338842367038878933e+02
-1.090743203496906972e+03 1.337156040448057865e+02
-1.090431606624027836e+03 1.335810379713399527e+02
-1.090073014989872263e+03 1.334283139870744321e+02
-1.089696056320889056e+03 1.332723882902063792e+02
-1.089409407644963039e+03 1.331495536969507327e+02
-1.089102320473735290e+03 1.330096535113135019e+02
-1.088597567271284106e+03 1.327952803780090392e+02
-1.088054174579736127e+03 1.325768966386438308e+02
-1.087701039099611762e+03 1.324271245882233927e+02
-1.087318341478643788e+03 1.322612953644936340e+02
-1.086866612932154567e+03 1.320773025702407040e+02
-1.086349502575183578e+03 1.318519532931432252e+02
-1.085863085321865128e+03 1.316489100607411160e+02
-1.085374497826284141e+03 1.314533476405296426e+02
-1.084845305771072844e+03 1.312362871693667330e+02
-1.084450568456451265e+03 1.310669144512629600e+02
-1.084124797990330535e+03 1.309295137466675101e+02
-1.083782574221328787e+03 1.307892298069930632e+02
-1.083389269551385496e+03 1.306227083752249882e+02
-1.083112682107659793e+03 1.305055123514609363e+02
-1.082790098906221601e+03 1.303697591361688808e+02
-1.082430075325670259e+03 1.302250868371386332e+02
-1.082024857051920435e+03 1.300735740506379443e+02
-1.081574178030093435e+03 1.298915140260615146e+02
-1.081284293261637231e+03 1.297792998313142618e+02
-1.080903117227391022e+03 1.296233819011168862e+02
-1.080550545954002473e+03 1.294899355703925892e+02
-1.080213241087864617e+03 1.293548749039202335e+02
-1.079939992191795000e+03 1.292440291492544020e+02
-1.079580712333737438e+03 1.291136073219971081e+02
-1.079183007169480106e+03 1.289560372387253722e+02
-1.078711679456603179e+03 1.287726089438205577e+02
-1.078334336616123664e+03 1.286264989883422629e+02
-1.078085777881462036e+03 1.285259147847922634e+02
-1.077703156669520467e+03 1.283744605780593702e+02
-1.077237992937583613e+03 1.281968361544113861e+02
-1.076748395246360587e+03 1.279987185077202696e+02
-1.076369406368507953e+03 1.278583840929324253e+02
-1.075940633236938311e+03 1.276912147234858281e+02
-1.075535265373978973e+03 1.275294400724880575e+02
-1.075163108882291226e+03 1.273854700108868485e+02
-1.074816716417908083e+03 1.272478582993498719e+02
-1.074393959663933401e+03 1.270853532077171621e+02
-1.074064316485866811e+03 1.269548221964676031e+02
-1.073630674806536490e+03 1.267841779015118533e+02
-1.073159319481403372e+03 1.265998344612380606e+02
-1.072795915905415995e+03 1.264615490533521864e+02
-1.072331893030491756e+03 1.262863422971609566e+02
-1.072003102586093974e+03 1.261559733691705389e+02
-1.071651057384503474e+03 1.260214011205923441e+02
-1.071229769816600538e+03 1.258624301254375837e+02
-1.070850526259865774e+03 1.257208751850446191e+02
-1.070467130642340408e+03 1.255711017590101903e+02
-1.070070499743783557e+03 1.254316217842585246e+02
-1.069694429709895758e+03 1.252890416856322702e+02
-1.069245070750681862e+03 1.251207096734774780e+02
-1.068781248055026481e+03 1.249549756938521341e+02
-1.068315947578970508e+03 1.247875766861782125e+02
-1.067794526662849648e+03 1.245865467993746023e+02
-1.067290773240808221e+03 1.244029142328852373e+02
-1.066932183963943316e+03 1.242710630789063231e+02
-1.066501573125785626e+03 1.241110834851808278e+02
-1.066256464651988153e+03 1.240188046095624941e+02
-1.065911584041873539e+03 1.238994687423483185e+02
-1.065561575980735370e+03 1.237719092333661308e+02
-1.065205367871332555e+03 1.236430876614536487e+02
-1.064859017868234332e+03 1.235182715799331987e+02
-1.064470702164206159e+03 1.233794962787928569e+02
-1.063976168993630836e+03 1.232064520124318676e+02
-1.063610716807050267e+03 1.230764696729452368e+02
-1.063174018011332009e+03 1.229241390509720020e+02
-1.062902700479820169e+03 1.228335004457664326e+02
-1.062616666274251429e+03 1.227282471563593163e+02
-1.062215203929066774e+03 1.225815749749652781e+02
-1.061970036510445880e+03 1.224953622620256795e+02
-1.061522075925197669e+03 1.223438509361594981e+02
-1.061122652321046644e+03 1.222057847079731943e+02
-1.060686731723694265e+03 1.220470520039750681e+02
-1.060263284122225969e+03 1.218879481186807396e+02
-1.059692580707329398e+03 1.216736332779277774e+02
-1.059222148256099217e+03 1.215170499545182565e+02
-1.058830978900412447e+03 1.213908261326818803e+02
-1.058311413999361093e+03 1.212105187591981945e+02
-1.057906627001965262e+03 1.210734842919551397e+02
-1.057484450874949061e+03 1.209330514074413969e+02
-1.057067353561709751e+03 1.207919379127920081e+02
-1.056697941393605106e+03 1.206698959381098319e+02
-1.056344966975834950e+03 1.205491651269085907e+02
-1.056020152880159003e+03 1.204429943814941169e+02
-1.055525123578487865e+03 1.202839888325978279e+02
-1.055119848022510723e+03 1.201458698175529207e+02
-1.054573271082028441e+03 1.199704822198377769e+02
-1.054222569560818101e+03 1.198531962564569255e+02
-1.053884049057271113e+03 1.197361761470677095e+02
-1.053483570474441649e+03 1.196127667913184496e+02
-1.053040146122431452e+03 1.194700038483730253e+02
-1.052645896468829733e+03 1.193363619956571000e+02
-1.052111133353359037e+03 1.191587829354986070e+02
-1.051713775234087734e+03 1.190198000333002568e+02
-1.051310045806284961e+03 1.188792162494448377e+02
-1.050842472373048395e+03 1.187197969046931973e+02
-1.050425602918541927e+03 1.185766535823938455e+02
-1.049898355670767160e+03 1.184031057296015064e+02
-1.049517943623995734e+03 1.182775494112966328e+02
-1.049037661011175487e+03 1.181198109800922253e+02
-1.048434167974929323e+03 1.179263246768903457e+02
-1.047977078127297546e+03 1.177818899119012173e+02
-1.047697240664528181e+03 1.176911418180127384e+02
-1.047401686149970601e+03 1.175948751531952752e+02
-1.047040840197890020e+03 1.174734385686184055e+02
-1.046645928592535483e+03 1.173491142919877603e+02
-1.046017985975584679e+03 1.171483004519845537e+02
-1.045529192756014936e+03 1.169983029763209004e+02
-1.045177684961505747e+03 1.168882151495640045e+02
-1.044888105327544963e+03 1.167965385174028370e+02
-1.044629962515238276e+03 1.167156685564377483e+02
-1.043925260206114899e+03 1.164771550130074189e+02
-1.043596744834991114e+03 1.163695144573166260e+02
-1.043228414283533994e+03 1.162542614102173673e+02
-1.042856567532225654e+03 1.161332121816783882e+02
-1.042309619748199339e+03 1.159650076650830215e+02
-1.041869990014083669e+03 1.158221246185648710e+02
-1.041336635007777431e+03 1.156483494191453616e+02
-1.040923792644916603e+03 1.155048082843531176e+02
-1.040560757125245573e+03 1.153891204548900333e+02
-1.040219709675082640e+03 1.152825518135468883e+02
-1.039773657577262838e+03 1.151369337110253497e+02
-1.039289567446641286e+03 1.149800245490651065e+02
-1.038784822376989268e+03 1.148207260923442874e+02
-1.038397761001566323e+03 1.147027478928303594e+02
-1.037943449862480293e+03 1.145593782949278108e+02
-1.037590852278751072e+03 1.144533477798760259e+02
-1.037176635419079275e+03 1.143248269848504748e+02
-1.036812309249388136e+03 1.142181371173718105e+02
-1.036424918971752504e+03 1.140984291677126095e+02
-1.036058373605789711e+03 1.139918162476424186e+02
-1.035684576671510513e+03 1.138732562657132519e+02
-1.035424437647671084e+03 1.137967427119046135e+02
-1.035032009271297966e+03 1.136780176158251123e+02
-1.034621325684502608e+03 1.135530532897798111e+02
-1.034255022696165270e+03 1.134427977039063933e+02
-1.033865129440676128e+03 1.133218033666090037e+02
-1.033530805593655259e+03 1.132194760121258383e+02
-1.033189696893785140e+03 1.131252743262560188e+02
-1.032837592601903452e+03 1.130210452981064719e+02
-1.032463462655154672e+03 1.129110007540889882e+02
-1.032123190036673577e+03 1.128046798781230677e+02
-1.031755923119008230e+03 1.126891594036442257e+02
-1.031419215461810381e+03 1.125909834952470305e+02
-1.031058376783934818e+03 1.124835224660175612e+02
-1.030643327296916368e+03 1.123607334193698222e+02
-1.030073476347415180e+03 1.121889249714926535e+02
-1.029711693249514610e+03 1.120848912309350141e+02
-1.029187400041909086e+03 1.119279886122526477e+02
-1.028766865423238414e+03 1.117996374786027900e+02
-1.028336987497823657e+03 1.116726632256995231e+02
-1.028011755292392763e+03 1.115784387104024376e+02
-1.027727039706228879e+03 1.114993642742453233e+02
-1.027284638317991266e+03 1.113724027120340310e+02
-1.026808908487758345e+03 1.112309348017893598e+02
-1.026458636019597634e+03 1.111257881557902181e+02
-1.026059895787823280e+03 1.110189419280983856e+02
-1.025727091684985226e+03 1.109163272068667112e+02
-1.025258345067271648e+03 1.107712436493886230e+02
-1.024704815869458344e+03 1.106155287387529143e+02
-1.024463054059878914e+03 1.105528365417465722e+02
-1.024008660682703976e+03 1.104195484100228128e+02
-1.023693771286772972e+03 1.103255666417457093e+02
-1.023362849759381334e+03 1.102301018402901747e+02
-1.022874274383207762e+03 1.100921643459311525e+02
-1.022527257798884420e+03 1.099951003725251724e+02
-1.022126020585274887e+03 1.098776687867838575e+02
-1.021690350028209764e+03 1.097563539626829083e+02
-1.021237764451808857e+03 1.096340535862496210e+02
-1.021015643423068809e+03 1.095689492367478266e+02
-1.020580720792789748e+03 1.094385557416542696e+02
-1.020167714127894328e+03 1.093170101666464262e+02
-1.019889931742943077e+03 1.092394691842596472e+02
-1.019561966192192017e+03 1.091433228377077143e+02
-1.019143842002293809e+03 1.090295103596476451e+02
-1.018701464687178486e+03 1.089086735417805158e+02
-1.018187848990911107e+03 1.087617673153651907e+02
-1.017783869188718882e+03 1.086407966402803567e+02
-1.017390432417231523e+03 1.085310019673557207e+02
-1.016863371338096727e+03 1.083825486502545346e+02
-1.016552134447266667e+03 1.082921668969732991e+02
-1.016156926601293208e+03 1.081771362595273018e+02
-1.015879813205858795e+03 1.080988681439735757e+02
-1.015536290013894586e+03 1.079997319365526778e+02
-1.015191860957580730e+03 1.079066430920387063e+02
-1.014843236414558078e+03 1.078073827370363347e+02
-1.014463979351183070e+03 1.077011443685873644e+02
-1.014006704641057127e+03 1.075735337749898122e+02
-1.013555920574458924e+03 1.074456535923759759e+02
-1.013203395167646363e+03 1.073505780427010734e+02
-1.012926021838989982e+03 1.072716798065442561e+02
-1.012534807777918672e+03 1.071634678037196551e+02
-1.012212802304269758e+03 1.070775053119859308e+02
-1.011990491324073787e+03 1.070185403993198747e+02
-1.011588592799282537e+03 1.069087535938551099e+02
-1.011252987779701812e+03 1.068129376851490946e+02
-1.010869639598150457e+03 1.067116547846669476e+02
-1.010446322561244301e+03 1.066018455227465438e+02
-1.010012091443589838e+03 1.064817894881208389e+02
-1.009621167174967468e+03 1.063712037575254215e+02
-1.009344267246748927e+03 1.062974160440667646e+02
-1.009010941126186140e+03 1.062035841913135101e+02
-1.008654967750482342e+03 1.061137759135680341e+02
-1.008305673277074561e+03 1.060150695597279196e+02
-1.008026150632880785e+03 1.059380905585040864e+02
-1.007577908371022318e+03 1.058194734773295806e+02
-1.007231284253273088e+03 1.057217672070093926e+02
-1.006860160032450040e+03 1.056182496902590202e+02
-1.006619347667426382e+03 1.055514596532237022e+02
-1.006191602889292653e+03 1.054315223509517523e+02
-1.005715105450985675e+03 1.052971404492053580e+02
-1.005417602216833302e+03 1.052230604431663608e+02
-1.004898659163136472e+03 1.050756946156269862e+02
-1.004580342415046971e+03 1.049988407143945608e+02
-1.004138278212868272e+03 1.048870671366516234e+02
-1.003781046332944470e+03 1.047903497057679232e+02
-1.003460447523501898e+03 1.047041293824787402e+02
-1.003000106940330738e+03 1.045797358256001388e+02
-1.002652303798151934e+03 1.044914363874782879e+02
-1.002255006945606965e+03 1.043878170919765864e+02
-1.001839375156357733e+03 1.042780218647501016e+02
-1.001510061115968597e+03 1.041925074956777166e+02
-1.001118389106208042e+03 1.040903998954417773e+02
-1.000699714244485676e+03 1.039812492487944411e+02
-1.000345145464303982e+03 1.038815116412997384e+02
-1.000005955748169754e+03 1.037895654542543298e+02
-9.996367847272726976e+02 1.036918070004550003e+02
-9.991436780631555621e+02 1.035664312699255163e+02
-9.988460368165438013e+02 1.034903016054916520e+02
-9.984858392501952267e+02 1.033954491054172280e+02
-9.982529891378146658e+02 1.033374794119258411e+02
-9.979019045326506330e+02 1.032428271083657592e+02
-9.973716828031646173e+02 1.031055404505034403e+02
-9.968816025954359930e+02 1.029771618107396591e+02
-9.964986329713752866e+02 1.028716077859434250e+02
-9.961518176801104119e+02 1.027800332721070617e+02
-9.957518277359725971e+02 1.026722771914762404e+02
-9.952689902110000730e+02 1.025467234968208459e+02
-9.949590946594329353e+02 1.024659385333275452e+02
-9.946194342080565320e+02 1.023787523910189492e+02
-9.942273846373591368e+02 1.022748030553060801e+02
-9.937470904777693477e+02 1.021436286213082951e+02
-9.932280214213600402e+02 1.020173143050776758e+02
-9.928646320161329868e+02 1.019287131368704564e+02
-9.924513243967111293e+02 1.018235835982733590e+02
-9.921012834788764394e+02 1.017358338983781607e+02
-9.917512371269071991e+02 1.016473537583678137e+02
-9.913153365190649993e+02 1.015405921549385937e+02
-9.909524993978742486e+02 1.014499149978926056e+02
-9.906561367375404643e+02 1.013764210165716975e+02
-9.902895353491616106e+02 1.012800926826696042e+02
-9.899045431909324861e+02 1.011878358115028931e+02
-9.895436571262013103e+02 1.010983627867165211e+02
-9.889979574615496176e+02 1.009471313003278681e+02
-9.885420348960462888e+02 1.008437784951534439e+02
-9.882528536708197180e+02 1.007750799256954508e+02
-9.878598513918582285e+02 1.006749415616855003e+02
-9.872753047498623573e+02 1.005208548368997157e+02
-9.868567985563216780e+02 1.004148172188650534e+02
-9.865758612003750159e+02 1.003473117384744029e+02
-9.862708822296846165e+02 1.002728258883843040e+02
-9.858512361225535869e+02 1.001705834871523138e+02
-9.855125852434808849e+02 1.000914417963504803e+02
-9.852213688470607167e+02 1.000126665662712924e+02
-9.848602756523303015e+02 9.992504529611441910e+01
-9.845545336651174466e+02 9.985230567616618202e+01
-9.841744511154913653e+02 9.975218637375759556e+01
-9.837820490184633400e+02 9.965268227010943747e+01
-9.833598269346539382e+02 9.955332978039288605e+01
-9.829844484112392138e+02 9.946648068937237497e+01
-9.827363062672407068e+02 9.940762212093508765e+01
-9.822923887862389165e+02 9.930441897075240831e+01
-9.818114116291075106e+02 9.918936666463503116e+01
-9.813552798177469185e+02 9.907571744760220156e+01
-9.810254918514448264e+02 9.899694426672166969e+01
-9.806257485934293072e+02 9.889950216652835024e+01
-9.802365647199446812e+02 9.879946013769776414e+01
-9.798284155967194238e+02 9.869384026326932258e+01
-9.794825027531713886e+02 9.861028489544519005e+01
-9.791567706209453945e+02 9.853084118954396331e+01
-9.788628086180606260e+02 9.845967051452564078e+01
-9.785679753677295594e+02 9.838461091994243191e+01
-9.781676923085148019e+02 9.829151747385616034e+01
-9.778120606349084483e+02 9.819843297455220466e+01
-9.774862475871262859e+02 9.812379263942655427e+01
-9.771878153229794179e+02 9.805255233985053565e+01
-9.768335398722351783e+02 9.796755535950745752e+01
-9.764940136449541797e+02 9.788512636637359776e+01
-9.759040031586509940e+02 9.773862727616274526e+01
-9.753963173380570879e+02 9.761300700865297131e+01
-9.750688797378417121e+02 9.753631459905666645e+01
-9.747797042963507010e+02 9.746176484926101580e+01
-9.742863249623369484e+02 9.734455155536443272e+01
-9.738034915386193688e+02 9.723419052182903499e+01
-9.734815432391154673e+02 9.715952209717056576e+01
-9.731605812032338463e+02 9.708215263954930663e+01
-9.727968157320740374e+02 9.699005029873453054e+01
-9.724950003631641948e+02 9.691704795081892598e+01
-9.721317128752181134e+02 9.683272551515163684e+01
-9.717850064154000620e+02 9.675634372474651457e+01
-9.714111360376232369e+02 9.666356861587897242e+01
-9.710139434436409829e+02 9.657003510390842393e+01
-9.706402853337593797e+02 9.648287858491154623e+01
-9.703184968188952553e+02 9.640881340849726655e+01
-9.699773771245198759e+02 9.632485569205576326e+01
-9.696156769475692272e+02 9.624131186286084017e+01
-9.692567627714512355e+02 9.615749545468641202e+01
-9.688748352695279209e+02 9.606081241644280055e+01
-9.684055638952911522e+02 9.595219894985160636e+01
-9.680802579016287837e+02 9.587418627851100439e+01
-9.676960732109486116e+02 9.578458854352579976e+01
-9.672717384620631265e+02 9.568821495091209783e+01
-9.668992204417535277e+02 9.559929080315582439e+01
