4.000000000000000000e+00 4.000000000000000000e+00
2.373333333333333961e+00 4.037333333333333485e+02
8.328390475474503063e-01 6.600912613479135871e+02
-6.853704608600384063e+01 6.759731364747574389e+02
-2.448272916528311498e+02 6.309660333405921619e+02
-4.557000498057153663e+02 5.888851960777867589e+02
-6.475314144376000058e+02 5.496199884395142590e+02
-8.121090776829148581e+02 5.129026913552168025e+02
-9.520893509809998250e+02 4.785810203197482906e+02
-1.069306819832245992e+03 4.466610225825426141e+02
-1.166709539242029905e+03 4.168463302708024116e+02
-1.246280129323709616e+03 3.890382902581906706e+02
-1.310390520219036716e+03 3.629630218491794267e+02
-1.360804649007285434e+03 3.384517733050518586e+02
-1.398382295495287053e+03 3.156668922976410272e+02
-1.424458721032342737e+03 2.945853034511101214e+02
-1.440876475562218275e+03 2.748000801544878868e+02
-1.448766395876701381e+03 2.562358184697907291e+02
-1.448996865352006807e+03 2.391083463788325219e+02
-1.442676190332888609e+03 2.231048707232587844e+02
-1.430655245665913981e+03 2.080907433667115924e+02
-1.413796209084008069e+03 1.941413261181871235e+02
-1.392759730879404970e+03 1.811238800660290735e+02
-1.368138762701144287e+03 1.689539401434440151e+02
-1.340491596109020520e+03 1.575733723535293507e+02
-1.310321786297115068e+03 1.469366103806561910e+02
-1.278090462257494210e+03 1.370035624009072706e+02
-1.244220047460603837e+03 1.277362198580768506e+02
-1.209094558039420917e+03 1.190972911861488228e+02
-1.173059337266108741e+03 1.110498706333651597e+02
-1.136421374337217458e+03 1.035575779181958325e+02
-1.099450505309745040e+03 9.658486383136413167e+01
-1.062381401552296893e+03 9.009732946098635864e+01
-1.025416110802563026e+03 8.406199239899595455e+01
-9.887274976703772609e+02 7.844747867673180508e+01
-9.517182186016750620e+02 7.311023348855016479e+01
-9.153241131141974165e+02 6.815340980029237983e+01
-8.796755653494660692e+02 6.355630828807216659e+01
-8.448430097617182355e+02 5.929307806787244317e+01
-8.108841472318848673e+02 5.533687042287980518e+01
-7.776427521711942745e+02 5.163984731334375056e+01
-7.449022899269767777e+02 4.815426072915806799e+01
-7.130301134513446186e+02 4.490148251423502757e+01
-6.821877805173556908e+02 4.188022175528031710e+01
-6.524333986032320354e+02 3.907891921231698973e+01
-6.232093791497642314e+02 3.642826676430286170e+01
-5.951490913036033135e+02 3.397462945271584545e+01
-5.682497890727067897e+02 3.170444869774917862e+01
-5.421177215615206251e+02 2.957242185847988836e+01
-5.169774227636738715e+02 2.758748000187041782e+01
-4.928990482021748676e+02 2.574591004121265314e+01
-4.692337167437615904e+02 2.398948658082994356e+01
-4.469597578114626231e+02 2.238585143325002491e+01
-4.252109962153568290e+02 2.086417541352258453e+01
-4.044990063479804689e+02 1.945582172526715325e+01
-3.848220707630483730e+02 1.815447460993722473e+01
-3.659291892646136262e+02 1.693805496846091785e+01
-3.479124185023654832e+02 1.580782670768984133e+01
-3.303555589289199474e+02 1.473331115413125936e+01
-3.137382876634062541e+02 1.374125682336072884e+01
-2.978505940436793935e+02 1.281537807464523304e+01
-2.827639412762794677e+02 1.195689970342158936e+01
-2.681981142128547617e+02 1.114669867639232592e+01
-2.544413838592137154e+02 1.039867795857050758e+01
-2.412109596351224639e+02 9.694804693131215956e+00
-2.287400427728242960e+02 9.045666125407523239e+00
-2.167630879636935788e+02 8.435145926191898624e+00
-2.054827619601340416e+02 7.872016420734584408e+00
-1.945760938567263452e+02 7.338242278379257577e+00
-1.842092471024409122e+02 6.840828765630464936e+00
-1.744275281515724316e+02 6.380604373420140973e+00
-1.650418731922872837e+02 5.947341032133793171e+00
-1.562250594345332217e+02 5.548002500023542005e+00
-1.477899943315623261e+02 5.172886671895190247e+00
-1.398745017633479506e+02 4.827266764103836039e+00
-1.323188807007391290e+02 4.503122984120168759e+00
-1.251794945293217012e+02 4.202133018608608772e+00
-1.183616534386711976e+02 3.919512448537579630e+00
-1.119228570011638197e+02 3.657053669759073866e+00
-1.057490929554336105e+02 3.409459747906120608e+00
-9.996087551561682005e+01 3.181106849417992599e+00
-9.443554932687987957e+01 2.966563361952996747e+00
-8.916642800205023889e+01 2.765148479197343523e+00
-8.424075944621930034e+01 2.579797303455750423e+00
-7.954878578467067030e+01 2.405916636915239160e+00
-7.508081808264743984e+01 2.242802472605254671e+00
-7.090764851840692984e+01 2.092720856705148957e+00
-6.695411350030649089e+01 1.952607389103352631e+00
-6.316187282122493940e+01 1.820104812072602884e+00
-5.961307403538272354e+01 1.697865525626513827e+00
-5.623438929478897563e+01 1.583094887675916107e+00
-5.307958287997356450e+01 1.477422521560992186e+00
-5.002081959817158463e+01 1.376317275230103387e+00
-4.719352924539233385e+01 1.284137610773305127e+00
-4.448786465023492553e+01 1.197074692288673470e+00
-4.195960820047315565e+01 1.116797083549515346e+00
-3.955596001173476850e+01 1.041449924058125864e+00
-3.727322780622183274e+01 9.707961970117960915e-01
-3.514717253067028935e+01 9.058260962028978902e-01
-3.313490752986230348e+01 8.450952489531631251e-01
-3.120880552722151791e+01 7.876646555853833442e-01
-2.941102823482541595e+01 7.347107739535280180e-01
-2.770434468180719634e+01 6.850371602300712182e-01
-2.611467564888886272e+01 6.393231617357393315e-01
-2.459552817783752587e+01 5.961397544914108781e-01
-2.314390698025604109e+01 5.553435039053129518e-01
-2.181007370336034867e+01 5.182942254828024620e-01
-2.053924970316515441e+01 4.833919707657305387e-01
-1.933239124233158535e+01 4.506137939972338913e-01
-1.820977085271037055e+01 4.204618487680709116e-01
-1.714479837841881960e+01 3.921684730923030715e-01
-1.614634081129952037e+01 3.659293277431671654e-01
-1.520022586244559903e+01 3.413278901959247436e-01
-1.431363660088609002e+01 3.185175425861944687e-01
-1.346454944975175749e+01 2.968948939207811111e-01
-1.266664095324108708e+01 2.767848013416751018e-01
-1.192242152998284332e+01 2.582215432838134705e-01
-1.121998476476478679e+01 2.408786651519625732e-01
-1.054980021372167442e+01 2.244956863738247210e-01
-9.926161580743359636e+00 2.094029774450710257e-01
-9.335759830918350488e+00 1.952546661913064918e-01
-8.777467137463329294e+00 1.820058807352454566e-01
-8.259531064888472329e+00 1.698349878380714661e-01
-7.767163610047365552e+00 1.583746938966848206e-01
-7.305845877369537611e+00 1.477390773144556246e-01
-6.867673954082051502e+00 1.377302944789939865e-01
-6.452008525767542579e+00 -4.493130817625167310e+02
-6.062331557934546922e+00 -1.085358681100846752e+03
7.070175173322547835e+01 -1.624135143602218704e+03
3.268841916617518564e+02 -1.516212912342197114e+03
7.657374378426259227e+02 -1.415118717588442905e+03
1.248561601506735315e+03 -1.320774482617154263e+03
1.665424727023156493e+03 -1.232376921573433037e+03
2.020362575822656254e+03 -1.150035339783101790e+03
2.321706707244624795e+03 -1.072902559005648072e+03
2.572481100440650152e+03 -1.001236360162405163e+03
2.779340144498008613e+03 -9.343579693246258557e+02
2.947679673469409408e+03 -8.717369822921045852e+02
3.081334592992056059e+03 -8.132065374940642641e+02
3.183024683378946975e+03 -7.589594470246919400e+02
3.257556624652084793e+03 -7.082090916465226655e+02
3.307945719178318086e+03 -6.607981357070084414e+02
3.336889222232688553e+03 -6.166972435830740551e+02
3.347240885169980629e+03 -5.754640948079950249e+02
3.341287649179972050e+03 -5.370315389075800567e+02
3.321175490238888869e+03 -5.010314171906505294e+02
3.288867895040125404e+03 -4.675888393896712500e+02
3.246033912436155333e+03 -4.363617120391106141e+02
3.194125481374909668e+03 -4.071404321207419912e+02
3.134487834243424004e+03 -3.797863387758495719e+02
3.068330898364994027e+03 -3.541946062400658093e+02
2.996767514834503345e+03 -3.302748260623439478e+02
2.920824506755657239e+03 -3.079415234873747522e+02
2.841442939678265247e+03 -2.871102199391179397e+02
2.759475917513804688e+03 -2.676963981672850537e+02
2.675687501251065896e+03 -2.496158299607777735e+02
2.590753911014377081e+03 -2.327854150955919863e+02
2.505266974451080387e+03 -2.171240949187189528e+02
2.419739290327820981e+03 -2.025536421567174727e+02
2.334610468563698760e+03 -1.889992575941779762e+02
2.250241686392150768e+03 -1.763875761427407838e+02
2.165897615132164901e+03 -1.644948796714346031e+02
2.082392557336796926e+03 -1.533550947776824387e+02
2.001030260072893725e+03 -1.430664834371664256e+02
1.920195897246892628e+03 -1.333430119536005805e+02
1.841616735899447576e+03 -1.243379202820141813e+02
1.765395599181471425e+03 -1.159986730522240492e+02
1.690086771841767586e+03 -1.081097667354352296e+02
1.617349010505263323e+03 -1.008055725972712366e+02
1.547236491272892863e+03 -9.404623083856155574e+01
1.478380581424001321e+03 -8.765848872874180131e+01
1.412236225477812013e+03 -8.174854149479384091e+01
1.348795129050256264e+03 -7.628235747701285163e+01
1.286777639625461461e+03 -7.111942306910798095e+01
1.227447501231315755e+03 -6.634393773494151958e+01
1.169644580558031976e+03 -6.183791629116492317e+01
1.114507650104158529e+03 -5.767406685634485797e+01
1.061951863635037171e+03 -5.382550214648107101e+01
1.011125970268515630e+03 -5.021172100633064872e+01
9.618106156600073291e+02 -4.680290260203044284e+01
9.145990927009236202e+02 -4.362892697334052627e+01
8.696675427052629175e+02 -4.068999248766225207e+01
8.269961765793140103e+02 -3.797290232087263462e+01
7.856529692971230361e+02 -3.540664418300893601e+01
7.461585567895547229e+02 -3.301572006197058329e+01
7.086636702977915547e+02 -3.080101024438129542e+01
6.724486167609212544e+02 -2.871198099356704958e+01
6.382208385959918360e+02 -2.678360417293963991e+01
6.052776629474141146e+02 -2.496913959759158885e+01
5.742010704941593531e+02 -2.329576223501326737e+01
5.443328435646072876e+02 -2.172190089338410957e+01
5.161837762393957973e+02 -2.027032355057279389e+01
4.893044684419716646e+02 -1.891277476052141182e+01
4.633114267186903135e+02 -1.762608328811088754e+01
4.388072327850894681e+02 -1.643724570310368094e+01
4.157424654504652608e+02 -1.534030184777155092e+01
3.935799673329546522e+02 -1.430632466529946178e+01
3.722550998991729898e+02 -1.332977439054658575e+01
3.520595512287561633e+02 -1.242195399590568528e+01
3.330577029685790080e+02 -1.158350782949246494e+01
3.152094906850915095e+02 -1.081029352995749093e+01
2.978615130483772759e+02 -1.007161524787728979e+01
2.817594417959527391e+02 -9.397976487216764596e+00
2.662738526289612082e+02 -8.760913275954273161e+00
2.517350332551253871e+02 -8.172855982196844948e+00
2.378473466383629500e+02 -7.620213970522464741e+00
2.248419565051134441e+02 -7.111095259792018730e+00
2.124261645928117730e+02 -6.632665304076567736e+00
2.007127993512330590e+02 -6.188330371683514741e+00
1.894971456383060513e+02 -5.769275022705431688e+00
1.789966894711655812e+02 -5.382903252008173212e+00
1.689876145021711977e+02 -5.020039661593644453e+00
1.594558000013373658e+02 -4.679500645162955941e+00
1.505555802603496716e+02 -4.366162919402210463e+00
1.421440041503825285e+02 -4.074257061460084373e+00
1.340781425218022775e+02 -3.798215888823501363e+00
1.264717955251452253e+02 -3.541484943589678025e+00
1.193460294507044637e+02 -3.304282531053079897e+00
1.125933361853980585e+02 -3.082530377784806319e+00
1.061217472451022559e+02 -2.872786348263010492e+00
1.000740672062616028e+02 -2.679365375614893185e+00
9.432623003470074252e+01 -2.497905123746367639e+00
8.896847148815736261e+01 -2.330959908536420766e+00
8.387545609391287371e+01 -2.174255159709730378e+00
7.908974743836172649e+01 -2.028844754055810995e+00
7.454317024298381966e+01 -1.892377667881222081e+00
7.027325953221135535e+01 -1.765771248531845972e+00
6.621798979777457816e+01 -1.646955327978828265e+00
6.241101139108489804e+01 -1.536737664912744883e+00
5.880097792877302254e+01 -1.433434893030958390e+00
5.541421690566587444e+01 -1.337645352146720201e+00
5.217036814854426297e+01 -1.246926652057844587e+00
4.911907377630183902e+01 -1.162557051918558848e+00
4.626935813682526799e+01 -1.084652086605574217e+00
4.357328338600832751e+01 -1.011765812645484042e+00
4.104712417037708860e+01 -9.442253848970334484e-01
3.866325324828224552e+01 -8.811753681634431068e-01
3.640364652134451973e+01 -8.220446917622047378e-01
3.428640646876934994e+01 -7.672242236423751915e-01
3.226847270173853133e+01 -7.155125861222874084e-01
3.035848408827869704e+01 -6.670698187510121224e-01
2.854658024603192601e+01 -6.215820116693034914e-01
2.685123403720223578e+01 -5.794580692317040649e-01
2.527294344686821503e+01 -5.406464105387265295e-01
2.378209631390118517e+01 -5.043533585091840576e-01
2.235920415664955030e+01 -4.700520083260115722e-01
2.103513249099843208e+01 -4.384473223099423222e-01
1.978153870480369392e+01 -4.088140171557850255e-01
1.859621142531736027e+01 -3.810631899668792677e-01
1.749677719332850856e+01 -3.555717133907135286e-01
1.645399599975547744e+01 -3.316207755473166707e-01
1.547769663267233042e+01 -3.094070863017555073e-01
1.455711720531317432e+01 -2.886535043300682557e-01
1.367966413347766164e+01 -2.690501853222131423e-01
1.286390133447549466e+01 -2.509915751115531779e-01
1.209069321179967460e+01 -2.340279891402783641e-01
1.137290896991611255e+01 -2.184227456271667922e-01
1.068783658640500889e+01 -2.036580941092519803e-01
1.003928532786160766e+01 -1.898016810768327622e-01
9.439938366186570562e+00 -1.771094482061977282e-01
8.867452194997564874e+00 -1.650893538171103736e-01
8.335002656247878505e+00 -1.540064991232219793e-01
7.830046292256013452e+00 -1.435840085793784193e-01
7.361224166243057532e+00 -1.339897187745003326e-01
6.913637927064904432e+00 -1.249049793522440249e-01
6.494313630927626591e+00 4.599607643910354682e+02
6.082049942913873686e+00 1.113526477138955443e+03
-7.249553825216618463e+01 1.652692599362589362e+03
-3.351586300526235505e+02 1.542923631448868719e+03
-7.832006474597976649e+02 1.440008130508181011e+03
-1.274417700894241989e+03 1.343967226118423696e+03
-1.697395374452577244e+03 1.254205331422772588e+03
-2.060221428578746782e+03 1.170018004907028626e+03
-2.366475479818438998e+03 1.091574257929416717e+03
-2.623276273187663264e+03 1.018176748443528709e+03
-2.833351371411895343e+03 9.501584507383399796e+02
-3.003548590793853236e+03 8.866762112668110376e+02
-3.138117822242089915e+03 8.274941532968289266e+02
-3.242072021206142381e+03 7.719340735081175353e+02
-3.317942028134214524e+03 7.201557749171331579e+02
-3.369274313833722317e+03 6.717240836114432341e+02
-3.398406626374598090e+03 6.268534857319904177e+02
-3.408486085914949854e+03 5.850338761891032391e+02
-3.402088726149620470e+03 5.457396259777304977e+02
-3.381262825043400426e+03 5.090728911413359015e+02
-3.348045912710026187e+03 4.750768424568695423e+02
-3.304126363724504245e+03 4.433643579895913831e+02
-3.251017656707917013e+03 4.137012799390116129e+02
-3.190094934205186746e+03 3.859363119250174350e+02
-3.122585029084517373e+03 3.599583631839259397e+02
-3.049612721537261677e+03 3.356740302675405587e+02
-2.972215128413662569e+03 3.129964088431456162e+02
-2.891343136708280326e+03 2.918402515365106638e+02
-2.807859448340795097e+03 2.721204807254603679e+02
-2.722537392364492007e+03 2.537523116546860820e+02
-2.636061929703611440e+03 2.366520161086468477e+02
-2.549032927800672951e+03 2.207378235343686015e+02
-2.461970212178065594e+03 2.059307253767913721e+02
-2.375319757750821736e+03 1.921550950058757508e+02
-2.289441443275195525e+03 1.793344173556772603e+02
-2.203456210706975071e+03 1.672242148208732146e+02
-2.119552351980594267e+03 1.560531169635428910e+02
-2.036677410524673178e+03 1.455844431276292426e+02
-1.955439921500289302e+03 1.358260704746653005e+02
-1.876200990334225253e+03 1.267523953869107203e+02
-1.797569070501554052e+03 1.181426576947562808e+02
-1.721397416561907903e+03 1.101597798919122511e+02
-1.647800581447108016e+03 1.027665794532282320e+02
-1.575371175511921820e+03 9.577600135081533494e+01
-1.505675828598552698e+03 8.930696380544915769e+01
-1.438731031315360497e+03 8.332355494023779841e+01
-1.373203944231255491e+03 7.767234714069746815e+01
-1.310442527743358141e+03 7.244567943436376822e+01
-1.250390578280436330e+03 6.761106048109721200e+01
-1.192469799639594612e+03 6.309699702130994581e+01
-1.136260581100988247e+03 5.884981872100664901e+01
-1.082304980940033147e+03 5.489430900427432647e+01
-1.030764252031955721e+03 5.122596857700431627e+01
-9.809399612968568363e+02 4.777927784393106947e+01
-9.332678145539571233e+02 4.457207051853400515e+01
-8.878751207130570720e+02 4.160031501188086622e+01
-8.443536556119769330e+02 3.882501022251947376e+01
-8.026084224594235366e+02 3.623000775778339744e+01
-7.623104736365086183e+02 3.378585892500820620e+01
-7.241767502569593944e+02 3.152904934505961521e+01
-6.874115700033113399e+02 2.940402001298106427e+01
-6.523910060529734665e+02 2.742658356261624419e+01
-6.192026873713778059e+02 2.559506820039843333e+01
-5.869707721183987132e+02 2.385487055493278064e+01
-5.562424661698084947e+02 2.223156075652689623e+01
-5.271831540379469061e+02 2.072920611253424639e+01
-4.997778415522222417e+02 1.934236655486990486e+01
-4.734520189067345655e+02 1.803714174383051727e+01
-4.486674123157371241e+02 1.683300535954614219e+01
-4.246878958268943052e+02 1.569024172519268667e+01
-4.019010014231164405e+02 1.462503810415967465e+01
-3.804140829203366252e+02 1.363963092089253593e+01
-3.598139625835064521e+02 1.271230254670925319e+01
-3.404772194469119881e+02 1.185787145891971761e+01
-3.219928541351619060e+02 1.105559798265757543e+01
-3.046593631283582226e+02 1.031663314629580519e+01
-2.881757884435361916e+02 9.625947063245977375e+00
-2.723054945256329802e+02 8.971981588792043993e+00
-2.574053867335334189e+02 8.368215494343520078e+00
-2.431751081136642654e+02 7.800946117394579105e+00
-2.298538490421624374e+02 7.278591344337129954e+00
-2.171491064805177587e+02 6.788255344174418227e+00
-2.050380558812803713e+02 6.328060899417634388e+00
-1.937163189835599155e+02 5.904519754792025843e+00
-1.829949495155649970e+02 5.509507099650497786e+00
-1.727533113397950615e+02 5.137723887289649127e+00
-1.630993042524102350e+02 4.792394068243681637e+00
-1.538681956152108512e+02 4.466894663999093851e+00
-1.452382535671529524e+02 4.166978106789499314e+00
-1.370256584805819955e+02 3.885559758173331879e+00
-1.292166244587568826e+02 3.621664014741925008e+00
-1.219345700645298507e+02 3.378984153988223493e+00
-1.150731085388658670e+02 3.153425051225807962e+00
-1.085589357433908617e+02 2.942118416177208928e+00
-1.023544161075548260e+02 2.743452114318744250e+00
-9.652091585123481821e+01 2.559078093137052257e+00
-9.095672110782901143e+01 2.385437041167416172e+00
-8.576598449684230729e+01 2.225521392714897573e+00
-8.083625654239199321e+01 2.075533317741950157e+00
-7.615757095294809176e+01 1.934928452623905226e+00
-7.180140849761332333e+01 1.805626779521440906e+00
-6.763745466598493294e+01 1.683499710371869185e+00
-6.372080920343594812e+01 1.569993381827022416e+00
-6.005942363391290684e+01 1.465139183841464909e+00
-5.651225656081205528e+01 1.364704149600073801e+00
-5.324038345932630278e+01 1.273147111070148441e+00
-5.011756080977645667e+01 1.186743925289311496e+00
-4.720692518870583143e+01 1.107132060731141454e+00
-4.444695098837045322e+01 1.032474330151061270e+00
-4.183225318895019740e+01 9.625190841648930684e-01
-3.940201029289670487e+01 8.982128392004842254e-01
-3.707304233522705061e+01 8.372381070459973262e-01
-3.488333296964192698e+01 7.805185386342139431e-01
-3.284016843362579152e+01 7.281563221310549672e-01
-3.091314381925549881e+01 6.792870100352372820e-01
-2.907479851080425703e+01 6.331401416253629177e-01
-2.736360926605904709e+01 5.906260373650290552e-01
-2.574319020754629861e+01 5.507715611354678797e-01
-2.421026358019037872e+01 5.134444807303433223e-01
-2.278737024548761880e+01 4.791437995424474017e-01
-2.142208753382770681e+01 4.465487387138928899e-01
-2.013910431310834781e+01 4.162155589545874501e-01
-1.894357398791428437e+01 3.882244646405098032e-01
-1.781130584956421359e+01 3.619673567782062951e-01
-1.676045233277454471e+01 3.378315539009086876e-01
-1.575795820119100021e+01 3.150181850496002744e-01
-1.480900954310660289e+01 2.936210900549796610e-01
-1.393172825069211207e+01 2.740238174977654984e-01
-1.309311418973753938e+01 2.554583054377522200e-01
-1.231250938714068788e+01 2.383340562274654517e-01
-1.157210853579768184e+01 2.222349446329887901e-01
-1.087162357423865089e+01 2.071375388904477255e-01
-1.022205173503788345e+01 1.932616225523939857e-01
-9.609009217675232861e+00 1.802799569544029090e-01
-9.024740971005433821e+00 1.680127521013831671e-01
-8.481935075171712413e+00 1.567140621125011346e-01
-7.967552271688053800e+00 1.460971782060523083e-01
-7.490173557582409103e+00 1.363281741721006357e-01
-7.037389769079428703e+00 1.271389459165465086e-01
-6.613923721203393669e+00 -9.082721903458120494e+01
-6.212215075089454253e+00 -6.510475044784463989e+02
9.621076922790363639e+00 -1.234093048675473483e+03
1.350988081476575644e+02 -1.006545132515425507e+03
4.465831580434389139e+02 -9.394103429159977168e+02
7.977755594212067081e+02 -8.767708052259276883e+02
1.075604132055752871e+03 -8.182837711688923719e+02
1.313030250006937194e+03 -7.636522450443862908e+02
1.514658048353280492e+03 -7.125119541497350610e+02
1.684034325599463955e+03 -6.646509860028081675e+02
1.822945093214251528e+03 -6.202754679414347265e+02
1.935893068247046813e+03 -5.788091889527779585e+02
2.025384293871524051e+03 -5.401804457434714095e+02
2.094753119497381249e+03 -5.039324651699354831e+02
2.145704525533230935e+03 -4.701445620890323198e+02
2.180551709978019517e+03 -4.385426081404156093e+02
2.200818180711704372e+03 -4.092670879958306500e+02
2.208654325236991554e+03 -3.818709708179699760e+02
2.205622135313318722e+03 -3.561477696605709866e+02
2.193061176680008430e+03 -3.322424659801832831e+02
2.172240831996618454e+03 -3.099289720604168110e+02
2.144265434107796864e+03 -2.890608024614300575e+02
2.110150924588890121e+03 -2.695374425403685450e+02
2.070806206755012226e+03 -2.512815350433388062e+02
2.027459254168894404e+03 -2.344099297342603450e+02
1.980474967582811587e+03 -2.186414702232788443e+02
1.930921902567604320e+03 -2.040354654300496691e+02
1.879055020803766638e+03 -1.903861029154166999e+02
1.825280000373753182e+03 -1.775986421525989272e+02
1.770605979362274638e+03 -1.657491215616049374e+02
1.714458132906153651e+03 -1.545549689289182709e+02
1.657620431416150041e+03 -1.440696003395608216e+02
1.601082978994579889e+03 -1.343758235576205493e+02
1.544934690828193425e+03 -1.253872873270370150e+02
1.488214277512750641e+03 -1.168581724237190400e+02
1.432318964257791777e+03 -1.089408439271088866e+02
1.377448153392393351e+03 -1.015978448948158928e+02
1.323718993466740358e+03 -9.478643831690187938e+01
1.271259848814075667e+03 -8.846686740115103476e+01
1.219081312416296896e+03 -8.247070609145104925e+01
1.168846036389212486e+03 -7.695922109785379917e+01
1.119809649390314689e+03 -7.180962295574130394e+01
1.072210610713628512e+03 -6.701720168958051715e+01
1.025049228279742238e+03 -6.245139819196164410e+01
9.802325502073940697e+02 -5.828016241375890161e+01
9.360300314970528461e+02 -5.431441210926549701e+01
8.935387882047186849e+02 -5.063828686659334721e+01
8.528219191982311713e+02 -4.723740462731586831e+01
8.130764381275473625e+02 -4.402699803850676830e+01
7.751124269431202265e+02 -4.105968278232153068e+01
7.388896305002814415e+02 -3.831734361308857473e+01
7.036559942203869014e+02 -3.572952943105752155e+01
6.698327784580376374e+02 -3.331761269661685532e+01
6.375580640449106795e+02 -3.108165453004439982e+01
6.062250189119802144e+02 -2.897021820282144233e+01
5.764727384812429136e+02 -2.701963598734766592e+01
5.477092807779683881e+02 -2.518285477937105910e+01
5.204660894143510177e+02 -2.348817653877891587e+01
4.941847042348893524e+02 -2.189378144591560371e+01
4.693328875783348053e+02 -2.042324978927100076e+01
4.453919966827611461e+02 -1.903996384349035154e+01
4.227808361290874473e+02 -1.776413848992403643e+01
4.010211598893567952e+02 -1.656387645797657271e+01
3.804892194257984102e+02 -1.545663928825849354e+01
3.609154617175337876e+02 -1.442383444578145912e+01
3.419956508299549682e+02 -1.344627447262709907e+01
3.240003612816493614e+02 -1.253561864567638651e+01
3.070005225113569054e+02 -1.169293674865395438e+01
2.906667360726245306e+02 -1.089931993589289405e+01
2.753029240336356906e+02 -1.016759793508802545e+01
2.605850214095008823e+02 -9.479984549178078979e+00
2.467578830101082303e+02 -8.846291128022301109e+00
2.336035353820336411e+02 -8.254524747817892916e+00
2.209244678030115949e+02 -7.694275542236435506e+00
2.090031601186259991e+02 -7.176895789186107599e+00
1.975992622732055111e+02 -6.690547709173595869e+00
1.869076639549981564e+02 -6.242529317697295355e+00
1.766954676518860481e+02 -5.821784616690695913e+00
1.669467540024542132e+02 -5.426755793780956516e+00
1.578227877911572818e+02 -5.063142038415247015e+00
1.491207149414020989e+02 -4.721898895678044994e+00
1.408239853970692081e+02 -4.401666851157025384e+00
1.330663825625471475e+02 -4.106955403725062403e+00
1.257307794229943312e+02 -3.832567305036592042e+00
1.186518805068338054e+02 -3.571698273813949331e+00
1.119571298685965104e+02 -3.328632483057189173e+00
1.056783120307154320e+02 -3.104045642751894096e+00
9.980591581010958180e+01 -2.897099731166585368e+00
9.419678275567642345e+01 -2.702229419316535708e+00
8.887744134605566160e+01 -2.520002750496847188e+00
8.381540218636303052e+01 -2.348959912373883352e+00
7.905732370378485996e+01 -2.190396022549333743e+00
7.460524044063042481e+01 -2.044058138990490381e+00
7.032899350291519625e+01 -1.905344943156250581e+00
6.629655703639221542e+01 -1.776254410159006980e+00
6.252241549852457325e+01 -1.657012051499396232e+00
5.893062072531247964e+01 -1.544979773568953441e+00
5.558071328978447667e+01 -1.441829399751837659e+00
5.234905466018115305e+01 -1.343532125456085469e+00
4.929983797732035100e+01 -1.251923974797253480e+00
4.644914057385755513e+01 -1.167333801022824025e+00
4.379049578292908507e+01 -1.089414588755976743e+00
4.128011616771096470e+01 -1.016719407008827680e+00
3.889862023636497668e+01 -9.485575957038905326e-01
3.661758215954915840e+01 -8.840081830464912027e-01
3.448937004620245261e+01 -8.244759322821454406e-01
3.247067207239592079e+01 -7.686450569237170960e-01
3.059265747903988242e+01 -7.172981737489808607e-01
2.879849568300008755e+01 -6.687810379900732682e-01
2.711253901000191746e+01 -6.236905534818222296e-01
2.553813634630461493e+01 -5.820434020374379847e-01
2.405454572577389527e+01 -5.432199744126026131e-01
2.264966850949274502e+01 -5.068426026288855857e-01
2.130617895914714666e+01 -4.724105717727411502e-01
2.005433185363762760e+01 -4.406615253189877790e-01
1.886828752943210219e+01 -4.108893288452007408e-01
1.774600712398256519e+01 -3.830041918257253153e-01
1.670424845496085453e+01 -3.573845771808961125e-01
1.571590050872213240e+01 -3.333203640088014397e-01
1.479000453731358355e+01 -3.110006309128590107e-01
1.391588452243756180e+01 -2.901336817365334220e-01
1.308189277988194199e+01 -2.704141523065692887e-01
1.230598108377072819e+01 -2.522451279288205339e-01
1.157110015447527651e+01 -2.351998374049862894e-01
1.087614836450307187e+01 -2.192322559295891427e-01
1.023163277123168768e+01 -2.045637381206899530e-01
9.620821024718789971e+00 -1.907904973398575343e-01
9.049174643481530111e+00 -1.780191171257443916e-01
8.508611944709576491e+00 -1.660507110685704169e-01
8.003080592622767497e+00 -1.549587719018082066e-01
7.515803842516876720e+00 -1.443597584392402322e-01
7.067970705296353628e+00 -1.347063705737841788e-01
6.642030203111497499e+00 3.423624241961187664e+01
6.232721615640357982e+00 4.018437743852289827e+02
1.989699484380698727e-02 1.003520002672308920e+03
-7.411533170844043639e+01 1.007126186876616316e+03
-3.081077364580258973e+02 9.399861688107430382e+02
-6.293993715212529878e+02 8.773136259885260415e+02
-9.185853994825608879e+02 8.187994894932376155e+02
-1.166670080997205105e+03 7.641355474383104820e+02
-1.377964802856125743e+03 7.130316985881867140e+02
-1.556663429029003282e+03 6.651423299511350251e+02
-1.704408909254909076e+03 6.206911207806838320e+02
-1.825216519571309846e+03 5.792680568612140632e+02
-1.922285192389320400e+03 5.405969964085733181e+02
-1.998423607808268571e+03 5.044404182147941924e+02
-2.055877553058398917e+03 4.706667741317536411e+02
-2.096599206417404275e+03 4.392164100192148908e+02
-2.122696704820282321e+03 4.098592082933506617e+02
-2.136028197128048760e+03 3.823547553580795011e+02
-2.137994100358468586e+03 3.568178283080446249e+02
-2.130146339596208236e+03 3.329796698017847234e+02
-2.113764540261542606e+03 3.106674644326820953e+02
-2.089979207428725203e+03 2.897663653912809991e+02
-2.059781424760398750e+03 2.701930176125985668e+02
-2.024383346632347184e+03 2.520792091956564605e+02
-1.984328846005458672e+03 2.351242383102688223e+02
-1.940715084455401666e+03 2.194016541338293109e+02
-1.894108857174606328e+03 2.047565875448062798e+02
-1.845047975223013054e+03 1.910880555653720023e+02
-1.794064461109132026e+03 1.783241628836586301e+02
-1.741640287998935491e+03 1.664071392374368656e+02
-1.688211977534861035e+03 1.552860321298984729e+02
-1.634171543216972850e+03 1.449132855772294306e+02
-1.579861244597791483e+03 1.352420089972041239e+02
-1.525185105032983984e+03 1.261569388024916663e+02
-1.470439971170574154e+03 1.176310181041657330e+02
-1.416561380726747529e+03 1.097441751573323643e+02
-1.362540857709117518e+03 1.022774362727664226e+02
-1.309606511142843829e+03 9.535468019202329515e+01
-1.257895086546302082e+03 8.893892128184965884e+01
-1.207476536892287641e+03 8.299023317372568442e+01
-1.157438210851600388e+03 7.735476288631220143e+01
-1.108920568086987259e+03 7.213193369179170134e+01
-1.061988820139682048e+03 6.729486825351514767e+01
-1.015745328416430311e+03 6.272013335429974745e+01
-9.711955980465637595e+02 5.848564914920680025e+01
-9.283566424920264808e+02 5.456803615735827861e+01
-8.863800981666086045e+02 5.086686640692273187e+01
-8.461377366312888171e+02 4.744311064025781377e+01
-8.076036669797542800e+02 4.427604945734081099e+01
-7.696822320395939414e+02 4.125895450216914639e+01
-7.339123614230171597e+02 3.850437733449555111e+01
-6.989005911612898672e+02 3.588922275971847142e+01
-6.654793141388215645e+02 3.346759786239071133e+01
-6.336586021969526428e+02 3.122899553240816317e+01
-6.027841356006758815e+02 2.911737994622624370e+01
-5.734535297512900343e+02 2.716640022159239720e+01
-5.450694137151084533e+02 2.532781637288559651e+01
-5.181587613480600112e+02 2.363015519308560286e+01
-4.921668613152505714e+02 2.203131589228128107e+01
-4.675653616648541515e+02 2.055558703924648611e+01
-4.438409710751183752e+02 1.916624869532935449e+01
-4.214168110402626439e+02 1.788412619511766977e+01
-3.998195196285943780e+02 1.667722590712621766e+01
-3.794274558389685126e+02 1.556338603692790201e+01
-3.598236845846906817e+02 1.451575523214092733e+01
-3.411935533630869486e+02 1.354147130077973671e+01
-3.232229173021676161e+02 1.262102942069699374e+01
-3.062840798425106073e+02 1.177140739716504747e+01
-2.900333338671965748e+02 1.097262225217092890e+01
-2.747517133607308324e+02 1.023654888644765215e+01
-2.601116050905278598e+02 9.544962988405309545e+00
-2.463530763884603516e+02 8.907524140181282135e+00
-2.331434278479896705e+02 8.306776757066238304e+00
-2.206290096879811813e+02 7.748055644951342025e+00
-2.088348200555810479e+02 7.230969693242547791e+00
-1.975349594301238767e+02 6.744214569233812462e+00
-1.866886170070721676e+02 6.284954771347789126e+00
-1.764350523160768205e+02 5.858186062863151911e+00
-1.668013438464417106e+02 5.464045243785288442e+00
-1.575937874529710712e+02 5.093561210217544932e+00
-1.489716902838756312e+02 4.752354037182692892e+00
-1.407468592635388518e+02 4.432039272043202693e+00
-1.329051791484295961e+02 4.131412900624453322e+00
-1.255738339780655650e+02 3.854744291197998773e+00
-1.186456952030276142e+02 3.597295098487245379e+00
-1.119287695621759298e+02 3.351344834115963511e+00
-1.057122874033590136e+02 3.127137438534905112e+00
-9.975249638801024332e+01 2.915284550710535605e+00
-9.417329272671895524e+01 2.719851398103979356e+00
-8.885897224567057151e+01 2.536309436191340083e+00
-8.380283499183711626e+01 2.364106715886291177e+00
-7.908634786946734607e+01 2.205709655549916270e+00
-7.463949391673884293e+01 2.058410286907775610e+00
-7.032086430109794151e+01 1.917221417933426375e+00
-6.632876856841187418e+01 1.788460158831371993e+00
-6.250984907832147286e+01 1.666878685839231267e+00
-5.894303233333230452e+01 1.554814928591750300e+00
-5.555424985145019434e+01 1.449694341979405277e+00
-5.239516583744912737e+01 1.352949202730138190e+00
-4.939635882014036383e+01 1.262244566538896606e+00
-4.654133231978973129e+01 1.176932786147693255e+00
-4.385965665656355839e+01 1.097768022715197134e+00
-4.130485510612184896e+01 1.023240307333478816e+00
-3.892429338041677056e+01 9.546271507041530491e-01
-3.666614150358581981e+01 8.902999664073932840e-01
-3.452539337474605929e+01 8.300183484564717107e-01
-3.253401924933899636e+01 7.745902192721741963e-01
-3.061283366429170982e+01 7.217060278985170108e-01
-2.884266401897862409e+01 6.735344666153529891e-01
-2.715342569178212528e+01 6.280669122713355979e-01
-2.557834852162804040e+01 5.861408427521639375e-01
-2.405507478000196642e+01 5.460176393051554555e-01
-2.265151850101302600e+01 5.094504542122356705e-01
-2.131309991528672043e+01 4.749453664943563691e-01
-2.006652381166351518e+01 4.431499456933305492e-01
-1.889391558697196416e+01 4.135507590399913891e-01
-1.778904807371358388e+01 3.859465049172103313e-01
-1.674316324713700155e+01 3.600771005542407477e-01
-1.574357914747386111e+01 3.355947800209252985e-01
-1.481281335916424702e+01 3.130253408468135490e-01
-1.393164875742890985e+01 2.918681827914039739e-01
-1.309846826077032134e+01 2.720580292693648428e-01
-1.232555426370416818e+01 2.538609338669023940e-01
-1.159198542077698946e+01 2.367546728889924901e-01
-1.090500376591525900e+01 2.208872958270916842e-01
-1.025248444467096398e+01 2.059553039624176796e-01
-9.645974427157428366e+00 1.922063950556740508e-01
-9.074921896417201594e+00 1.793800815061336595e-01
-8.534824827476542808e+00 1.673587301324061527e-01
-8.019248592580296986e+00 1.559842492018058968e-01
-7.539751601105590062e+00 1.455008626455209231e-01
-7.085406743198884527e+00 1.356550921645811314e-01
-6.663579077233743320e+00 -1.703759040537455149e+01
-6.262633936978653004e+00 -5.833725376620259340e+02
-2.971734872772163971e+00 -1.175877924868658283e+03
9.929639629894231234e+01 -1.435813648751576920e+03
3.917962886072097604e+02 -1.342274483079413812e+03
8.097571197747565748e+02 -1.252757434463795789e+03
1.228204937059631447e+03 -1.169206715152492052e+03
1.589100019244808436e+03 -1.090936538438263142e+03
1.896732775537659791e+03 -1.017809044919448979e+03
2.154633766235149778e+03 -9.499253064252890226e+02
2.370015500616682402e+03 -8.864556441204634893e+02
2.546813385028364792e+03 -8.272761464333002550e+02
2.690539618959855943e+03 -7.716828793680515446e+02
2.803159943240500070e+03 -7.199868140136799184e+02
2.888996811315680588e+03 -6.715806963409834225e+02
2.950216265546902832e+03 -6.266772191997081336e+02
2.990188541031222485e+03 -5.848353317537781777e+02
3.011621607533038059e+03 -5.457745867881666300e+02
3.016894932501173116e+03 -5.092403500276974455e+02
3.008020531009027764e+03 -4.750248856090061622e+02
2.986746690538735947e+03 -4.429732424471048944e+02
2.954869458705714806e+03 -4.133058647955950278e+02
2.913714291726890224e+03 -3.855391153467973027e+02
2.864940305186172282e+03 -3.597716566958378621e+02
2.809667040663853641e+03 -3.357422372026393305e+02
2.748896853974963960e+03 -3.132870415386605600e+02
2.683589439613143441e+03 -2.922940198197204040e+02
2.614612795696488774e+03 -2.726756130240423772e+02
2.542759834334199240e+03 -2.543551435335597546e+02
2.468752313837733254e+03 -2.372604158485198411e+02
2.393240833738056153e+03 -2.213211445539623980e+02
2.316804971551006929e+03 -2.064682892898363775e+02
2.239954875864151745e+03 -1.926342380131746097e+02
2.163134429256945168e+03 -1.797532834764347172e+02
2.086711460821083165e+03 -1.677593743114764777e+02
2.010858876500243468e+03 -1.565680094330089105e+02
1.935056103152501919e+03 -1.460082244359422816e+02
1.860211015973633721e+03 -1.361377810214733870e+02
1.786821229977705798e+03 -1.269542431257915069e+02
1.715156168319228300e+03 -1.184268005529514340e+02
1.645383608498012109e+03 -1.105132665584119849e+02
1.576241488019775034e+03 -1.030133896766536452e+02
1.509310390310062303e+03 -9.606228947642138394e+01
1.444669751880241392e+03 -8.962492461880960093e+01
1.381073004419389463e+03 -8.353742501001505616e+01
1.319890124334878465e+03 -7.790320316779390453e+01
1.261130820851184581e+03 -7.269081801128200482e+01
1.203620972725128468e+03 -6.776661003971933894e+01
1.148545134320529769e+03 -6.321150765609878874e+01
1.094835950611990938e+03 -5.891321936177389773e+01
1.043559975604109013e+03 -5.494132888540982407e+01
9.946573262284472321e+02 -5.127127562068830002e+01
9.471993014233104304e+02 -4.781534802591051658e+01
9.016827528658556048e+02 -4.459656848326969936e+01
8.582620761804562335e+02 -4.161261527181341791e+01
8.161073754702200631e+02 -3.879389902627088560e+01
7.760762528200762063e+02 -3.618892978051350440e+01
7.373665083942095180e+02 -3.373461863062499333e+01
7.006976964685353551e+02 -3.146926112736484882e+01
6.653156885245318790e+02 -2.933693644871049599e+01
6.318548905909756286e+02 -2.736961178434340169e+01
5.996155679125374718e+02 -2.551832468051321712e+01
5.691653050959256461e+02 -2.381043119695020494e+01
5.398589838389625584e+02 -2.220325631762855778e+01
5.122046579224422658e+02 -2.072030065604654681e+01
4.856386487696064478e+02 -1.932597986774485932e+01
4.604058672643871546e+02 -1.802949897459027184e+01
4.360776507132114261e+02 -1.680479031829074188e+01
4.131551533916210133e+02 -1.567434063698421021e+01
3.911712128437624187e+02 -1.461151524099046739e+01
3.705047708848584307e+02 -1.363209918899853434e+01
3.507112075462833900e+02 -1.271182429616073684e+01
3.321122039653100160e+02 -1.186345368627591412e+01
3.139641731587958020e+02 -1.105038614285250098e+01
2.970916925174505536e+02 -1.030834361444543212e+01
2.811770468717416520e+02 -9.620961755149075145e+00
2.660263890551043460e+02 -8.977984926327810200e+00
2.516615400913649978e+02 -8.378694632544416265e+00
2.379647001607263235e+02 -7.816723667911153584e+00
2.250328170772784233e+02 -7.294861254024251451e+00
2.124434871008587891e+02 -6.794793450321682471e+00
2.007680422352457015e+02 -6.338567613405657220e+00
1.895577776700589254e+02 -5.907358951896942045e+00
1.790512617985179418e+02 -5.509608674652387350e+00
1.690353047936339124e+02 -5.136202890952411337e+00
1.596724238506666040e+02 -4.792493612933750313e+00
1.508372301675057088e+02 -4.472986490306005258e+00
1.424008506366191398e+02 -4.172305423990489537e+00
1.344004630669364246e+02 -3.891221484458522450e+00
1.267851500276260026e+02 -3.627412445952667763e+00
1.196235990922207293e+02 -3.382811755418765998e+00
1.129179834315225008e+02 -3.156987770269108484e+00
1.063783265946940588e+02 -2.939665907385236476e+00
1.003243837972061669e+02 -2.741233045460925943e+00
9.464540111673507283e+01 -2.557593475471025446e+00
8.922825457262941029e+01 -2.384717236544878105e+00
8.413272214497435186e+01 -2.224210448650936645e+00
7.927249874522844664e+01 -2.073044604601382623e+00
7.473936053806028212e+01 -1.933851218605207922e+00
7.043557868838851732e+01 -1.803340079151274811e+00
6.635227463417544413e+01 -1.681031323725741933e+00
6.255164062102875988e+01 -1.568588232518861370e+00
5.894584359479306812e+01 -1.463185770476309822e+00
5.556151233306164272e+01 -1.365433660018956052e+00
5.231825794117313677e+01 -1.272827979954056943e+00
4.926630971583123397e+01 -1.186689101826992276e+00
4.641508334954702519e+01 -1.107143802002909183e+00
4.371996522765981297e+01 -1.032806811223088150e+00
4.114439833814250846e+01 -9.625500736905354682e-01
3.874405566409603097e+01 -8.978022173582693721e-01
3.646891703179510813e+01 -8.371012314334277393e-01
3.431477473779850840e+01 -7.802500337045187306e-01
3.231391612699801641e+01 -7.280182279831461933e-01
3.042359779298482181e+01 -6.791962552831359856e-01
2.861823744918801182e+01 -6.330503464035207584e-01
2.693686980855921576e+01 -5.905219233550845770e-01
2.534428038878221656e+01 -5.506508306348100179e-01
2.383741274099854834e+01 -5.133083367196288327e-01
2.243857178637610517e+01 -4.789964180049325893e-01
2.110486186946134168e+01 -4.466048283586642742e-01
1.985367734715820376e+01 -4.165180915748155077e-01
1.866460625113317207e+01 -3.882007806085488455e-01
1.755976225054984496e+01 -3.621475596645634676e-01
1.651316151109916319e+01 -3.377036062530915927e-01
1.552306989612689847e+01 -3.147981989547035675e-01
1.460455233043124146e+01 -2.937509142109425153e-01
1.372981326137300329e+01 -2.738917211452027156e-01
1.290997999731313328e+01 -2.554513558502952697e-01
1.213152633909928113e+01 -2.380998297634837890e-01
1.140870520306735436e+01 -2.221363808225945147e-01
1.073017384005994579e+01 -2.072862986944023767e-01
1.007761133787696295e+01 -1.931287889967349403e-01
9.478194946825064804e+00 -1.802409861383404421e-01
8.908062424550823977e+00 -1.680889352057717001e-01
8.368157437417178102e+00 -1.566803280294706002e-01
7.867272318230702943e+00 -1.461879251119347911e-01
7.393269895910482781e+00 -1.363429526996512431e-01
6.950177496399081001e+00 -1.272181646679764744e-01
6.530665948076247673e+00 3.756840285589272526e+02
6.123262061612214424e+00 9.759639225807459297e+02
-5.813089583214051714e+01 1.528368935358550289e+03
-2.840543412803443175e+02 1.429237459665465167e+03
-6.909391967303207593e+02 1.333916406192850900e+03
-1.147740046491932162e+03 1.244973009877769300e+03
-1.542064537007219997e+03 1.161760543606496640e+03
-1.879062672828763425e+03 1.084017552614038323e+03
-2.164135659806047897e+03 1.011474347306056416e+03
-2.403207332899638914e+03 9.436452708675896019e+02
-2.599685508255536661e+03 8.806056050489851259e+02
-2.759106894109651421e+03 8.217827921301843617e+02
-2.885507245182924180e+03 7.669168892279292322e+02
-2.983419954465569390e+03 7.154115986421985554e+02
-3.055140003306105882e+03 6.674395140333100471e+02
-3.104000347347802290e+03 6.225857141688377396e+02
-3.132198914540207170e+03 5.810367452926359420e+02
-3.142794648894155216e+03 5.421538183622618590e+02
-3.138001944253809143e+03 5.056433304073616455e+02
-3.119723571857202842e+03 4.717111932318978802e+02
-3.089754740116821267e+03 4.400368497128610557e+02
-3.049658322178549952e+03 4.104129549645347197e+02
-3.000873346973744447e+03 3.826973111418830058e+02
-2.944687810213052217e+03 3.567804440627939471e+02
-2.882844506705428557e+03 3.328275122909078050e+02
-2.815852302565976515e+03 3.104383255597838911e+02
-2.745232447785456770e+03 2.896990050588993881e+02
-2.671344440364853654e+03 2.703180546099196135e+02
-2.594762778996413999e+03 2.521611224046054360e+02
-2.516923084867607031e+03 2.353364746177227289e+02
-2.437078865578306704e+03 2.194588963966857023e+02
-2.356243635950959742e+03 2.045815246837939583e+02
-2.275834943980263233e+03 1.908242924474324127e+02
-2.195984523532052663e+03 1.780658436218495240e+02
-2.115323296788232710e+03 1.659577939629245407e+02
-2.035839997115250526e+03 1.547173358396186416e+02
-1.957817455113542565e+03 1.442915697873779095e+02
-1.881421887524184285e+03 1.346200519752893854e+02
-1.805315344231745939e+03 1.254541443213784646e+02
-1.731278520841248564e+03 1.169580514981591080e+02
-1.659454910973263168e+03 1.090897964931743189e+02
-1.589880910404669748e+03 1.018002562997251630e+02
-1.521247018493440464e+03 9.490123052914432833e+01
-1.455055056260929859e+03 8.851133351091748125e+01
-1.391333458319871852e+03 8.259526942918239456e+01
-1.329399761945041064e+03 7.705554204536485940e+01
-1.269665171836391892e+03 7.190095193666542173e+01
-1.211103556246138169e+03 6.701617681374709434e+01
-1.155036677692558669e+03 6.249417890164004064e+01
-1.101462871888018299e+03 5.831277033719506875e+01
-1.049292543119579250e+03 5.436612316806259315e+01
-9.995623763554519883e+02 5.071789538990228152e+01
-9.512807665384630127e+02 4.727798346644716077e+01
-9.053702645313588846e+02 4.410072194880587659e+01
-8.609060047058299006e+02 4.110764537896051962e+01
-8.187147567430617983e+02 3.834477101939184962e+01
-7.779355475233717243e+02 3.574364222905334998e+01
-7.393091205089444884e+02 3.334343035749364503e+01
-7.020368539049366063e+02 3.108445493311088370e+01
-6.667838371631146401e+02 2.900030337427103078e+01
-6.328120975083464828e+02 2.703900133453716847e+01
-6.007202003768702525e+02 2.522952957044981304e+01
-5.698285207369680165e+02 2.352665965202466580e+01
-5.406736692689134998e+02 2.195533410631735194e+01
-5.126593324538713432e+02 2.047771468673126805e+01
-4.860465550472760583e+02 1.910369610421196285e+01
-4.603845293462778727e+02 1.780570568577012480e+01
-4.362028638300024568e+02 1.660761378679714539e+01
-4.130094262325274030e+02 1.548121070022633283e+01
-3.912042971121535970e+02 1.444322607213966059e+01
-3.703188386308187887e+02 1.346794657528815087e+01
-3.506936627086499811e+02 1.256893867485423932e+01
-3.316796350796396950e+02 1.171361969612325815e+01
-3.136208018664598285e+02 1.091592051949712250e+01
-2.966151552380684393e+02 1.017821901591915257e+01
-2.806440136104246221e+02 9.497762693800126499e+00
-2.654236505570460736e+02 8.860451846705423407e+00
-2.510537923978940285e+02 8.268921499760594429e+00
-2.371106587794070606e+02 7.704185334273673469e+00
-2.241840324357443990e+02 7.189306620635770528e+00
-2.117652594370938459e+02 6.702501772881191755e+00
-2.001164246780606391e+02 6.253194725535768939e+00
-1.889983963765729982e+02 5.830969253282806797e+00
-1.785915239242016241e+02 5.441871879872795859e+00
-1.686288004065533812e+02 5.074929641306604289e+00
-1.590819471083646590e+02 4.728446893102931980e+00
-1.500825574062026533e+02 4.406617823536384648e+00
-1.416545806847627205e+02 4.109657564909444005e+00
-1.336270296031911755e+02 3.830855514242645032e+00
-1.261329842992644359e+02 3.574305834125238501e+00
-1.190058781312209248e+02 3.333685333405560502e+00
-1.122298484709391460e+02 3.108022089243531738e+00
-1.059096042505841666e+02 2.900399341975213652e+00
-9.984488912121399551e+01 2.703779238134901952e+00
-9.412734884846237549e+01 2.520845815041672822e+00
-8.877546035669266189e+01 2.351846170375760270e+00
-8.371855146353493637e+01 2.194211946341868558e+00
-7.888109502754703328e+01 2.045293483777113064e+00
-7.436476220163294215e+01 1.908003467811080212e+00
-7.007476444554077943e+01 1.779189737051198650e+00
-6.600411096812446488e+01 1.658442768686036572e+00
-6.221578780001601672e+01 1.547438106649654532e+00
-5.863313674887136528e+01 1.443708983464900841e+00
-5.520646658269611606e+01 1.345642952707209350e+00
-5.201009207131590983e+01 1.255233681542679003e+00
-4.897743526421474058e+01 1.170433704889527027e+00
-4.610338425923542616e+01 1.090977370695400905e+00
-4.343171518994216740e+01 1.017955559078889127e+00
-4.090544176700665702e+01 9.496744835642989546e-01
-3.849084119125537029e+01 8.851167777280857241e-01
-3.624068275055805799e+01 8.256114874274698145e-01
-3.410813471825189680e+01 7.698190705405275613e-01
-3.208932542687462330e+01 7.175621301797051599e-01
-3.021447853310081300e+01 6.695488194552265959e-01
-2.843909210777315621e+01 6.245549622132761103e-01
-2.677601271542369332e+01 5.828431470538563142e-01
-2.517429323442337008e+01 5.430674212696505743e-01
-2.370061153192328973e+01 5.068466379629380514e-01
-2.229629919030381657e+01 4.726714737509317144e-01
-2.096405120300260450e+01 4.405682421132482429e-01
-1.972676442070152447e+01 4.110474333594139607e-01
-1.855930238242996566e+01 3.834630047560376731e-01
-1.744582457142578846e+01 3.574033081762602593e-01
-1.641010241113012924e+01 3.333953416325894370e-01
-1.542901272655830702e+01 3.108668866494984084e-01
-1.450119378808249593e+01 2.897599536569863687e-01
-1.364077978344884201e+01 2.703698957396740155e-01
-1.282584971828736009e+01 2.521726906009583158e-01
-1.206336447166055947e+01 2.353018997645918153e-01
-1.134027048176022312e+01 2.194445775291949674e-01
-1.066359128782974608e+01 2.047374087481500793e-01
-1.002533757595397823e+01 1.909870590984875660e-01
-9.417156366610328178e+00 1.779973935251279449e-01
-8.852065614111744196e+00 1.660336146691993309e-01
-8.316541399554509439e+00 1.547928779026820079e-01
-7.819435914444340163e+00 1.444490751401839024e-01
-7.345415406771015121e+00 1.346678766983328279e-01
-6.901313409597272575e+00 1.255810466203040876e-01
-6.488192760950087568e+00 -4.908843916803466527e+02
-6.093954536156055646e+00 -1.120700736992695511e+03
7.774140594305841034e+01 -1.660323885864898102e+03
3.465333848530462433e+02 -1.550281561178489483e+03
7.962642864370830011e+02 -1.446905281183913985e+03
1.289170307745658874e+03 -1.350401880731582878e+03
1.712872862217790043e+03 -1.260350554000140619e+03
2.077392254892259643e+03 -1.175654931683325458e+03
2.384592286298779982e+03 -1.096845432793555574e+03
2.640233148043466372e+03 -1.023596068152776979e+03
2.852570611365283639e+03 -9.547769280726644183e+02
3.023585941766555607e+03 -8.908958373846841141e+02
3.159975342127898330e+03 -8.308926648111342956e+02
3.264082959915730953e+03 -7.750578117331499470e+02
3.339809741079597188e+03 -7.230548584914039338e+02
3.390795780846503476e+03 -6.744258127621640142e+02
3.419515237918309140e+03 -6.293759167112472142e+02
3.429137880389934708e+03 -5.873887720400487069e+02
3.422267000382335027e+03 -5.478502841755209829e+02
3.400913357796132914e+03 -5.109825305284537649e+02
3.367122593982131093e+03 -4.768177226747690725e+02
3.322586875793363106e+03 -4.449606417191365608e+02
3.268839390675061622e+03 -4.151712870177955779e+02
3.207268552731530235e+03 -3.872944537077461860e+02
3.139110285197436497e+03 -3.612163363540049659e+02
3.065495689306264012e+03 -3.368415661794439870e+02
2.987466332490956120e+03 -3.140817647656620579e+02
2.905976215067769317e+03 -2.928505457585795853e+02
2.821890169200707987e+03 -2.730619293459747610e+02
2.735982926977442276e+03 -2.546304010613948208e+02
2.648940316922748934e+03 -2.374716318948943581e+02
2.561362682993159524e+03 -2.215033489806910154e+02
2.473770043667630034e+03 -2.066461180932468267e+02
2.386608362337657127e+03 -1.928239475452180898e+02
2.300282552864802710e+03 -1.799680660579797689e+02
2.213894100635382529e+03 -1.678287953820868950e+02
2.128782362326507609e+03 -1.565144788462322083e+02
2.044938790439900004e+03 -1.459402839135266561e+02
1.963517462668494545e+03 -1.361817886748436024e+02
1.882862016416849656e+03 -1.269622185188286636e+02
1.804645915195430689e+03 -1.184232693765637094e+02
1.728926610621608916e+03 -1.105124234792645694e+02
1.654715045295756909e+03 -1.030751298810082517e+02
1.582712481184426906e+03 -9.614240773509607152e+01
1.513214440829004161e+03 -8.970460343186324792e+01
1.444958160782230607e+03 -8.360910232524072683e+01
1.379456413742417681e+03 -7.796669059556261061e+01
1.316715539822530218e+03 -7.274816813222901146e+01
1.255471600923978940e+03 -6.782073344458355280e+01
1.196962795526630316e+03 -6.326453597922950678e+01
1.140039154589394457e+03 -5.896718202445705970e+01
1.085808020601368753e+03 -5.499726346527212684e+01
1.033193017411783103e+03 -5.125701060119599362e+01
9.831876005855912126e+02 -4.780430660006821597e+01
9.347854985104161187e+02 -4.455383194646753964e+01
8.888764307953222215e+02 -4.155463917559858800e+01
8.445233241716375687e+02 -3.873231905532985309e+01
