4.000000000000000000e+00 4.000000000000000000e+00
3.986036270812854276e+00 7.431521837351681370e+00
3.963648490601988872e+00 1.293330698698163950e+01
3.919291195913635395e+00 2.383358460753469998e+01
3.844941389013774025e+00 4.210339703950955226e+01
3.713287318054774744e+00 7.445737024072118970e+01
3.516595574657878753e+00 1.227955770358948797e+02
3.264211081246437551e+00 1.848064111111026477e+02
2.773460250903894142e+00 2.995528183204361312e+02
1.989458062871477972e+00 4.499173043455726884e+02
9.229265950465169732e-01 5.899407605286678518e+02
-6.460254919009544494e+01 6.225295176987881405e+02
-2.261763936912252007e+02 5.810767515421399594e+02
-3.849900702278347921e+02 5.487460182439679102e+02
-5.210339642158349989e+02 5.215584622665139705e+02
-6.366467598939884738e+02 4.970365874889992028e+02
-7.475981056452478697e+02 4.718804427324526500e+02
-8.293925051219671332e+02 4.521376735632582609e+02
-9.173839027471539112e+02 4.294005036641558490e+02
-9.750220423007290265e+02 4.133884920630892452e+02
-1.022418074487962599e+03 3.994019277829208363e+02
-1.080174007968396381e+03 3.810770517189501447e+02
-1.109003978134754789e+03 3.712460815121453379e+02
-1.157295084948024396e+03 3.535057328406591068e+02
-1.186046325612939654e+03 3.418787298378803143e+02
-1.212625986332330967e+03 3.301846490738654438e+02
-1.233831653801452603e+03 3.199823048623900377e+02
-1.252886286062290765e+03 3.099395423435855150e+02
-1.268089344775601376e+03 3.010592385605192476e+02
-1.281263893867840352e+03 2.925412376016774374e+02
-1.292701450524170923e+03 2.842286920994868638e+02
-1.302698106716353777e+03 2.759416397168686217e+02
-1.308977084968194276e+03 2.700021124131923784e+02
-1.314118213661995014e+03 2.644852997040977129e+02
-1.319063110960348240e+03 2.583170545666515068e+02
-1.323374666738994392e+03 2.517567748526275579e+02
-1.326795593459610473e+03 2.449137074134648060e+02
-1.328652850334950017e+03 2.397002248293261744e+02
-1.329947441740118393e+03 2.338593430220638538e+02
-1.330395950304884309e+03 2.284107624261214085e+02
-1.330160863720310090e+03 2.235730787451726940e+02
-1.329444701287908174e+03 2.193082992038942223e+02
-1.327924965486922474e+03 2.141094329297129377e+02
-1.325891067887722784e+03 2.093669949032704380e+02
-1.322970031738303760e+03 2.042277132225748346e+02
-1.319428305239151996e+03 1.992794296452194942e+02
-1.316063664342686479e+03 1.952960990064516409e+02
-1.312632891275792190e+03 1.917025116830633635e+02
-1.310122013248840176e+03 1.893136747171432717e+02
-1.305964881596206851e+03 1.856726432078089601e+02
-1.301382435324643893e+03 1.820237705702558060e+02
-1.297746618104447862e+03 1.793527690333075384e+02
-1.293991427726487700e+03 1.767592422073398950e+02
-1.289398733268041497e+03 1.737710724962154814e+02
-1.283350038667136459e+03 1.700985108061478854e+02
-1.278572725688725768e+03 1.673729093222722213e+02
-1.271555834362537780e+03 1.636214542727755656e+02
-1.266344184951957232e+03 1.609825327514126911e+02
-1.262077655699521074e+03 1.589155740241498620e+02
-1.257199170029384049e+03 1.566481177498301065e+02
-1.251124579866154818e+03 1.539303063304469390e+02
-1.244894759451742630e+03 1.512669085901820267e+02
-1.239464329259990791e+03 1.490419137263235996e+02
-1.235024465871938446e+03 1.472937277004910186e+02
-1.230468606819796378e+03 1.455330006190708332e+02
-1.224428529006837834e+03 1.432658541203970515e+02
-1.218754292404959187e+03 1.412031257525844410e+02
-1.213703912292987525e+03 1.394197139569840829e+02
-1.208241846079966081e+03 1.375410729775593666e+02
-1.202651960506744672e+03 1.356815569349703594e+02
-1.197754271252718581e+03 1.340859906333815559e+02
-1.193221967496026309e+03 1.326386464143556339e+02
-1.187262362807590080e+03 1.307792030985288534e+02
-1.182088504344942294e+03 1.292096824830630624e+02
-1.177712655117274380e+03 1.279091435185626864e+02
-1.173387593208436101e+03 1.266396011971918938e+02
-1.165102858505929134e+03 1.242509039422717478e+02
-1.160427951886714027e+03 1.229446924290608933e+02
-1.155191407456919251e+03 1.215020546012574556e+02
-1.147241756233956266e+03 1.193819869360967232e+02
-1.143395792603769678e+03 1.183775404993653098e+02
-1.138037040311394321e+03 1.169946988312649978e+02
-1.132754972829888629e+03 1.156555688389096304e+02
-1.127917121324432856e+03 1.144424886297786657e+02
-1.122804116997684559e+03 1.131829460593945669e+02
-1.118276454238026417e+03 1.120794577856740659e+02
-1.112532819146481188e+03 1.107060404446786066e+02
-1.106325858431884626e+03 1.092509573818535813e+02
-1.100522569030790692e+03 1.079167732372561659e+02
-1.094707429677140681e+03 1.065941424479638187e+02
-1.090021253387155866e+03 1.055491726477366967e+02
-1.085892294952321663e+03 1.046380982909472266e+02
-1.082066531408925584e+03 1.037989284404628876e+02
-1.078768932818423309e+03 1.030849726169016378e+02
-1.073439527542681162e+03 1.019389978707363156e+02
-1.068981143646280316e+03 1.009941214325119745e+02
-1.063905588937074754e+03 9.993293967963977309e+01
-1.059435682610489721e+03 9.900460930491772160e+01
-1.055141103939013192e+03 9.812626949021957046e+01
-1.050028659828174796e+03 9.709351834038933760e+01
-1.045802703649128489e+03 9.624951354003744086e+01
-1.042279705961136870e+03 9.555320561256330336e+01
-1.039025609404918214e+03 9.491509024845730380e+01
-1.034818753326829665e+03 9.409821072007321163e+01
-1.029478046495958779e+03 9.306633892488190440e+01
-1.024463143673669947e+03 9.211390474313002130e+01
-1.020832017828064522e+03 9.143321598866141642e+01
-1.016980514751936539e+03 9.071361166341432636e+01
-1.012482054988013488e+03 8.988694427556661992e+01
-1.009064666444999034e+03 8.926403567353133894e+01
-1.005409482642970602e+03 8.860056397886842205e+01
-1.001591340477913946e+03 8.791698368747407244e+01
-9.980109710514019525e+02 8.727312265076584197e+01
-9.936443944744563623e+02 8.649688429949529223e+01
-9.904599562243200808e+02 8.593822548571650088e+01
-9.868411392382225813e+02 8.530827231099385699e+01
-9.821530598511684502e+02 8.450004019674382505e+01
-9.777861141871010204e+02 8.375356302205921111e+01
-9.719437778808471649e+02 8.275456300394007769e+01
-9.695499061819758708e+02 8.235319148670603795e+01
-9.662750401979568551e+02 8.180061680659477474e+01
-9.620895458368310074e+02 8.110191313716019579e+01
-9.587192950118688941e+02 8.054619210960926523e+01
-9.549187497033417458e+02 7.992395734454601097e+01
-9.515682673492199228e+02 7.937948646875341296e+01
-9.483101601600706090e+02 7.884687759370908111e+01
-9.442076436267954023e+02 7.819306346177533840e+01
-9.401382997774084060e+02 7.754593775423441571e+01
-9.373562378055897852e+02 7.710498856747678076e+01
-9.331665996520272301e+02 7.644913422575497464e+01
-9.307693043415999909e+02 7.607248371480000060e+01
-9.272079045731672977e+02 7.552040224714252759e+01
-9.232761099174160790e+02 7.491495405763384952e+01
-9.183246038993083857e+02 7.415498714818690473e+01
-9.146319967407757758e+02 7.359759425286686962e+01
-9.118879855523466631e+02 7.317971520607096636e+01
-9.093719734826477179e+02 7.280003979566417627e+01
-9.066321216195976831e+02 7.238967807704634083e+01
-9.027337827814973252e+02 7.180638042520976683e+01
-8.996555706754630819e+02 7.135289746507768882e+01
-8.959580874600773086e+02 7.081661853061818590e+01
-8.918054475923680684e+02 7.021567463034254786e+01
-8.886253834072865629e+02 6.975199522620046366e+01
-8.850401345152025669e+02 6.922648461875023429e+01
-8.802507566554702407e+02 6.853533148100619599e+01
-8.770988076284003228e+02 6.808436364922698658e+01
-8.746251664074525252e+02 6.773475162441927466e+01
-8.710004951754282274e+02 6.722538210390237623e+01
-8.679752484322980308e+02 6.680253870250857062e+01
-8.657250692894643862e+02 6.649337430221312673e+01
-8.635152303989151505e+02 6.618442483237414820e+01
-8.597085607992000860e+02 6.565263789918392945e+01
-8.559458031903780011e+02 6.513952793534434704e+01
-8.526633144689135406e+02 6.469610842331636036e+01
-8.492494466559865032e+02 6.423296866000795546e+01
-8.468413301848318042e+02 6.390629934808483625e+01
-8.430210758717222461e+02 6.338932134878503177e+01
-8.401385268500661141e+02 6.300281815512988715e+01
-8.370261587246416184e+02 6.259023017408927103e+01
-8.344074675796880456e+02 6.224569494519919033e+01
-8.319836369518717447e+02 6.192946417892234479e+01
-8.289570488528802343e+02 6.153496871452017558e+01
-8.260903568537015644e+02 6.115796961855833302e+01
-8.236171129996229183e+02 6.083555947803381514e+01
-8.207142744358581012e+02 6.046123719040867428e+01
-8.176578538765297708e+02 6.006817996119735881e+01
-8.150050769375737900e+02 5.973369832114485689e+01
-8.122224422290742041e+02 5.937677178001520417e+01
-8.101360810532504502e+02 5.910702827730997910e+01
-8.065560256652321414e+02 5.865139295785886020e+01
-8.023476719590075845e+02 5.812365233186251601e+01
-7.997692176816041183e+02 5.779878101846355065e+01
-7.973154445238656081e+02 5.749459493206532557e+01
-7.946106604128901836e+02 5.715549062117460011e+01
-7.916228680107869877e+02 5.678801977422371294e+01
-7.890540406847726445e+02 5.647035412023256384e+01
-7.870270623230251203e+02 5.622054698801294847e+01
-7.843809389034211108e+02 5.589668216657704392e+01
-7.812127814494506310e+02 5.550860711285365312e+01
-7.792479216951809349e+02 5.527268571731647029e+01
-7.768454095986625134e+02 5.498110296657922191e+01
-7.743990354160990819e+02 5.468407952529486238e+01
-7.718710245748436591e+02 5.438513016165855163e+01
-7.695456962892280899e+02 5.411196449341794334e+01
-7.671266130687682789e+02 5.382120600471296967e+01
-7.639602958776679316e+02 5.344710238930618829e+01
-7.620183166042173752e+02 5.321779655670154341e+01
-7.601611369454652731e+02 5.299696972787205596e+01
-7.577121396087711673e+02 5.271121079893991634e+01
-7.556091932268698201e+02 5.246499343517400149e+01
-7.534236783062762015e+02 5.221212140144495351e+01
-7.510424375309876268e+02 5.193859873098530500e+01
-7.487209985387828510e+02 5.167388670820482588e+01
-7.462129719638853658e+02 5.138521405414842746e+01
-7.439896649379764995e+02 5.113181121832232634e+01
-7.419649422545944617e+02 5.089841375008614222e+01
-7.399081154121608961e+02 5.066477630518925679e+01
-7.374204242886935390e+02 5.038303835744452641e+01
-7.349806926522852564e+02 5.010348929425659747e+01
-7.320901934332393921e+02 4.977660988803458508e+01
-7.304245636717449770e+02 4.958775091789766520e+01
-7.282133998439546758e+02 4.933944321054544702e+01
-7.257450850495871464e+02 4.906296247538863042e+01
-7.226315751330926105e+02 4.871698384174771945e+01
-7.203284462837856381e+02 4.845924266029786764e+01
-7.179691021828868998e+02 4.819801010237769390e+01
-7.162297150025514156e+02 4.800624259405368122e+01
-7.143914808975199549e+02 4.780475763634611752e+01
-7.121851022097381474e+02 4.756235364844696534e+01
-7.101704166748014586e+02 4.734179151678822706e+01
-7.084058378167212595e+02 4.714866088929269949e+01
-7.072259307630899912e+02 4.701931276522732617e+01
-7.053901823425231896e+02 4.682179850963225931e+01
-7.037347443054335372e+02 4.664456531660562177e+01
-7.017711858300303902e+02 4.643198328973844724e+01
-6.986085283345580592e+02 4.609053967558250520e+01
-6.958709267233898572e+02 4.579819743382789454e+01
-6.939325855404150616e+02 4.558962016904938963e+01
-6.916668779494403907e+02 4.534923030491869866e+01
-6.902669677723743007e+02 4.520162569694766574e+01
-6.885786383924017855e+02 4.502408755885944913e+01
-6.857327502873675940e+02 4.472644744004919204e+01
-6.838213435204262396e+02 4.452402324233767672e+01
-6.818057204934397078e+02 4.431379220340543412e+01
-6.800314963132713046e+02 4.412857692391002473e+01
-6.782282386739528874e+02 4.394158163159388408e+01
-6.764375963809461609e+02 4.375564879621263970e+01
-6.747539180244256158e+02 4.357797891427033932e+01
-6.729396263267833547e+02 4.339015713761673254e+01
-6.716363596612895890e+02 4.325453994759927667e+01
-6.699351549891501918e+02 4.308158851861026761e+01
-6.677130600891437098e+02 4.285473177299479630e+01
-6.659211356538370410e+02 4.267323805500521416e+01
-6.640005420233203495e+02 4.247787883938502063e+01
-6.623660798219056005e+02 4.231054768294806223e+01
-6.607464332834492780e+02 4.214390258836131409e+01
-6.581856304529583213e+02 4.188553908477740606e+01
-6.564070997250485107e+02 4.170529250732815285e+01
-6.543297528868325799e+02 4.149572366903000642e+01
-6.526284577846465709e+02 4.132241683163809398e+01
-6.507661702450259327e+02 4.113638221223826008e+01
-6.493403374797784409e+02 4.099431269328449901e+01
-6.480361537310839140e+02 4.086266226242837973e+01
-6.463422876386896405e+02 4.069252444933204771e+01
-6.449932882815543280e+02 4.056090139670939720e+01
-6.431090895613867815e+02 4.037233272831087305e+01
-6.417301872002722121e+02 4.023637519635182969e+01
-6.401415379225311426e+02 4.007640631463845438e+01
-6.389710647595593400e+02 3.996169176592913175e+01
-6.374974865109320490e+02 3.981848008644188042e+01
-6.360793948661748800e+02 3.967654538133493958e+01
-6.347812839178398008e+02 3.954791870352478611e+01
-6.330237509362995070e+02 3.937787735336875272e+01
-6.312488533132099064e+02 3.920940051547486860e+01
-6.295131008988961412e+02 3.903915432274943953e+01
-6.279194562837824378e+02 3.888556558735631796e+01
-6.266877638910219730e+02 3.876547492987458554e+01
-6.252153573671574804e+02 3.862375897883260478e+01
-6.238798857727416589e+02 3.849494639533312323e+01
-6.225591367515437469e+02 3.836399548705797713e+01
-6.211437946836244919e+02 3.822335472198679440e+01
-6.196965065741437684e+02 3.808330711570644667e+01
-6.183897746277781380e+02 3.796052132248970423e+01
-6.171457778027723862e+02 3.784154591248073984e+01
-6.155360306224353053e+02 3.768698004843882643e+01
-6.142214695033721910e+02 3.756078452369545317e+01
-6.126741516195396571e+02 3.741167179245751839e+01
-6.106577322720720531e+02 3.721851451055295712e+01
-6.090097686251497180e+02 3.705982082360494445e+01
-6.075587145777894875e+02 3.692210728201939673e+01
-6.054831630991657221e+02 3.672842545183908669e+01
-6.043212374781833205e+02 3.661534397794561357e+01
-6.029296211643080596e+02 3.648444757683637363e+01
-6.016214619458169182e+02 3.636276892926854742e+01
-6.001681312869136491e+02 3.622898512699453732e+01
-5.987123174642241565e+02 3.609515493755734639e+01
-5.972264988435720170e+02 3.595632874223208120e+01
-5.957930977872638323e+02 3.582150895618838859e+01
-5.946528373540797929e+02 3.571698559771700587e+01
-5.930568965355226965e+02 3.557153204100503530e+01
-5.919239781939770637e+02 3.546979879307863825e+01
-5.907919807176314180e+02 3.536587832603920845e+01
-5.891545726204876701e+02 3.521520050286171255e+01
-5.875953237325663849e+02 3.507031971053130803e+01
-5.863765721567076525e+02 3.495861607076744093e+01
-5.848442752988570419e+02 3.482010232144115491e+01
-5.838207853379732342e+02 3.472667285491478850e+01
-5.824679200862457265e+02 3.460371673308470974e+01
-5.809194898393631092e+02 3.446011304452375867e+01
-5.796057714068488167e+02 3.434003209024085379e+01
-5.781336691195650701e+02 3.420883807783685882e+01
-5.769989050331528233e+02 3.410616538928798747e+01
-5.759792729109135507e+02 3.401435432656337099e+01
-5.747967089434639547e+02 3.390591848021796295e+01
-5.735569179580580794e+02 3.379582804642073768e+01
-5.722164055913445964e+02 3.367480435343797751e+01
-5.707486706499236107e+02 3.354190315448445858e+01
-5.695807223820771696e+02 3.343744804986918950e+01
-5.680257877435083174e+02 3.329974942797135640e+01
-5.667894055668231204e+02 3.318883895621768687e+01
-5.658120999716326196e+02 3.310205643046445090e+01
-5.643445775502251536e+02 3.297369472063724061e+01
-5.633228061015456660e+02 3.288198201859599124e+01
-5.620297358980228637e+02 3.276674688294112769e+01
-5.611144627428176364e+02 3.268343320549333697e+01
-5.596823210933525843e+02 3.255816530697779854e+01
-5.584519368207847947e+02 3.245120338958754047e+01
-5.573454928007596436e+02 3.235494140911828964e+01
-5.559979619699183786e+02 3.223489106216931788e+01
-5.545335656274899065e+02 3.210734582516971614e+01
-5.533123130253679847e+02 3.200151350148939144e+01
-5.521473752449423955e+02 3.189992885461113303e+01
-5.508675577754057713e+02 3.178752699622282307e+01
-5.494131368471099677e+02 3.166129640336750839e+01
-5.483323324977455968e+02 3.156829193359003938e+01
-5.471245270526030708e+02 3.146240605112038935e+01
-5.460782886945821701e+02 3.137330059477817912e+01
-5.450649897066642779e+02 3.128548638091721656e+01
-5.441622378809183829e+02 3.121014166969819925e+01
-5.432537017831011781e+02 3.113176757937404915e+01
-5.422417160736539472e+02 3.104421584825465530e+01
-5.408105743265708725e+02 3.092047731995138093e+01
-5.397389891812300675e+02 3.082498083124735189e+01
-5.388528085201940030e+02 3.075100959160586456e+01
-5.377146300606027580e+02 3.065466810872750614e+01
-5.369982510068088004e+02 3.059355169283956855e+01
-5.359966224780670245e+02 3.050805112075962811e+01
-5.351944508221909018e+02 3.043839000632788938e+01
-5.342504904889657382e+02 3.035934369054563220e+01
-5.331970256209885974e+02 3.026863091710750453e+01
-5.322265944218473805e+02 3.018540548573783155e+01
-5.311270145385103660e+02 3.009147036023207988e+01
-5.301982387337644695e+02 3.001368090711019576e+01
-5.291501897869975437e+02 2.992606406132675545e+01
-5.284918400201719351e+02 2.987081793044184508e+01
-5.277632143653254388e+02 2.980829368684296909e+01
-5.266069876698419421e+02 2.971111947972240941e+01
-5.258599867452627450e+02 2.964654617719760310e+01
-5.248495040608210047e+02 2.956210149910691243e+01
-5.241147604276671927e+02 2.950113866267227181e+01
-5.231837250958762979e+02 2.942344111769308057e+01
-5.221862121626695625e+02 2.934016961036290994e+01
-5.213725607767744350e+02 2.927439744217059214e+01
-5.202541203203452369e+02 2.918011392554652872e+01
-5.191760815599540138e+02 2.908948471589769724e+01
-5.181567435875433603e+02 2.900610356064902362e+01
-5.165097811269096155e+02 2.886822730197324560e+01
-5.156468212049442172e+02 2.879551761269683396e+01
-5.143191438120579733e+02 2.868609256088464932e+01
-5.132157104378220538e+02 2.859255207340514815e+01
-5.121165777001007200e+02 2.850057170231017878e+01
-5.108793258202251764e+02 2.839864880361258059e+01
-5.100466809620473896e+02 2.833196537039742324e+01
-5.092044002683447275e+02 2.826357966886407880e+01
-5.083710369726508702e+02 2.819533752784390757e+01
-5.071940298427102789e+02 2.810146205863157931e+01
-5.063444833111633443e+02 2.803000159176672312e+01
-5.053883313332257785e+02 2.795268429099321850e+01
-5.045450670515886600e+02 2.788345199679345399e+01
-5.037819990298642665e+02 2.782269604703202148e+01
-5.028645341298138192e+02 2.774695370309527220e+01
-5.017886012328597758e+02 2.765905397923260267e+01
-5.008619608988734058e+02 2.758534668608125884e+01
-5.002989669996882753e+02 2.753977213963258919e+01
-4.992619680997875093e+02 2.745625518967951351e+01
-4.984643226812002013e+02 2.739236770654850517e+01
-4.977687659531258078e+02 2.733732185067300691e+01
-4.971043767149618020e+02 2.728270370888629515e+01
-4.961919625004321119e+02 2.720962192845210481e+01
-4.955519888225002774e+02 2.715798083840090982e+01
-4.947157762213046794e+02 2.709078363574234771e+01
-4.939470670239314813e+02 2.702912133657723004e+01
-4.929130707570018899e+02 2.694775725806264077e+01
-4.917737505911236440e+02 2.685593896740240538e+01
-4.909875828537095117e+02 2.679170472883256693e+01
-4.904057500039949673e+02 2.674723062602182466e+01
-4.893849017810578061e+02 2.666583673446633895e+01
-4.883613711914495070e+02 2.658214692055567596e+01
-4.872999942278511298e+02 2.649785485115505779e+01
-4.864170951332388881e+02 2.642695864247021476e+01
-4.855081302982376883e+02 2.635551631035468745e+01
-4.847423428934269509e+02 2.629406500869262686e+01
-4.836924107855419379e+02 2.621068378170000557e+01
-4.829284520084147516e+02 2.614931799880694996e+01
-4.817615803795916918e+02 2.605973838383732399e+01
-4.807702342903691601e+02 2.598282285777574785e+01
-4.800108820995621954e+02 2.592277102758682261e+01
-4.793773287777668202e+02 2.587379260530069658e+01
-4.786973471271535345e+02 2.582137477393823843e+01
-4.780957877804777922e+02 2.577427204729229615e+01
-4.774050712066174924e+02 2.571864746072151675e+01
-4.762478319794623189e+02 2.562700758270028345e+01
-4.753279392669998629e+02 2.555281186806857008e+01
-4.746034427594346994e+02 2.549564370094298127e+01
-4.737800778455659270e+02 2.543214191569545335e+01
-4.729857589940585854e+02 2.537099681923431049e+01
-4.722918583750263224e+02 2.531792436255298639e+01
-4.716423402311266955e+02 2.526851444639684985e+01
-4.708518487065708200e+02 2.520681284518352072e+01
-4.701183046745325100e+02 2.514904976972399808e+01
-4.694130214843175963e+02 2.509438144754408384e+01
-4.687255659566602048e+02 2.504197318853309895e+01
-4.676768762222246210e+02 2.496045964385595539e+01
-4.668780013465337220e+02 2.490069814280545657e+01
-4.661145962249213426e+02 2.483977167919063689e+01
-4.652437337209010479e+02 2.477264619137827850e+01
-4.644846901555619070e+02 2.471461087441599247e+01
-4.639046516380363414e+02 2.466914659583109426e+01
-4.633773203476545177e+02 2.462801460921474828e+01
-4.626265817489432948e+02 2.456918174387242715e+01
-4.619432080232699604e+02 2.451609663862052102e+01
-4.610685741839286038e+02 2.444837291039159410e+01
-4.604272606837164403e+02 2.439960941690658203e+01
-4.597242229411117478e+02 2.434641653171227205e+01
-4.587185358859040889e+02 2.426994878578287285e+01
-4.580330064520696851e+02 2.421630153647577899e+01
-4.573369268073488456e+02 2.416235060798688394e+01
-4.565576998553960948e+02 2.410192647769329355e+01
-4.557250378204002459e+02 2.404002094455531591e+01
-4.549667558014608630e+02 2.398278099915808070e+01
-4.541629964748769908e+02 2.392227555892148771e+01
-4.531869927711323953e+02 2.384781550296397867e+01
-4.525244272494481379e+02 2.379546852459673190e+01
-4.516754152713137955e+02 2.373131839884545258e+01
-4.511172403356515019e+02 2.368986146872414977e+01
-4.506290724833693275e+02 2.365241217732233281e+01
-4.500914913792963716e+02 2.361133188475752931e+01
-4.495636723584779588e+02 2.357123386251197061e+01
-4.488225745341916308e+02 2.351534988214526578e+01
-4.480540164065997146e+02 2.345660837259278253e+01
-4.470496831155497262e+02 2.337882765355417547e+01
-4.463617880018244364e+02 2.332671481276954850e+01
-4.455038816389450176e+02 2.326259954599415636e+01
-4.444743075149045808e+02 2.318615895435712559e+01
-4.437725580453228531e+02 2.313455590174709542e+01
-4.429731412758362694e+02 2.307366487799220423e+01
-4.421113427727448197e+02 2.301077071579697275e+01
-4.411943840709062101e+02 2.294246807436327629e+01
-4.404894443767056487e+02 2.289085695310127377e+01
-4.400320579794617402e+02 2.285597373171476221e+01
-4.392584959199749619e+02 2.279835367149212288e+01
-4.385122322981030152e+02 2.274356984006585947e+01
-4.379700194815059717e+02 2.270223652646597046e+01
-4.373277353005435089e+02 2.265510939233169552e+01
-4.366661936973007414e+02 2.260552757721679029e+01
-4.359236034101627411e+02 2.254853792491330822e+01
-4.352938373052409133e+02 2.250192449902980485e+01
-4.345883999205589134e+02 2.244944876082829310e+01
-4.337532875734073627e+02 2.238707997695913932e+01
-4.330330483198628144e+02 2.233293196999104069e+01
-4.324804542885459568e+02 2.229199303031765567e+01
-4.319229276219193139e+02 2.225155681207400704e+01
-4.313489801251661788e+02 2.220749957567910116e+01
-4.307364408681334567e+02 2.216171217812117078e+01
-4.302402417379990993e+02 2.212478137624694341e+01
-4.292480543938440860e+02 2.205003012432089804e+01
-4.287296790193109359e+02 2.201354618966231769e+01
-4.280857095878134260e+02 2.196622029025223100e+01
-4.275653359875026922e+02 2.192827849231315795e+01
-4.267778351957459222e+02 2.187131533132144057e+01
-4.262590380523398608e+02 2.183347008744885898e+01
-4.254389663801085817e+02 2.177355536536962077e+01
-4.248604043587868091e+02 2.172931322444630098e+01
-4.242462617781586687e+02 2.168316060596241357e+01
-4.236384218435155162e+02 2.164002319477047109e+01
-4.229971193322817840e+02 2.159440740510780898e+01
-4.220799071210398097e+02 2.152622545991239278e+01
-4.215913151039310378e+02 2.149148820290604078e+01
-4.209678003157851549e+02 2.144487965440015032e+01
-4.202437136490029843e+02 2.139241317580987811e+01
-4.195186528032407978e+02 2.134039941208072122e+01
-4.186679556461259040e+02 2.128021671420113847e+01
-4.181078337059647652e+02 2.123919617513750069e+01
-4.174718642215420914e+02 2.119496322768006991e+01
-4.166604786319848017e+02 2.113617688695940089e+01
-4.160742755181709640e+02 2.109241484470624428e+01
-4.153914854200334617e+02 2.104354450247714325e+01
-4.147111990312831722e+02 2.099320476123011403e+01
-4.142868794924470421e+02 2.096298377155795833e+01
-4.136495242930669178e+02 2.091647465663207228e+01
-4.131526414531591627e+02 2.088016582797989429e+01
-4.123719346876146119e+02 2.082330057811165958e+01
-4.117042366931156039e+02 2.077487818317669976e+01
-4.109388450261218964e+02 2.072025983846540953e+01
-4.104212697270975241e+02 2.068302856518140587e+01
-4.098590837355183112e+02 2.064217000643219890e+01
-4.092309841715662628e+02 2.059808312063396585e+01
-4.085118445442189454e+02 2.054667604294302308e+01
-4.077847958208981254e+02 2.049514386653394737e+01
-4.071843634343547365e+02 2.045216687159339486e+01
-4.066011084974691698e+02 2.041065893105973217e+01
-4.060168210896024448e+02 2.037004406072703944e+01
-4.052859097729311202e+02 2.031851371519418592e+01
-4.047749032584665656e+02 2.028330638608802872e+01
-4.042719885186658644e+02 2.024841988392278580e+01
-4.037781076918562349e+02 2.021269599118381777e+01
-4.031096393217317768e+02 2.016679445222608180e+01
-4.024696145021852658e+02 2.012031944534725980e+01
-4.019115228081523128e+02 2.008037201753431944e+01
-4.012209361496574616e+02 2.003065087741155637e+01
-4.007234668375775755e+02 1.999593508917536866e+01
-4.002263540364745609e+02 1.996283722632974644e+01
-3.994675521933293112e+02 1.990900311659937927e+01
-3.987245167831562185e+02 1.985533595573097188e+01
-3.980011719465574629e+02 1.980516424149467625e+01
-3.973034388896468272e+02 1.975662678239276815e+01
-3.966912221483690359e+02 1.971378750334018548e+01
-3.958803300467426993e+02 1.965752450736681567e+01
-3.951540105298401500e+02 1.960601149430716816e+01
-3.945954887316040072e+02 1.956854641674918227e+01
-3.941240706785425800e+02 1.953614049102912986e+01
-3.937281916792933316e+02 1.950854263857527471e+01
-3.932787385797101933e+02 1.947712892518074668e+01
-3.928169046101586446e+02 1.944412245848400644e+01
-3.922907217513100591e+02 1.940717847995792056e+01
-3.918043624639254858e+02 1.937349658727384139e+01
-3.913817901975000950e+02 1.934417590931335695e+01
-3.908918777600454746e+02 1.931065489148835468e+01
-3.902364900127066107e+02 1.926330785836375270e+01
-3.898141581310402444e+02 1.923335276856380460e+01
-3.892252161922963296e+02 1.919294261149612169e+01
-3.884955706582223911e+02 1.914239008334747183e+01
-3.880608499745732729e+02 1.911239427265368107e+01
-3.876269725731677340e+02 1.908307686946225701e+01
-3.872070264298783400e+02 1.905495853445535914e+01
-3.867797743588776029e+02 1.902672194141382889e+01
-3.862501688882835538e+02 1.898933893496653269e+01
-3.857313600184608049e+02 1.895335685864674602e+01
-3.852559844081121696e+02 1.892151387951375341e+01
-3.848095935943243262e+02 1.888978137590747153e+01
-3.840833354212911104e+02 1.884090530445411105e+01
-3.836139519529371569e+02 1.880860628670219370e+01
-3.831221687466357366e+02 1.877461261302712359e+01
-3.826335226386829618e+02 1.873988677527425395e+01
-3.822602462023799035e+02 1.871392072934339978e+01
-3.816748416214239796e+02 1.867472953059555962e+01
-3.810908231121053973e+02 1.863545588088064520e+01
-3.806346081297983801e+02 1.860430326485930763e+01
-3.802482131736019255e+02 1.857830489555919229e+01
-3.797255990629167854e+02 1.854170989376410716e+01
-3.792234302899163936e+02 1.850610884492716579e+01
-3.787969741381741642e+02 1.847703800603394342e+01
-3.783783938533260880e+02 1.844855833712230009e+01
-3.776788335272945574e+02 1.840259776712467499e+01
-3.771335775901046645e+02 1.836480643431720594e+01
-3.767657963617508017e+02 1.834026544658136970e+01
-3.762061277428077233e+02 1.830309023652673872e+01
-3.757024431335987060e+02 1.826844863745100511e+01
-3.751871046555950215e+02 1.823368806889706306e+01
-3.748648475520477064e+02 1.821360844437832682e+01
-3.743308361239516557e+02 1.817728659937049684e+01
-3.736781320825353419e+02 1.813242960946807258e+01
-3.731874505192496940e+02 1.809928072621385908e+01
-3.725974979183925484e+02 1.806029631867193075e+01
-3.720922945389248753e+02 1.802659221427610703e+01
-3.715094670760030340e+02 1.798774583879651701e+01
-3.710816730286060192e+02 1.795993486938710859e+01
-3.707338121165241205e+02 1.793571547549200673e+01
-3.702753545459627276e+02 1.790544795286349711e+01
-3.696744531044204791e+02 1.786447940014524960e+01
-3.690456498998075290e+02 1.782036150360058357e+01
-3.685365213334466148e+02 1.778613427019282511e+01
-3.681442664985323745e+02 1.776100456754601709e+01
-3.677821809915007520e+02 1.773641751187199844e+01
-3.673315851896712729e+02 1.770622849247375896e+01
-3.669221327968231776e+02 1.767937388838063839e+01
-3.664524731123590300e+02 1.764829430593078641e+01
-3.660199720337283225e+02 1.761922203150526656e+01
-3.655419234143959102e+02 1.758663279254774281e+01
-3.651559543039721234e+02 1.756054902104944304e+01
-3.646141866482058163e+02 1.752227187591444135e+01
-3.642184674785421521e+02 1.749441959549853465e+01
-3.638677945609538256e+02 1.747166042873401182e+01
-3.634115459685342557e+02 1.744154293260787014e+01
-3.628947977157981768e+02 1.740666350034970833e+01
-3.624695839703304614e+02 1.737838331942898762e+01
-3.619254228915844465e+02 1.734215729506512815e+01
-3.614060198659799994e+02 1.730773750935550837e+01
-3.609174452692550972e+02 1.727556830662451404e+01
-3.604795617348555083e+02 1.724760282938003186e+01
-3.600162010257848806e+02 1.721723889247410710e+01
-3.595797700330776934e+02 1.718832918302804202e+01
-3.591340330580690079e+02 1.715935853657674315e+01
-3.587399207742925569e+02 1.713346113855637753e+01
-3.583756188790521264e+02 1.710844951282431836e+01
-3.579922323861888458e+02 1.708142516415700740e+01
-3.575180672088796427e+02 1.705005947977074143e+01
-3.571580700523348355e+02 1.702631318050084630e+01
-3.568213556343864639e+02 1.700407517719356321e+01
-3.564236580390992799e+02 1.697672554407575163e+01
-3.560041082187465236e+02 1.694977417354537508e+01
-3.555679216362399870e+02 1.692175510133261795e+01
-3.551736290923644219e+02 1.689443190611034851e+01
-3.546493514749462861e+02 1.686049211228997180e+01
-3.543231661368683376e+02 1.683885916389853321e+01
-3.539816829867957608e+02 1.681633828485164273e+01
-3.535456776149879943e+02 1.678781463841655608e+01
-3.531225696589189056e+02 1.675966759979315768e+01
-3.526786531425644284e+02 1.673054431596681368e+01
-3.521411345155889308e+02 1.669522313576550232e+01
-3.517166013050825200e+02 1.666732777430890167e+01
-3.513364338377222111e+02 1.664316203477417133e+01
-3.509768977936265060e+02 1.661956436479368904e+01
-3.505351621326319673e+02 1.659055637459024979e+01
-3.500716102586072225e+02 1.656075671572872210e+01
-3.497107403481227266e+02 1.653631183771935653e+01
-3.493701162789067212e+02 1.651367767753679061e+01
-3.489030391984820199e+02 1.648346847857515485e+01
-3.486967198945814630e+02 1.647021900613712475e+01
-3.482756946078914666e+02 1.644295575817555743e+01
-3.477886355072914171e+02 1.641081573260908399e+01
-3.473349094478455186e+02 1.638112128209367668e+01
-3.469631673379434460e+02 1.635695788309506327e+01
-3.466015754732908363e+02 1.633387254238403941e+01
-3.462501815386634121e+02 1.631142861136590128e+01
-3.459142907167463932e+02 1.628886566710685102e+01
-3.456037654465909554e+02 1.626831990083062607e+01
-3.452063791469186640e+02 1.624356716251673305e+01
-3.447042580990324723e+02 1.621001484070050225e+01
-3.442715100828144159e+02 1.618360508681024257e+01
-3.438397936567029092e+02 1.615548688894607210e+01
-3.435038018923242475e+02 1.613226213607846660e+01
-3.430133213648412038e+02 1.610077285117150225e+01
-3.427229134424224526e+02 1.608255063968452703e+01
-3.422899788461265871e+02 1.605334966853144252e+01
-3.419469617086468816e+02 1.603157521237142902e+01
-3.415469573108319992e+02 1.600493746933181072e+01
-3.412382729804545534e+02 1.598452986197306913e+01
-3.409273008562564655e+02 1.596430584601734282e+01
-3.405128691244781862e+02 1.593732814019045563e+01
-3.400601440985022350e+02 1.590805772591260414e+01
-3.395617763218232881e+02 1.587596004385175341e+01
-3.392289920336386331e+02 1.585462470803616064e+01
-3.388705613996033321e+02 1.583157812154347788e+01
-3.385545860365116368e+02 1.581231891023633018e+01
-3.381423799672742234e+02 1.578476446267896804e+01
-3.377360049960808510e+02 1.575832765745568587e+01
-3.373484934095217227e+02 1.573341059888958782e+01
-3.369747810619810480e+02 1.570900962642516419e+01
-3.366451451570548556e+02 1.568824639200900606e+01
-3.361785540129972674e+02 1.565870460368732076e+01
-3.358731498927789403e+02 1.563796783575400795e+01
-3.355391491829491315e+02 1.561589889025839462e+01
-3.350865180244535964e+02 1.558714536929677230e+01
-3.346219506837227868e+02 1.555693897512567325e+01
-3.342370759205802528e+02 1.553247372885926580e+01
-3.339107105099577097e+02 1.551118208484631289e+01
-3.334585392426833437e+02 1.548220603015219332e+01
-3.331185754731226893e+02 1.546116036746753863e+01
-3.327409231908526976e+02 1.543601361468169131e+01
-3.324049451619820275e+02 1.541446459144800585e+01
-3.319090986969468986e+02 1.538255226135397535e+01
-3.315581315207274997e+02 1.536032486633608052e+01
-3.312851611283179523e+02 1.534244728876642938e+01
-3.309305030106603454e+02 1.531969490793720112e+01
-3.306024668228353107e+02 1.529886664763116499e+01
-3.302620823286146674e+02 1.527625293013859853e+01
-3.299157946682553302e+02 1.525407341431898800e+01
-3.296722432949192125e+02 1.523847984611459694e+01
-3.292637636853927461e+02 1.521325140788876418e+01
-3.290031335123844656e+02 1.519655744651618789e+01
-3.286292032578730868e+02 1.517381952111817434e+01
-3.281837463486758111e+02 1.514456683139191639e+01
-3.278183237133837906e+02 1.512163013189077709e+01
-3.275708637136202697e+02 1.510621225787824962e+01
-3.271684289780890253e+02 1.508133434002673567e+01
-3.267973889713238691e+02 1.505785466879612322e+01
-3.265297340822326646e+02 1.504040544041796146e+01
-3.261374913995045404e+02 1.501633858988110148e+01
-3.257470090308442536e+02 1.499187355517014808e+01
-3.254276647762009702e+02 1.497126013556857416e+01
-3.250457409140312848e+02 1.494707959328235169e+01
-3.247053369784112533e+02 1.492592062241087625e+01
-3.243654537122199599e+02 1.490516550116806194e+01
-3.239917284815619496e+02 1.488172933513061125e+01
-3.236779730979434362e+02 1.486226898349154446e+01
-3.233660839883489189e+02 1.484263946451298466e+01
-3.230304249669330261e+02 1.482204036507241085e+01
-3.226823308979118110e+02 1.480063645522884030e+01
-3.222704306017043905e+02 1.477548119167315832e+01
-3.218056901497759554e+02 1.474635363653831632e+01
-3.213663185900583699e+02 1.471810337276426850e+01
-3.209427619730690253e+02 1.469159061990932891e+01
-3.205613439327869401e+02 1.466806678405481179e+01
-3.202172371340525956e+02 1.464544494368496252e+01
-3.198875978314500230e+02 1.462422979002796453e+01
-3.195374669616447250e+02 1.460194360450987894e+01
-3.191798090882483621e+02 1.458141447315469463e+01
-3.189451321002548525e+02 1.456646522672320465e+01
-3.183778037732198527e+02 1.453001229727317423e+01
-3.179854127235109900e+02 1.450476799498855129e+01
-3.176485011931184772e+02 1.448443112980159064e+01
-3.172246932246454207e+02 1.445880753511234040e+01
-3.169814182632879351e+02 1.444391890188280847e+01
-3.166337327693894395e+02 1.442260876613114107e+01
-3.161996292285086838e+02 1.439703575348055153e+01
-3.158836541410607310e+02 1.437755446348063693e+01
-3.155364780146406360e+02 1.435656380530359222e+01
-3.151410139231167022e+02 1.433192984415752846e+01
-3.148511842325655152e+02 1.431372630815150870e+01
-3.145506428890382153e+02 1.429552272146850278e+01
-3.142237901601262706e+02 1.427490840983653264e+01
-3.138975635285469252e+02 1.425474878290164327e+01
-3.135603826367414513e+02 1.423386654942470386e+01
-3.131819190445473282e+02 1.421138283844121908e+01
-3.128427942379899491e+02 1.419063651658498415e+01
-3.125968829625500689e+02 1.417586089205537547e+01
-3.122577111617544006e+02 1.415485140675486342e+01
-3.119255287412879625e+02 1.413426831713747589e+01
-3.117049533782067670e+02 1.412035399969573923e+01
-3.113715516545850619e+02 1.410008053530587979e+01
-3.110964347540452195e+02 1.408218311956938962e+01
-3.106820630575263635e+02 1.405646224298376090e+01
-3.102805933862916277e+02 1.403140995844501759e+01
-3.100003545730710925e+02 1.401469298197232227e+01
-3.097037472092936810e+02 1.399626456742292291e+01
-3.092808873106160945e+02 1.397002978452934485e+01
-3.090224658673992622e+02 1.395420562697496436e+01
-3.086895383666549719e+02 1.393474310551241402e+01
-3.084163503770471380e+02 1.391755143786783400e+01
-3.081580298246536813e+02 1.390148050314598294e+01
-3.078793054235218847e+02 1.388407880561729790e+01
-3.075131053046721945e+02 1.386210982587474838e+01
-3.070856225917586926e+02 1.383473705102801432e+01
-3.068431968349389081e+02 1.381977907256700000e+01
-3.064452222984683658e+02 1.379562582491161571e+01
-3.062199234083397528e+02 1.378167501180097787e+01
-3.058029491260433588e+02 1.375637946800025802e+01
-3.055137454832743629e+02 1.374010994323659496e+01
-3.051353285435094449e+02 1.371746018238633802e+01
-3.049135730762222920e+02 1.370462537173701634e+01
-3.045040875397855871e+02 1.368045491730683771e+01
-3.041479513760179998e+02 1.365884778874557526e+01
-3.038395543419930505e+02 1.363994322312302288e+01
-3.035098120778095563e+02 1.361919578069077730e+01
-3.031698693930167678e+02 1.359875979178108274e+01
-3.027666525568537850e+02 1.357371917717240706e+01
-3.023236962529129528e+02 1.354764953878038902e+01
-3.020221559898614032e+02 1.352932570634471965e+01
-3.017684659168911594e+02 1.351391003543722213e+01
-3.015210483568068298e+02 1.349898969632511303e+01
-3.010827866646532698e+02 1.347309182012643625e+01
-3.008024257821617198e+02 1.345623140124799555e+01
-3.005709748931470813e+02 1.344194162196236420e+01
-3.002946127184181364e+02 1.342542272925268065e+01
-2.999818436823030083e+02 1.340707941233083034e+01
-2.996778234720430305e+02 1.338784172276869278e+01
-2.993587159803182658e+02 1.336916543218005593e+01
-2.991251293818227168e+02 1.335590323222309017e+01
-2.988202967069642000e+02 1.333654740813384088e+01
-2.985115860111567940e+02 1.331812046924526349e+01
-2.982379372737609060e+02 1.330147332132534821e+01
-2.978594998326880727e+02 1.327920889373808144e+01
-2.975340129928143824e+02 1.326016032882184348e+01
-2.972474242495559338e+02 1.324228358843608078e+01
-2.969432392801840024e+02 1.322352764177967188e+01
-2.966894547966277287e+02 1.320809509990091968e+01
-2.963410882315403114e+02 1.318758461273750449e+01
-2.960769405057760082e+02 1.317178711233818866e+01
-2.957469356990299048e+02 1.315175959420528073e+01
-2.953644940918304655e+02 1.312813343983860648e+01
-2.951396029220831565e+02 1.311466435277312570e+01
-2.948803684438506139e+02 1.309964635705325620e+01
-2.946242571617884209e+02 1.308517602542013414e+01
-2.943575131813378789e+02 1.306970040779939879e+01
-2.940963486971059524e+02 1.305392899925553962e+01
-2.938772782003377984e+02 1.304124102818660980e+01
-2.936895883771788931e+02 1.303049749999578211e+01
-2.934439066558296076e+02 1.301584880568556990e+01
-2.931956858327989721e+02 1.300165489937115204e+01
-2.929869851362018949e+02 1.298966129891618415e+01
-2.927313182060374288e+02 1.297476284213628439e+01
-2.925159142940091215e+02 1.296167776998218990e+01
-2.922700650461358691e+02 1.294654134512297716e+01
-2.920340371374293795e+02 1.293298824043338691e+01
-2.917535291795319381e+02 1.291652131687606087e+01
-2.914326868907299968e+02 1.289778303109156532e+01
-2.911250827117455060e+02 1.287915303455649330e+01
-2.907976643460245896e+02 1.285999325519994763e+01
-2.905667920580340251e+02 1.284582401919816341e+01
-2.902905763310722023e+02 1.282947849124697726e+01
-2.900308410661240259e+02 1.281448118560443383e+01
-2.898060192598555318e+02 1.280185731199362031e+01
-2.895014293256687097e+02 1.278301615801102642e+01
-2.892492707332675650e+02 1.276732074171664877e+01
-2.889494904727943094e+02 1.274896896098497123e+01
-2.886392970790352024e+02 1.273133756093857194e+01
-2.883557769545113842e+02 1.271406807629772118e+01
-2.881407570934106275e+02 1.270155208761698162e+01
-2.878528878290827038e+02 1.268474987594262160e+01
-2.875045855910111641e+02 1.266323683976071202e+01
-2.871714112399211558e+02 1.264410455705652581e+01
-2.868475339422300863e+02 1.262475838568520281e+01
-2.865723702410239753e+02 1.260899724085077800e+01
-2.863046673987656163e+02 1.259274516641842112e+01
-2.861138419901407133e+02 1.258158163443531130e+01
-2.859678135960754162e+02 1.257296320438756787e+01
-2.856952146124716023e+02 1.255600590080143242e+01
-2.854108294655745794e+02 1.253897435793502169e+01
-2.851707718825011284e+02 1.252458786028980064e+01
-2.848208072623747853e+02 1.250426764292666704e+01
-2.846507018191675797e+02 1.249417084807508438e+01
-2.843666839290061148e+02 1.247767151600222668e+01
-2.841653799618404150e+02 1.246514712183867424e+01
-2.839244274298032451e+02 1.245121425368989598e+01
-2.836776566154269972e+02 1.243772215053836661e+01
-2.834399322293496652e+02 1.242322024296642446e+01
-2.832257868529223970e+02 1.241037019391303176e+01
-2.830207144067444460e+02 1.239888528769465381e+01
-2.828274495866649545e+02 1.238745201026228671e+01
-2.825719544785732182e+02 1.237232485363066026e+01
-2.822854991245588963e+02 1.235509294013895776e+01
-2.820336782607291184e+02 1.234041813614879857e+01
-2.818206598180336186e+02 1.232779188794974701e+01
-2.815829098586378336e+02 1.231337219566835373e+01
-2.811697122111146996e+02 1.228928032774181212e+01
-2.808816570522896541e+02 1.227221817566443463e+01
-2.806243291830088538e+02 1.225767447091723383e+01
-2.804123014348354559e+02 1.224559467679469016e+01
-2.801376595185722636e+02 1.222997548249864153e+01
-2.798260943758037342e+02 1.221111151927404137e+01
-2.795731198886528546e+02 1.219697489214428110e+01
-2.793096880223955054e+02 1.218158181116892713e+01
-2.789890398636104010e+02 1.216239031602975906e+01
-2.787847444618087707e+02 1.214966551860698907e+01
-2.785608467172407927e+02 1.213625624705177053e+01
-2.783037966284442746e+02 1.212052683458194657e+01
-2.780706390674270665e+02 1.210730545805181002e+01
-2.777875257649599234e+02 1.209120563866559905e+01
-2.775721724403441044e+02 1.207892327656101017e+01
-2.773187677698024345e+02 1.206455983365092166e+01
-2.771159497674365184e+02 1.205264422532940749e+01
-2.768571487836925371e+02 1.203742367638037969e+01
-2.765820149266782551e+02 1.202241690258089690e+01
-2.763536867195801960e+02 1.200825463481112543e+01
-2.761304940900581641e+02 1.199499129249335461e+01
-2.759417288905611940e+02 1.198393761424689608e+01
-2.757783272539151085e+02 1.197417644310027285e+01
-2.755133243914353898e+02 1.195887830786507777e+01
-2.753075131356841325e+02 1.194678055957189144e+01
-2.750874417601112896e+02 1.193405908837719842e+01
-2.747523588109899606e+02 1.191383166837633745e+01
-2.744655848590340383e+02 1.189615242021220176e+01
-2.742491363842253236e+02 1.188480729444800055e+01
-2.740943880155801935e+02 1.187606292758345639e+01
-2.738322137747668421e+02 1.186080960805675844e+01
-2.735777380896781210e+02 1.184691480505020600e+01
-2.733085185567290409e+02 1.183170515948399171e+01
-2.730496087251197537e+02 1.181594191399605265e+01
-2.728157938747559115e+02 1.180255935907472775e+01
-2.725802026406581717e+02 1.178918341907442802e+01
-2.723076521776476966e+02 1.177230431896867913e+01
-2.720495453590077659e+02 1.175723342319403564e+01
-2.717514759115278480e+02 1.174008725301397327e+01
-2.715114808422109149e+02 1.172592917493509113e+01
-2.712317716362251190e+02 1.171005626413211154e+01
-2.709549981029790047e+02 1.169361568546358576e+01
-2.707310255954704417e+02 1.168158259638489938e+01
-2.705634383795903659e+02 1.167145605164384214e+01
-2.703523211501125729e+02 1.165919582703713786e+01
-2.700429550093910507e+02 1.164215520045535968e+01
-2.697978542555665626e+02 1.162785088835505043e+01
-2.695009908846894291e+02 1.161080394484555534e+01
-2.692799935584130822e+02 1.159757123028108872e+01
-2.690565941277492357e+02 1.158415399906988341e+01
-2.688142033885221736e+02 1.157089694128652368e+01
-2.685805747768266656e+02 1.155745706881856272e+01
-2.683437929078453408e+02 1.154373543884495312e+01
-2.680661520203058217e+02 1.152715931175107933e+01
-2.679317198569494280e+02 1.151991284732687149e+01
-2.677182984536959793e+02 1.150796098878172735e+01
-2.674091982304701673e+02 1.148991476222307107e+01
-2.671555997602915795e+02 1.147643061424797040e+01
-2.669051687743933599e+02 1.146255335062253167e+01
-2.666695261245652091e+02 1.144942232351605327e+01
-2.664175340190440693e+02 1.143454530792343959e+01
-2.661517279094719015e+02 1.142062227044903722e+01
-2.658255143259050328e+02 1.140177392560751635e+01
-2.656089354020857627e+02 1.138940012344144215e+01
-2.654031465544998127e+02 1.137748021546246591e+01
-2.652142174639376435e+02 1.136683555993792183e+01
-2.648724133834037389e+02 1.134736584927656899e+01
-2.647054740883349950e+02 1.133741104538044908e+01
-2.644935023532465834e+02 1.132518698241104893e+01
-2.642014398379741920e+02 1.130837279791776950e+01
-2.639334467454254991e+02 1.129378818494150138e+01
-2.636998916261076715e+02 1.128111388693141848e+01
-2.634925376526882701e+02 1.126895239856293074e+01
-2.632636464097315638e+02 1.125554063916201031e+01
-2.629784032699224099e+02 1.123897401076172109e+01
-2.627589049639929044e+02 1.122629988883677044e+01
-2.625778010201419193e+02 1.121580399587728927e+01
-2.623377752616488010e+02 1.120327922272046983e+01
-2.621262040426461226e+02 1.119101106340262142e+01
-2.619246677925462450e+02 1.117945345426716308e+01
-2.616675471906763164e+02 1.116544910183629824e+01
-2.614070711237457090e+02 1.115047928743804562e+01
-2.611873813359438827e+02 1.113793772379182201e+01
-2.610061241398188940e+02 1.112778919944727996e+01
-2.607280832997454922e+02 1.111173352636029321e+01
-2.605297757792533275e+02 1.110049677581551641e+01
-2.602272708895047799e+02 1.108267846799349421e+01
-2.600307835219368826e+02 1.107107728642481526e+01
-2.598041689644284702e+02 1.105754234563164040e+01
-2.596541000086081112e+02 1.104892266785461352e+01
-2.594560550781941970e+02 1.103730407968309635e+01
-2.591777201282975511e+02 1.102215981396794753e+01
-2.589844530874519251e+02 1.101055301938091802e+01
-2.587910305007025045e+02 1.099907896947652475e+01
-2.586571064351534233e+02 1.099106155250449746e+01
-2.584336837733171137e+02 1.097851140274417148e+01
-2.582432841251085165e+02 1.096694259584236342e+01
-2.579621801964255496e+02 1.095204681248862144e+01
-2.577736655367172602e+02 1.094128151668446058e+01
-2.575871952780644847e+02 1.093099580435997886e+01
-2.573999401475607556e+02 1.091951936110450205e+01
-2.572068590976800806e+02 1.090877397096532953e+01
-2.570124012544783341e+02 1.089730390012407568e+01
-2.568508365067879708e+02 1.088789563688434114e+01
-2.566686118770110170e+02 1.087786848684598517e+01
-2.564940064338845787e+02 1.086810469484379560e+01
-2.562744030279366712e+02 1.085638872876071481e+01
-2.560942001776911070e+02 1.084671645457599176e+01
-2.558558042383640441e+02 1.083258167508662773e+01
-2.556158296756537709e+02 1.081927009088484226e+01
-2.554403674734407446e+02 1.080904360193361846e+01
-2.552110242930552033e+02 1.079611859378184491e+01
-2.550326835578249813e+02 1.078525723748182585e+01
-2.548179889655664567e+02 1.077315919993897531e+01
-2.546315212510164656e+02 1.076264736229206598e+01
-2.544280869277238537e+02 1.075146806623347118e+01
-2.542062962816120830e+02 1.073893253947693616e+01
-2.539278630534668366e+02 1.072296734424346276e+01
-2.537602954914923998e+02 1.071294109759690194e+01
-2.535522431154130629e+02 1.070122217879452720e+01
-2.534043115390392700e+02 1.069318373760156504e+01
-2.532830244244029814e+02 1.068653381437875360e+01
-2.531132535817367852e+02 1.067703449195269272e+01
-2.529050982940800338e+02 1.066509054952561542e+01
-2.526374947769118933e+02 1.065036137379440717e+01
-2.524748084033235216e+02 1.064060576500812871e+01
-2.522901246989507342e+02 1.062984538210400665e+01
-2.520422750376379781e+02 1.061549618016950092e+01
-2.518065258512636717e+02 1.060188996350089319e+01
-2.515844440682299421e+02 1.058920380461210975e+01
-2.513839380886286392e+02 1.057762933169244235e+01
-2.511551187774636844e+02 1.056492043943491765e+01
-2.509301424430372833e+02 1.055276441655366071e+01
-2.507373631218054015e+02 1.054168952158025441e+01
-2.504851097722455791e+02 1.052785118962217581e+01
-2.502586463409648729e+02 1.051625688838058181e+01
-2.500953089041709916e+02 1.050672643587646782e+01
-2.498654110416795788e+02 1.049413222877161722e+01
-2.496946278954985132e+02 1.048433284615962791e+01
-2.495316588288320077e+02 1.047537811145398834e+01
-2.493938263131300346e+02 1.046719219289428970e+01
-2.492099295376570183e+02 1.045699881273592879e+01
-2.490265159313557888e+02 1.044680894791943260e+01
-2.488522822579612352e+02 1.043730624011534047e+01
-2.486948055913342159e+02 1.042820276039957861e+01
-2.484758986837204020e+02 1.041572776609321949e+01
-2.482102282540755596e+02 1.040085312544890783e+01
-2.480754580621702985e+02 1.039396537821414057e+01
-2.478417486288003602e+02 1.038024401406226538e+01
-2.476179273942862835e+02 1.036788169093258993e+01
-2.474047052333524732e+02 1.035591575627215200e+01
-2.472402611033458015e+02 1.034647005257979480e+01
-2.470909180428328966e+02 1.033783064719080080e+01
-2.469241117207255627e+02 1.032868893640490171e+01
-2.467598050822104199e+02 1.032045754908359037e+01
-2.465891139977487398e+02 1.031052702512276831e+01
-2.463907929460195589e+02 1.029920301069347666e+01
-2.461997578051574465e+02 1.028827427576327480e+01
-2.460077951563650061e+02 1.027736474569574732e+01
-2.458310167198134764e+02 1.026685168409398052e+01
-2.456296845340515347e+02 1.025593272880503903e+01
-2.454472683250082241e+02 1.024575989337358095e+01
-2.452869974195001532e+02 1.023653349107161148e+01
-2.451474151163646127e+02 1.022867463604255711e+01
-2.449583355533355871e+02 1.021813047495331439e+01
-2.448401107066428608e+02 1.021149206863234049e+01
-2.446356812841499391e+02 1.019960434399772531e+01
-2.445053682037577971e+02 1.019282778662390498e+01
-2.443343928860998631e+02 1.018349904099714109e+01
-2.441844525587802650e+02 1.017513010989572209e+01
-2.439497871222478693e+02 1.016166116075804204e+01
-2.437576507463943756e+02 1.015140048206493084e+01
-2.435703714045205572e+02 1.014135612881505644e+01
-2.433077849547474329e+02 1.012654019430053154e+01
-2.430636461220991578e+02 1.011294309857782991e+01
-2.428594944677818148e+02 1.010180178564650433e+01
-2.426365754570823583e+02 1.008997055273048638e+01
-2.424667593068446934e+02 1.007991996793190381e+01
-2.422807917750685647e+02 1.006993239301429632e+01
-2.420124635873407613e+02 1.005487541001282814e+01
-2.418123417235947272e+02 1.004372350145897563e+01
-2.416863220584219789e+02 1.003681647452311942e+01
-2.414565963817006775e+02 1.002438331009564365e+01
-2.412950820676639410e+02 1.001556392403599816e+01
-2.411207698627636375e+02 1.000581468742183411e+01
-2.409396693343046252e+02 9.996510624482676022e+00
