4.000000000000000000e+00 4.000000000000000000e+00
3.998601322094875954e+00 4.344009003393887625e+00
3.997247501340802867e+00 4.676556965922134879e+00
3.996105432861440043e+00 4.957143148811174349e+00
3.994361368387964628e+00 5.386040682115879719e+00
3.993133913706006677e+00 5.687320929507632350e+00
3.991742569928212969e+00 6.029035630040469940e+00
3.990119915013587537e+00 6.427944850888151151e+00
3.987960001422584444e+00 6.958835809362927449e+00
3.986291765194676540e+00 7.368799658308483380e+00
3.984376423673182899e+00 7.839378233783911298e+00
3.981912731701513941e+00 8.444668423916953159e+00
3.979486262203351110e+00 9.041003795474752636e+00
3.976514716198568777e+00 9.772246816228811639e+00
3.974106160841822888e+00 1.036413497936566763e+01
3.970913588960942597e+00 1.114858927333237126e+01
3.967773909301211877e+00 1.192076812267626806e+01
3.964717786768531926e+00 1.267152410466152546e+01
3.960351711380923678e+00 1.374492826954408642e+01
3.956545507867396783e+00 1.468090032962191493e+01
3.951440877910351368e+00 1.593512375821104143e+01
3.947342787919398965e+00 1.694250853625525366e+01
3.942785560630653219e+00 1.806194419482943658e+01
3.936487684407522725e+00 1.960987938945712727e+01
3.929593622957506582e+00 2.130234124627596870e+01
3.923898844739623026e+00 2.270087550135483667e+01
3.917618573440164287e+00 2.424477131817097941e+01
3.911483880974199412e+00 2.575206987837123052e+01
3.903532627033769131e+00 2.770591863430448143e+01
3.892432107881851788e+00 3.043481675402921027e+01
3.883265050727437995e+00 3.268815251374030595e+01
3.873344072485479295e+00 3.512647582112074929e+01
3.860195502324433647e+00 3.835996701109355200e+01
3.850638754969274657e+00 4.070953267015036658e+01
3.834806264495096428e+00 4.460424282897730563e+01
3.822431501592232106e+00 4.764560709072551958e+01
3.808806532762232688e+00 5.099408934483842870e+01
3.795542717683630052e+00 5.425163268106511794e+01
3.773682798514570891e+00 5.962593716692363444e+01
3.756828715657710038e+00 6.377082719708186431e+01
3.739216390990047767e+00 6.809489961436952399e+01
3.722774557797444039e+00 7.213626149039437507e+01
3.698016746808970190e+00 7.822013885302463621e+01
3.676534523524232156e+00 8.349686146137278797e+01
3.659149404048656518e+00 8.776499577083221482e+01
3.638986320735934310e+00 9.272259319414379775e+01
3.622643008259324837e+00 9.673561696768462070e+01
3.590131304934065515e+00 1.047252109412964671e+02
3.554944710007159170e+00 1.133602308275637540e+02
3.525960457398188641e+00 1.204879520402124200e+02
3.493635805813059658e+00 1.284316572568338586e+02
3.453670755783511126e+00 1.382637518404183083e+02
3.414303975770027755e+00 1.479381747985862603e+02
3.375520960383297631e+00 1.574701953148290841e+02
3.334414482655101430e+00 1.675660326176698049e+02
3.283701853638469004e+00 1.800184269512475339e+02
3.234926207028586465e+00 1.919913536937127105e+02
3.188090416139573779e+00 2.034936310669301918e+02
3.116559350511646009e+00 2.208337020238557500e+02
3.071267066914736166e+00 2.316475441050175164e+02
2.999078519843426438e+00 2.486038462380695080e+02
2.918769624585963562e+00 2.670498020571370716e+02
2.816958887417423618e+00 2.898290697585890712e+02
2.741787762763663761e+00 3.061986079292892668e+02
2.659649245602265122e+00 3.236702399620020287e+02
2.590185270420053865e+00 3.380831965586422143e+02
2.503251615031045318e+00 3.556836853581589821e+02
2.375172683587677636e+00 3.806491809390338972e+02
2.227824829957509856e+00 4.079987924480054176e+02
2.081071864017524309e+00 4.337457769765267130e+02
1.966193598956896382e+00 4.528744784404480583e+02
1.859746663298496694e+00 4.697720599470247294e+02
1.745081272103897074e+00 4.870988398962807082e+02
1.609825390546844481e+00 5.063953426394822941e+02
1.479031677149307056e+00 5.238045394533163517e+02
1.325771975645676060e+00 5.426725796879369454e+02
1.230213877669769307e+00 5.535541583242021488e+02
1.092507148239709958e+00 5.680935907810546723e+02
9.781052613547805974e-01 5.791215359950366519e+02
5.103282944032195845e-01 5.904135368992222084e+02
-1.699863640545942189e+00 6.023217907421432074e+02
-6.275824762732270301e+00 6.113199482422954816e+02
-1.231375070182350306e+01 6.151070360581082923e+02
-2.153718228176218119e+01 6.138722245576879004e+02
-2.828248446425477525e+01 6.096610636192963284e+02
-4.103534106498084100e+01 5.642245468941828221e+02
-5.145911733486531858e+01 5.352116114743796516e+02
-6.421425402038941854e+01 5.313208072165297153e+02
-7.706715193727208657e+01 5.277232755041053451e+02
-9.046715887782612242e+01 5.242369303381788086e+02
-1.008184342922493926e+02 5.216614652014674220e+02
-1.180051888937163937e+02 5.176456679970904133e+02
-1.330263347694655351e+02 5.142897660935940394e+02
-1.470998685811715632e+02 5.113168774170343909e+02
-1.654972763503565716e+02 5.075544588889277975e+02
-1.806704552522626841e+02 5.045592172815736944e+02
-1.954138182824715386e+02 5.017646162428831644e+02
-2.130663591016829059e+02 4.984595446192292343e+02
-2.282551400220060316e+02 4.956789430121875739e+02
-2.413075885833071084e+02 4.933467511360304343e+02
-2.575859181630074772e+02 4.904902235626234415e+02
-2.745862003307774444e+02 4.875619725544549397e+02
-2.921144669938670972e+02 4.845374778071528681e+02
-3.113925833983407188e+02 4.812661081990754042e+02
-3.296537289031568889e+02 4.781815513867912841e+02
-3.408145142204130025e+02 4.762740255725474299e+02
-3.606809147074437192e+02 4.728070315328932338e+02
-3.747338207946269790e+02 4.701704111758601243e+02
-3.826342065299238584e+02 4.686254947939011117e+02
-3.941301872667208954e+02 4.663261419053109194e+02
-4.052019749130890318e+02 4.640755257448909106e+02
-4.169703112904559248e+02 4.616837752765542859e+02
-4.286487926450509462e+02 4.593185690966952848e+02
-4.369013245075440750e+02 4.576213526118701225e+02
-4.482773534751639204e+02 4.552969953627865038e+02
-4.605667088274686307e+02 4.527531255031217370e+02
-4.716999933403779437e+02 4.504162239114087356e+02
-4.823533843729530872e+02 4.481677490246684670e+02
-4.949517441848183807e+02 4.454938145038454991e+02
-5.072968632249332472e+02 4.428501675343184729e+02
-5.183244771898048384e+02 4.404460020879301396e+02
-5.268600283382697853e+02 4.386133862495668154e+02
-5.394836949369503145e+02 4.359186726847017894e+02
-5.495325986183204350e+02 4.337096241532762519e+02
-5.609112054935845890e+02 4.311851805387831291e+02
-5.750984008763192605e+02 4.280433308338950837e+02
-5.836190500057862209e+02 4.261253893087895221e+02
-5.943674870847448801e+02 4.237009696501726808e+02
-6.057967677511422835e+02 4.211074571591911422e+02
-6.153826526485469230e+02 4.189113875601666450e+02
-6.244301692477948791e+02 4.168201984726331375e+02
-6.328154632335123324e+02 4.148710573712702399e+02
-6.398158731252161715e+02 4.132420752535335282e+02
-6.479314985770122348e+02 4.113539463394104132e+02
-6.588525248622601111e+02 4.088176464269467942e+02
-6.655587569610174796e+02 4.072232776961336640e+02
-6.735841989709302879e+02 4.053200710364878319e+02
-6.860553934573819106e+02 4.022922214513476433e+02
-6.950987331652578405e+02 4.000980176361711642e+02
-7.012501951289142426e+02 3.985544593662991133e+02
-7.077444949511209416e+02 3.969561216842303111e+02
-7.166229533345365326e+02 3.947700028609632454e+02
-7.240667444339998156e+02 3.929047161066082481e+02
-7.311678318064282394e+02 3.911230115200852993e+02
-7.377415438303951305e+02 3.894592091448466249e+02
-7.456239868056347859e+02 3.874657104363947724e+02
-7.509454593688702744e+02 3.861181693387508176e+02
-7.575238289680877415e+02 3.844069715264768661e+02
-7.624395148784828962e+02 3.831274801250536370e+02
-7.684139658491939144e+02 3.815599030336256305e+02
-7.768196644275734570e+02 3.793179781226689897e+02
-7.832404314359489490e+02 3.775980449017160367e+02
-7.884860927835369466e+02 3.761876023010489121e+02
-7.953195846236727675e+02 3.743848108779195059e+02
-8.028383842526790204e+02 3.723283031296005561e+02
-8.092465728356183945e+02 3.705649459938619543e+02
-8.140868674058908709e+02 3.692376175140037162e+02
-8.193353303575638620e+02 3.677893600998870056e+02
-8.233738063894734296e+02 3.666674437471187957e+02
-8.301081458805857665e+02 3.647698703417691490e+02
-8.347377635839546883e+02 3.634507464785006050e+02
-8.397212419874107354e+02 3.620280148708523598e+02
-8.441773445269832337e+02 3.607541165760742388e+02
-8.497781082061443385e+02 3.591502325894281853e+02
-8.551096286635313390e+02 3.576071266453018893e+02
-8.611578985775335013e+02 3.558548375192849562e+02
-8.646783238800340996e+02 3.548157155522478092e+02
-8.701363811561549255e+02 3.532162175985468480e+02
-8.779430115749597690e+02 3.508863001475660894e+02
-8.819082394870262078e+02 3.497049872051271109e+02
-8.874335138470878519e+02 3.480317202223015443e+02
-8.934097103788957384e+02 3.461886850631606194e+02
-8.986499707961237391e+02 3.445436490889218817e+02
-9.032768661474717646e+02 3.430943078775420645e+02
-9.066774442934569151e+02 3.420204538382035935e+02
-9.103543763959497710e+02 3.408468035456135681e+02
-9.139159112876808422e+02 3.397049991733344427e+02
-9.173209240136141034e+02 3.386199860932592287e+02
-9.211923614769116284e+02 3.373677612169186091e+02
-9.255846988096267296e+02 3.359556591182074499e+02
-9.289610335745695693e+02 3.348666077397857634e+02
-9.339798700472495057e+02 3.332357868157382654e+02
-9.387238054152861650e+02 3.316575238008589963e+02
-9.424926809687578952e+02 3.303889227078651061e+02
-9.459857002083372208e+02 3.292256191651210315e+02
-9.485175306638610664e+02 3.283728607243586453e+02
-9.513192271481424314e+02 3.274012356451331698e+02
-9.558305926408008872e+02 3.258504941830639154e+02
-9.587095190041063688e+02 3.248637376493594502e+02
-9.622090525675381514e+02 3.236541729182716267e+02
-9.665313568090967919e+02 3.221459498258470830e+02
-9.700932627835670701e+02 3.209016006217711947e+02
-9.734530019899577837e+02 3.197166746223758764e+02
-9.770850451423838194e+02 3.184117622381164665e+02
-9.797107551846139586e+02 3.174612401897151699e+02
-9.848990373318999900e+02 3.155252992803821712e+02
-9.881734117764734719e+02 3.143006914111113019e+02
-9.908213212766322613e+02 3.133126716996733307e+02
-9.944071348628682472e+02 3.119931412950003846e+02
-9.970707716692512577e+02 3.109850101684781976e+02
-1.001809476441533093e+03 3.091747611416338941e+02
-1.004604638044490230e+03 3.081074173036609523e+02
-1.007777641219528846e+03 3.068400789473790269e+02
-1.010993686263315226e+03 3.055742825091235204e+02
-1.013302684269353676e+03 3.046458607837867021e+02
-1.016795491591404812e+03 3.032588345496175748e+02
-1.020413154837142429e+03 3.017686507999859487e+02
-1.023240129742695785e+03 3.005938700429031769e+02
-1.025555052759659020e+03 2.996305160115073249e+02
-1.027863005101206227e+03 2.986714755593513360e+02
-1.030401113711917105e+03 2.976248347628272768e+02
-1.033009027197996602e+03 2.965245995301564790e+02
-1.035220731170503313e+03 2.955730905765061607e+02
-1.037907193800367168e+03 2.943985249794489505e+02
-1.040421088978137959e+03 2.932991215050620326e+02
-1.042268360788735436e+03 2.924954750962742764e+02
-1.044897902088240471e+03 2.913438639655326483e+02
-1.047317928680397927e+03 2.902490899317650133e+02
-1.049616221285459460e+03 2.892283946136784039e+02
-1.051646424868241866e+03 2.883009474254481574e+02
-1.053709184340038746e+03 2.873325157583971077e+02
-1.056163626142500334e+03 2.861898747140439809e+02
-1.058233199194885628e+03 2.852272120896784600e+02
-1.060375880329153688e+03 2.842099491707689936e+02
-1.061710973366561575e+03 2.835822374754980615e+02
-1.063875351105292111e+03 2.825350471620147346e+02
-1.065421500999452746e+03 2.817937565541840854e+02
-1.066828515756940078e+03 2.810911380614487030e+02
-1.069080033117991661e+03 2.799751162363804724e+02
-1.071090831176668189e+03 2.789859121113628930e+02
-1.072803663987349182e+03 2.781139301924743563e+02
-1.075351913377953224e+03 2.768117814097873861e+02
-1.076895813446164993e+03 2.760067855977561067e+02
-1.078594580205535294e+03 2.751155459603573945e+02
-1.080362200760099540e+03 2.741863561106082443e+02
-1.081799986916484386e+03 2.734228535828555096e+02
-1.083102256781535289e+03 2.727276731881877936e+02
-1.084994479465744462e+03 2.717115934407808595e+02
-1.087459345049577450e+03 2.703674210179586908e+02
-1.088905597019547713e+03 2.695600285128479072e+02
-1.090251945505696312e+03 2.687992799636084555e+02
-1.091660300771535049e+03 2.679971831380197500e+02
-1.092976257505390549e+03 2.672568300838841537e+02
-1.094413861134587478e+03 2.664233284369786361e+02
-1.095995847463596647e+03 2.655069343259509083e+02
-1.097884056762573891e+03 2.643847214742812639e+02
-1.099426430133601343e+03 2.634440222149383999e+02
-1.100846254509209302e+03 2.625900090463407537e+02
-1.102649227330581880e+03 2.614673595752825577e+02
-1.103655679171670499e+03 2.608471243498325407e+02
-1.104942499604804652e+03 2.600082580804879626e+02
-1.106281084711584072e+03 2.591645404076170962e+02
-1.107753619833743187e+03 2.581975459229488479e+02
-1.108839889427098342e+03 2.574808213866454594e+02
-1.110047682663245951e+03 2.566869833258189146e+02
-1.111039873433616322e+03 2.560277304691517202e+02
-1.112021329421705104e+03 2.553550058846541901e+02
-1.113110534567597142e+03 2.545994696318430215e+02
-1.114187721250337518e+03 2.538407411209463191e+02
-1.115037512181240572e+03 2.532346575475179975e+02
-1.116146636290146034e+03 2.524609112182831723e+02
-1.117058836914539143e+03 2.518112903411638115e+02
-1.117725100104891226e+03 2.513328866151717875e+02
-1.118481312820442781e+03 2.507840309197957538e+02
-1.119643962101774150e+03 2.499155946359680058e+02
-1.120579101074918981e+03 2.492274023239644407e+02
-1.121414683412773911e+03 2.485953281326054594e+02
-1.122365412020477606e+03 2.478755770689543567e+02
-1.123521828288009601e+03 2.469668349009052974e+02
-1.124383210638967057e+03 2.462878838616704513e+02
-1.125615799060036579e+03 2.453102749359725294e+02
-1.126399358824183537e+03 2.446797660275813655e+02
-1.127391134360121441e+03 2.438612019510735820e+02
-1.128207761386662241e+03 2.431848222100729515e+02
-1.128727937450920990e+03 2.427514500378157720e+02
-1.129931363179988466e+03 2.417066903592633480e+02
-1.130719340738581423e+03 2.410298864914331887e+02
-1.131679978278783210e+03 2.401594207243751384e+02
-1.132519647424789355e+03 2.394102591463840213e+02
-1.133393293310458603e+03 2.386006611350915136e+02
-1.134191750143427271e+03 2.378636685797523000e+02
-1.135228935023340455e+03 2.368684838117229958e+02
-1.135713339459119197e+03 2.363984616499743936e+02
-1.136283346808032775e+03 2.358229030738577876e+02
-1.136750124489683685e+03 2.353656634593910155e+02
-1.137364311667705579e+03 2.347640604608210424e+02
-1.137944810198160667e+03 2.341695635399090349e+02
-1.138461806044509331e+03 2.336211073063426511e+02
-1.139128299606514474e+03 2.329104292776974603e+02
-1.139861045276972391e+03 2.321186325646439172e+02
-1.140485447069827160e+03 2.314362842301010801e+02
-1.141121783403561722e+03 2.307167675863428542e+02
-1.141616483210340220e+03 2.301668680904265045e+02
-1.142235319360941958e+03 2.294303897594123498e+02
-1.142875000268944405e+03 2.286713903058994504e+02
-1.143448136161440743e+03 2.279802946718737360e+02
-1.144004179704578519e+03 2.272860715959229196e+02
-1.144430042033907512e+03 2.267510329947347145e+02
-1.144926838716844713e+03 2.261174489232280962e+02
-1.145372005063553615e+03 2.255278443350845237e+02
-1.145813095743149006e+03 2.249288774387554213e+02
-1.146254356047955525e+03 2.243346419724664145e+02
-1.146613285943604978e+03 2.238329905813741334e+02
-1.147113581456707834e+03 2.231161668682322841e+02
-1.147560682339639243e+03 2.224556510980547728e+02
-1.147902720700286864e+03 2.219302287855573468e+02
-1.148372332210433797e+03 2.212276085860466992e+02
-1.148772083531699991e+03 2.205864250655915839e+02
-1.149147116798702882e+03 2.199722211348749852e+02
-1.149499833191635616e+03 2.193620574202987825e+02
-1.149773031230400647e+03 2.189038502589890811e+02
-1.150003566226591602e+03 2.185035343117687319e+02
-1.150295691230253396e+03 2.179833777279679623e+02
-1.150546544521847636e+03 2.175201660885761896e+02
-1.150813661997918643e+03 2.170183035174357826e+02
-1.151114406271964299e+03 2.164585107490225937e+02
-1.151441364021620529e+03 2.157943141887328409e+02
-1.151681221498434525e+03 2.152924689386969703e+02
-1.151969795252307222e+03 2.146854470661876348e+02
-1.152180759284869282e+03 2.142257633246104547e+02
-1.152403635640376251e+03 2.137150098339235456e+02
-1.152680773962994181e+03 2.130760734931614024e+02
-1.152956399809866753e+03 2.124016454719133833e+02
-1.153257640857724482e+03 2.116495993991932778e+02
-1.153497248440663725e+03 2.110065550582560547e+02
-1.153673961843383267e+03 2.105188832963345362e+02
-1.153859121093512385e+03 2.099639952250853128e+02
-1.154056103709060380e+03 2.093697338903265006e+02
-1.154243532751402654e+03 2.087597949984110244e+02
-1.154416897560557118e+03 2.081567375891648624e+02
-1.154550107401291370e+03 2.076744899445658348e+02
-1.154682460186930030e+03 2.071632965620265168e+02
-1.154788618642493930e+03 2.067262136312104701e+02
-1.154890838507571743e+03 2.062964685385131247e+02
-1.155054951885804257e+03 2.055533795264675803e+02
-1.155172163569039185e+03 2.049718464316941606e+02
-1.155239801553453390e+03 2.046269426564164462e+02
-1.155354191436395695e+03 2.039707953850105184e+02
-1.155414436124057829e+03 2.035843959743948801e+02
-1.155484100903995568e+03 2.031028267432359087e+02
-1.155527821376788552e+03 2.027857687658358259e+02
-1.155572914110733336e+03 2.024317440217390924e+02
-1.155654236412343607e+03 2.017009871120312141e+02
-1.155697465142489818e+03 2.012413767216627605e+02
-1.155741695265077624e+03 2.006659201325360016e+02
-1.155769243390958763e+03 2.002322600274810043e+02
-1.155785300560599580e+03 1.999222469904758555e+02
-1.155800544790120512e+03 1.995622975787856319e+02
-1.155814073293451656e+03 1.990947966322210050e+02
-1.155820897796282679e+03 1.986611746316252436e+02
-1.155822399442197138e+03 1.982921247279774661e+02
-1.155813329432093497e+03 1.975477753186001451e+02
-1.155798050637177084e+03 1.970439864271109798e+02
-1.155780817233595826e+03 1.966575936185209628e+02
-1.155755600244199968e+03 1.962192236604456923e+02
-1.155725646633979977e+03 1.957856468296692753e+02
-1.155687974340128449e+03 1.953403081089088005e+02
-1.155645720607593148e+03 1.949205227549446136e+02
-1.155618120245808996e+03 1.946518510181431338e+02
-1.155559666352209888e+03 1.941551448299096592e+02
-1.155505680446942279e+03 1.937565300160147501e+02
-1.155449374758529530e+03 1.933624981279247379e+02
-1.155394408196250879e+03 1.930087546098605742e+02
-1.155322315764277164e+03 1.925681349251384233e+02
-1.155239282884147315e+03 1.920999316552070297e+02
-1.155111938204186117e+03 1.914425904029215246e+02
-1.155021217562690481e+03 1.910257615987021325e+02
-1.154919236326465352e+03 1.905765359024672421e+02
-1.154795209229926513e+03 1.900742684770740141e+02
-1.154654700211788395e+03 1.895283655820726949e+02
-1.154580674296338202e+03 1.892548704608545336e+02
-1.154444187611815096e+03 1.887895178856355471e+02
-1.154363655607541432e+03 1.885182105600977138e+02
-1.154230525284164969e+03 1.880797236657870712e+02
-1.154083686573931118e+03 1.876162457433910049e+02
-1.153933500657817603e+03 1.871667026519055526e+02
-1.153791198532967201e+03 1.867682153580778674e+02
-1.153600025795011788e+03 1.862424683952843338e+02
-1.153436062539785780e+03 1.858154200873073592e+02
-1.153190155935019902e+03 1.851719915218315293e+02
-1.153005196933284424e+03 1.847295448532895534e+02
-1.152858205283343068e+03 1.843834751607369071e+02
-1.152729310245137412e+03 1.840851697079893370e+02
-1.152565867812129682e+03 1.837172733475707389e+02
-1.152416963122672541e+03 1.833935935548759915e+02
-1.152163039595301143e+03 1.828412152062183225e+02
-1.151988015814380105e+03 1.824833864233307281e+02
-1.151830645331101550e+03 1.821628873606852324e+02
-1.151628448632598065e+03 1.817651976487387913e+02
-1.151418101305950131e+03 1.813722518337805525e+02
-1.151140104266268054e+03 1.808549535700282149e+02
-1.150944990778679994e+03 1.805005624061028584e+02
-1.150719673784767792e+03 1.801001671357168732e+02
-1.150486924214050077e+03 1.796833603658503478e+02
-1.150292248412475828e+03 1.793616665881725964e+02
-1.150062883989863167e+03 1.789689827551648307e+02
-1.149813848103365444e+03 1.785513427564118558e+02
-1.149547071719052838e+03 1.781167832921861418e+02
-1.149301715003303116e+03 1.777288831636300870e+02
-1.149098870317203136e+03 1.774122133859913220e+02
-1.148865322092674887e+03 1.770534089616377003e+02
-1.148685676024282657e+03 1.767822152720776216e+02
-1.148464520957401419e+03 1.764625936432844640e+02
-1.148193450555861091e+03 1.760593908715563032e+02
-1.148027379386902112e+03 1.758158193614549702e+02
-1.147744590709735121e+03 1.754111887039624378e+02
-1.147436386097346713e+03 1.749704940378635456e+02
-1.147163745252016497e+03 1.746000955012680720e+02
-1.146795323507379635e+03 1.741037254242122856e+02
-1.146523168048763409e+03 1.737340855457563293e+02
-1.146256426317455180e+03 1.733868575386727855e+02
-1.145934807253717736e+03 1.729694031487486825e+02
-1.145700416661836471e+03 1.726773228101038740e+02
-1.145401831928923684e+03 1.723074876109030242e+02
-1.145146048269553830e+03 1.720004329353400010e+02
-1.144792718064019027e+03 1.715645947018111883e+02
-1.144535662554904320e+03 1.712802158734503450e+02
-1.144311168020978585e+03 1.710185076265684927e+02
-1.143857758870335147e+03 1.704890613659129315e+02
-1.143536286313688379e+03 1.701357285255404861e+02
-1.143299742873164632e+03 1.698768167938831084e+02
-1.143010659976536772e+03 1.695647956458730334e+02
-1.142608974796464281e+03 1.691227469247341162e+02
-1.142301647214096420e+03 1.687890248497078289e+02
-1.142076306296586381e+03 1.685512731566821856e+02
-1.141819022836408067e+03 1.682875515151537797e+02
-1.141601186159447252e+03 1.680429139405254944e+02
-1.141316947214152378e+03 1.677492609802098116e+02
-1.141004424015682616e+03 1.674264940950194216e+02
-1.140738892612803738e+03 1.671654798446196821e+02
-1.140463820771340579e+03 1.668879454305924810e+02
-1.140120598075252929e+03 1.665540576904245142e+02
-1.139912761664218579e+03 1.663545990233613168e+02
-1.139601230130941758e+03 1.660525638240027035e+02
-1.139139247090339722e+03 1.656188827359713116e+02
-1.138793310594036257e+03 1.652946613917874572e+02
-1.138464719221157793e+03 1.649864727888944174e+02
-1.137969740316327261e+03 1.645413447646456859e+02
-1.137566299551916018e+03 1.641814837454431029e+02
-1.137164372695489419e+03 1.638245133563499394e+02
-1.136798437891756748e+03 1.634884706211455239e+02
-1.136368995192320426e+03 1.630994545594201668e+02
-1.136033280888411127e+03 1.628057788891632924e+02
-1.135628477022583638e+03 1.624572146628168809e+02
-1.135259096668274651e+03 1.621497365265866222e+02
-1.134958653251291935e+03 1.618968261675727263e+02
-1.134566511123847249e+03 1.615690360245559987e+02
-1.134179018980338242e+03 1.612539080353507188e+02
-1.133884423517037476e+03 1.610075323361126038e+02
-1.133550719883452757e+03 1.607328287262884032e+02
-1.133098606101753148e+03 1.603746871484305530e+02
-1.132741867603140463e+03 1.600862232860128245e+02
-1.132326709283261380e+03 1.597608763151118580e+02
-1.131939633248758128e+03 1.594552230979876981e+02
-1.131521507642135475e+03 1.591246137202847990e+02
-1.131273678727258130e+03 1.589284534200091343e+02
-1.130965108804990905e+03 1.586816495931970792e+02
-1.130682428555719298e+03 1.584587008465983899e+02
-1.130131986970254502e+03 1.580430789222812962e+02
-1.129797494967107696e+03 1.577943037251963574e+02
-1.129382103830771484e+03 1.574882327978321257e+02
-1.128995478466329587e+03 1.572105382033737442e+02
-1.128500952366845695e+03 1.568400281728073082e+02
-1.128125720693681615e+03 1.565653292333539071e+02
-1.127749609602955161e+03 1.562994232531146963e+02
-1.127426466445788265e+03 1.560688665527040371e+02
-1.127074589674542722e+03 1.558271628914702376e+02
-1.126601625200217541e+03 1.554936898357562143e+02
-1.126289852925703144e+03 1.552783530382495769e+02
-1.126015886312688735e+03 1.550866488753248689e+02
-1.125481552049747734e+03 1.547070797849643213e+02
-1.125039878251608116e+03 1.543931688188643534e+02
-1.124663261496802761e+03 1.541314663390885755e+02
-1.124221083831504529e+03 1.538280524783547776e+02
-1.123852306282887412e+03 1.535809355977903579e+02
-1.123408717299760156e+03 1.533004522791878514e+02
-1.123047186449036644e+03 1.530621233052875425e+02
-1.122572674765592410e+03 1.527511684944598187e+02
-1.122279067235854427e+03 1.525592384626120008e+02
-1.121786549235034272e+03 1.522347424602841670e+02
-1.121326663412109838e+03 1.519273103265947213e+02
-1.120918510730023854e+03 1.516701444354031878e+02
-1.120465006537402360e+03 1.513785148208391718e+02
-1.120127501404314444e+03 1.511628984161241362e+02
-1.119652405824180050e+03 1.508580307924307817e+02
-1.119355858136809957e+03 1.506808052242924703e+02
-1.119012381579791054e+03 1.504715481925493918e+02
-1.118408222565238248e+03 1.501138166891537935e+02
-1.117877023421260674e+03 1.497842896814955793e+02
-1.117411273407488807e+03 1.495067910766644843e+02
-1.117041572910104833e+03 1.492778291749438608e+02
-1.116634862560575357e+03 1.490246803460993874e+02
-1.116180426827235806e+03 1.487417172482917920e+02
-1.115786161759737979e+03 1.485047928048875292e+02
-1.115506170823000048e+03 1.483435964641916200e+02
-1.115166149636541832e+03 1.481450015719186695e+02
-1.114627781844190167e+03 1.478231474956166949e+02
-1.114188321523100740e+03 1.475685441089111123e+02
-1.113735662733129857e+03 1.473147327965588431e+02
-1.113305686184294927e+03 1.470764694191312572e+02
-1.112849279288981734e+03 1.468114924647903763e+02
-1.112285083690984038e+03 1.465012247957626244e+02
-1.111725774668897202e+03 1.461813381597539205e+02
-1.111258930672663382e+03 1.459211622191435254e+02
-1.110907238620720364e+03 1.457372373727813795e+02
-1.110543723338846803e+03 1.455409790170918995e+02
-1.110189903998835689e+03 1.453378894355274440e+02
-1.109731809344832527e+03 1.450870916215253601e+02
-1.109353017374579395e+03 1.448848694203340131e+02
-1.108974511727825302e+03 1.446772988574934118e+02
-1.108465575133103812e+03 1.444118046609234227e+02
-1.108061593419164637e+03 1.441901934008394335e+02
-1.107509892790672211e+03 1.438890094280480696e+02
-1.107054589424128608e+03 1.436502897904057079e+02
-1.106647757764116704e+03 1.434403042317998143e+02
-1.106205394590826245e+03 1.432094753626273587e+02
-1.105778837020416177e+03 1.429838692175865731e+02
-1.105257432872248501e+03 1.427197414004704683e+02
-1.104846024843667692e+03 1.424959279590084691e+02
-1.104533400168074650e+03 1.423308115640789140e+02
-1.104156248245702727e+03 1.421419157261204589e+02
-1.103627136507199111e+03 1.418733627938363497e+02
-1.103192075669983751e+03 1.416522055128819488e+02
-1.102634849245265741e+03 1.413699978012980409e+02
-1.102133831883323865e+03 1.411159213643064163e+02
-1.101744281538294899e+03 1.409246187247544242e+02
-1.101221099890632331e+03 1.406671243402482503e+02
-1.100835881403769235e+03 1.404820837731943755e+02
-1.100407559460703624e+03 1.402725536962646231e+02
-1.100025632234429395e+03 1.400805558953281604e+02
-1.099557707449646614e+03 1.398564636702386110e+02
-1.099027973804778185e+03 1.396025593481197120e+02
-1.098662629822999179e+03 1.394207917111709776e+02
-1.098308921228079726e+03 1.392501407083281890e+02
-1.097818093646282932e+03 1.390145973556996353e+02
-1.097466489240777946e+03 1.388427618825188574e+02
-1.097157360733208634e+03 1.386907157983334855e+02
-1.096422768194910759e+03 1.383431973370348373e+02
-1.095801906526000266e+03 1.380428647503555908e+02
-1.095325204735643865e+03 1.378194503316157977e+02
-1.094655592957607496e+03 1.375193025897376344e+02
-1.094210503152744423e+03 1.373161966602459074e+02
-1.093492239520233170e+03 1.369903835943694332e+02
-1.093123174841018454e+03 1.368237202073343042e+02
-1.092567736981385679e+03 1.365700104318372894e+02
-1.091901054339125039e+03 1.362579274687783766e+02
-1.091475598660815876e+03 1.360635301037677607e+02
-1.091021334785063345e+03 1.358575882242405442e+02
-1.090541680544260544e+03 1.356452752604240288e+02
-1.090167078769961790e+03 1.354684309301911753e+02
-1.089753214572262777e+03 1.352908296538296611e+02
-1.089360962541526760e+03 1.351121029855782467e+02
-1.088921985202524638e+03 1.349285828620180610e+02
-1.088421974405530136e+03 1.347104698170879260e+02
-1.087813502085812388e+03 1.344435391654868965e+02
-1.087382252436822682e+03 1.342639642777569975e+02
-1.086715813432353116e+03 1.339758973998477245e+02
-1.086260229596915224e+03 1.337776881343137063e+02
-1.085790452323355339e+03 1.335825455972839677e+02
-1.085230570887995555e+03 1.333414916475834389e+02
-1.084849868100491904e+03 1.331755496492146165e+02
-1.084272707904341132e+03 1.329343575923729759e+02
-1.083572482495671466e+03 1.326338634156588228e+02
-1.082867162445636495e+03 1.323424603839139593e+02
-1.082418632365065150e+03 1.321549888916919144e+02
-1.081933651726227254e+03 1.319462725996997392e+02
-1.081372723540956713e+03 1.317125747661038417e+02
-1.080834779971586613e+03 1.314871954499477908e+02
-1.080337023469544647e+03 1.312869417796062237e+02
-1.079738441036221275e+03 1.310368630571505548e+02
-1.079161189407537449e+03 1.307998135189321829e+02
-1.078685338867950350e+03 1.306034400323262616e+02
-1.078182807433925518e+03 1.303989747743212604e+02
-1.077520104025621777e+03 1.301234203719022844e+02
-1.077171149449766745e+03 1.299793894421155471e+02
-1.076636816240494227e+03 1.297581551422369159e+02
-1.076256964229084588e+03 1.296008344287642728e+02
-1.075839341443463582e+03 1.294367772961083460e+02
-1.075334811261825962e+03 1.292324207049714460e+02
-1.074792612947242333e+03 1.290131289567754891e+02
-1.074358012596304434e+03 1.288491963363764512e+02
-1.073966122170420931e+03 1.286937501481572212e+02
-1.073596533633458421e+03 1.285463920752744116e+02
-1.073048172782780966e+03 1.283243679683333767e+02
-1.072473602971073433e+03 1.280938299758467167e+02
-1.072035551360092541e+03 1.279231594447243481e+02
-1.071650346203441813e+03 1.277637347644523658e+02
-1.071291979948737207e+03 1.276201701037325051e+02
-1.070843951662662676e+03 1.274477049095559380e+02
-1.070479482537119566e+03 1.273089456180109238e+02
-1.069963217145389535e+03 1.271080885599541972e+02
-1.069495935114676058e+03 1.269318611076451759e+02
-1.068968852369582919e+03 1.267339085913241234e+02
-1.068423412559022609e+03 1.265171658141643718e+02
-1.067972449580766806e+03 1.263399558741625555e+02
-1.067599913351077021e+03 1.262040974819191348e+02
-1.067076860159128501e+03 1.260090665299776589e+02
-1.066502353153260628e+03 1.257991125944894577e+02
-1.066167133170694342e+03 1.256704696422107048e+02
-1.065724913564592271e+03 1.255067020470805943e+02
-1.065361681417359023e+03 1.253749527814061508e+02
-1.064638349436848557e+03 1.251122546494757444e+02
-1.064170035916210963e+03 1.249363318103011125e+02
-1.063670369363347390e+03 1.247442025311541158e+02
-1.063148955683207987e+03 1.245566310186936363e+02
-1.062620372876685906e+03 1.243666572563627284e+02
-1.062039288081561153e+03 1.241525889520889052e+02
-1.061501180841748237e+03 1.239676455482542394e+02
-1.061065894777867015e+03 1.238028731664218611e+02
-1.060514143820706295e+03 1.235973867790205816e+02
-1.060200193612674184e+03 1.234809408282505814e+02
-1.059544922420896000e+03 1.232309069949795202e+02
-1.058975692853721512e+03 1.230160905908137607e+02
-1.058444736009076905e+03 1.228227768279581653e+02
-1.057981365554557442e+03 1.226529321043531269e+02
-1.057421586282552198e+03 1.224570769855424572e+02
-1.056809902218854177e+03 1.222376604719881783e+02
-1.056171542156658006e+03 1.220190027780257083e+02
-1.055718342209878529e+03 1.218586759961798549e+02
-1.055308349923913966e+03 1.217225555567611792e+02
-1.054737779922208802e+03 1.215244779063479257e+02
-1.054290384179469356e+03 1.213693647352306471e+02
-1.053834358956703682e+03 1.212085418826055729e+02
-1.053301751676801587e+03 1.210277921433919346e+02
-1.053076928800165433e+03 1.209463523343541169e+02
-1.052655947045741186e+03 1.207977057183679364e+02
-1.052247325659242733e+03 1.206599841703293663e+02
-1.051771107873792289e+03 1.204945405418355904e+02
-1.051226815926318750e+03 1.203063991333791023e+02
-1.050658025113207714e+03 1.201152471767375118e+02
-1.050002299933958056e+03 1.198987990500806262e+02
-1.049616394351216968e+03 1.197627059367783602e+02
-1.049238417073268238e+03 1.196310236403438694e+02
-1.048820810628975096e+03 1.194901309437340586e+02
-1.048454111571108342e+03 1.193657286217946591e+02
-1.048104576169400161e+03 1.192450917303396523e+02
-1.047460150377632772e+03 1.190286237954217938e+02
-1.046948277303043824e+03 1.188575932984996371e+02
-1.046420549146926305e+03 1.186851174427163329e+02
-1.046148070827368201e+03 1.185995385342698398e+02
-1.045768861793613951e+03 1.184718293536946021e+02
-1.045383229494005946e+03 1.183465919047408192e+02
-1.044999625814906040e+03 1.182240140048459409e+02
-1.044485585000919627e+03 1.180568003465469502e+02
-1.043943239060527276e+03 1.178783839899776922e+02
-1.043346763969045469e+03 1.176834860266301774e+02
-1.042912056761636222e+03 1.175383385586704890e+02
-1.042395691382728955e+03 1.173732083424232400e+02
-1.041778331331816844e+03 1.171692581631878483e+02
-1.041372175305435348e+03 1.170360110066331174e+02
-1.040781597182259475e+03 1.168412092578896591e+02
-1.040264929348484657e+03 1.166737613979795043e+02
-1.039843958946418525e+03 1.165440662540801782e+02
-1.039341962784571251e+03 1.163820017998795748e+02
-1.038847835133801254e+03 1.162210610038493712e+02
-1.038227716183106850e+03 1.160323566130841897e+02
-1.037750025839384762e+03 1.158879263551154111e+02
-1.037355385308228279e+03 1.157624810687729422e+02
-1.037007170190411443e+03 1.156514766548726811e+02
-1.036390306633623368e+03 1.154654992427413447e+02
-1.035964024585928200e+03 1.153378465786761922e+02
-1.035462725361131788e+03 1.151779680919070046e+02
-1.034830350061690069e+03 1.149791373605005163e+02
-1.034275874846519400e+03 1.148028804070705746e+02
-1.033768819609145339e+03 1.146440940574036205e+02
-1.033168665049122637e+03 1.144548809681507748e+02
-1.032705655582788040e+03 1.143088266073056047e+02
-1.032285911962693035e+03 1.141724331222040973e+02
-1.031812714663765746e+03 1.140257732184441153e+02
-1.031218093021988125e+03 1.138354231249698074e+02
-1.030773261769270221e+03 1.136975954943128357e+02
-1.030048889853155060e+03 1.134751606895549401e+02
-1.029635278304969916e+03 1.133503736557129145e+02
-1.029162008870695672e+03 1.131998509576238945e+02
-1.028813776811750358e+03 1.130876021020954028e+02
-1.028369930834109255e+03 1.129560418267097646e+02
-1.027719255750736920e+03 1.127526809819985942e+02
-1.027281867111353222e+03 1.126122183545795252e+02
-1.026688877751550308e+03 1.124311265683934522e+02
-1.026141419919479631e+03 1.122677271276837558e+02
-1.025701447376909982e+03 1.121359593326939006e+02
-1.025169691923293840e+03 1.119825398970765491e+02
-1.024680800158822194e+03 1.118393503942191387e+02
-1.024255122749115799e+03 1.117130290522953118e+02
-1.023701436033471055e+03 1.115460233968460813e+02
-1.023324113809918117e+03 1.114349972306400787e+02
-1.022833257189718665e+03 1.112976296826603146e+02
-1.022402124455141234e+03 1.111733370846999378e+02
-1.022049302591975675e+03 1.110728950257086893e+02
-1.021524906045140142e+03 1.109165298776775899e+02
-1.021083994763340115e+03 1.107858839435553620e+02
-1.020637443238567585e+03 1.106615286796727702e+02
-1.020247877311448633e+03 1.105471347065488317e+02
-1.019584702408292287e+03 1.103510380940256113e+02
-1.018921562855991397e+03 1.101585590214628496e+02
-1.018198437750559265e+03 1.099494856392207396e+02
-1.017672947009624409e+03 1.097996590938155634e+02
-1.017302722216326060e+03 1.096958182740693672e+02
-1.016861066310289857e+03 1.095661501608681476e+02
-1.016362333708824053e+03 1.094339869669589689e+02
-1.015903351133268302e+03 1.093009969582218588e+02
-1.015356373181883441e+03 1.091517472304736032e+02
-1.014896832421287741e+03 1.090199062747117011e+02
-1.014467509945909114e+03 1.089037152573961151e+02
-1.014022680842444856e+03 1.087798429230273172e+02
-1.013561690263832361e+03 1.086458834991453273e+02
-1.013162177203513124e+03 1.085310144622140740e+02
-1.012752372850922143e+03 1.084100899924068671e+02
-1.012380461817085347e+03 1.083036364183443681e+02
-1.011750245560741064e+03 1.081169926064576430e+02
-1.011277085664375591e+03 1.079746344542349306e+02
-1.010778031469810912e+03 1.078273987637652453e+02
-1.010241359212163047e+03 1.076770321275126889e+02
-1.009606640952765019e+03 1.074908778559253193e+02
-1.009205133454309475e+03 1.073779053318768888e+02
-1.008774691558724271e+03 1.072588847064265138e+02
-1.008050087759039911e+03 1.070587763672088499e+02
-1.007494849001443868e+03 1.069032819471639471e+02
-1.007089656432456650e+03 1.067898182269294125e+02
-1.006664201174057439e+03 1.066751487549876316e+02
-1.006022101532858414e+03 1.064966985663800898e+02
-1.005495271738184556e+03 1.063541753144787236e+02
-1.005013830278123351e+03 1.062176610041552607e+02
-1.004380321518740175e+03 1.060366790895546671e+02
-1.003740826649979681e+03 1.058675239723777963e+02
-1.003440526291636502e+03 1.057860360507378203e+02
-1.003109358295544780e+03 1.056936543583997405e+02
-1.002596509946767128e+03 1.055483797405036057e+02
-1.002069909469134245e+03 1.054022121500909179e+02
-1.001539238272008674e+03 1.052603927180208387e+02
-1.001132334802014839e+03 1.051495171856829671e+02
-1.000870135595429701e+03 1.050787748212241439e+02
-1.000374590689057641e+03 1.049368773939642239e+02
-9.998750100295708307e+02 1.048012401150059532e+02
-9.993395900443898654e+02 1.046617526271602117e+02
-9.988477524858377592e+02 1.045287458950958239e+02
-9.983615878749042167e+02 1.043985053263693885e+02
-9.979063735390051306e+02 1.042706282558019666e+02
-9.972753795003536652e+02 1.040980424896117569e+02
-9.966688787106232894e+02 1.039402126355683151e+02
-9.960338354031867993e+02 1.037752614720105413e+02
-9.954700363388575397e+02 1.036278094949132793e+02
-9.948299326826290780e+02 1.034552847712563306e+02
-9.944622095218118147e+02 1.033526783184420736e+02
-9.940697807441052873e+02 1.032493184568502045e+02
-9.935841793554088781e+02 1.031219527628047388e+02
-9.933159774756226170e+02 1.030514981751085202e+02
-9.929084098943250183e+02 1.029473977526474471e+02
-9.923135938636818310e+02 1.027916505314700117e+02
-9.918499384281619768e+02 1.026646565395136292e+02
-9.913472180308126553e+02 1.025343372533705804e+02
-9.908118115762242724e+02 1.023914542543003989e+02
-9.904229327976653394e+02 1.022933434622921425e+02
-9.899782723445081274e+02 1.021805365680122577e+02
-9.896170133060219314e+02 1.020858443758180130e+02
-9.891317078793554174e+02 1.019654277415552315e+02
-9.886585412042632015e+02 1.018454897961842391e+02
-9.881610641509187190e+02 1.017129412602863709e+02
-9.876904093790951720e+02 1.015902705375131632e+02
-9.871069342691296242e+02 1.014331639849675923e+02
-9.864151358519843598e+02 1.012535647554286555e+02
-9.859375959939553695e+02 1.011283239882036042e+02
-9.854129881284025032e+02 1.009928771597709130e+02
-9.851354343494080013e+02 1.009228587870776863e+02
-9.847142025725129315e+02 1.008234735092824366e+02
-9.843115130420508194e+02 1.007160049503914649e+02
-9.839841022232357091e+02 1.006314090153437490e+02
-9.835255235891054326e+02 1.005154877243719511e+02
-9.831216856703977101e+02 1.004187366382378741e+02
-9.824572176192921233e+02 1.002512487789958726e+02
-9.820356250464423056e+02 1.001448438785477038e+02
-9.816044258490717311e+02 1.000262976111998938e+02
-9.811815592396760621e+02 9.991855404952254105e+01
-9.806105835194661040e+02 9.979120669783671360e+01
-9.801104684673969132e+02 9.967040750515894842e+01
-9.797013817331257997e+02 9.956928946764912780e+01
-9.793353948131464222e+02 9.947973700334925695e+01
-9.789901044947529272e+02 9.939785410414422984e+01
-9.785257794283232897e+02 9.928069296284012069e+01
-9.780536299068352264e+02 9.915782533409671373e+01
-9.775905450845119731e+02 9.905234581992316123e+01
-9.771535070853510661e+02 9.894549504385905436e+01
-9.766686994267720365e+02 9.882290998856031194e+01
-9.760735839391016953e+02 9.867719779245250322e+01
-9.755272252081824718e+02 9.854005586503079428e+01
-9.751777114772428376e+02 9.845164763426309662e+01
-9.746605263767373799e+02 9.833025144970036990e+01
-9.741275009497306883e+02 9.818952829425654727e+01
-9.736974369028437195e+02 9.807673151412066659e+01
-9.732485009464318182e+02 9.797293879122021565e+01
-9.727413647716008427e+02 9.784047516089653129e+01
-9.722881829698308138e+02 9.773558810222195348e+01
-9.718813597011643424e+02 9.763259130396568253e+01
-9.715899769514585387e+02 9.756391348574047129e+01
-9.712277864185518865e+02 9.748083461568943164e+01
-9.708461265827527313e+02 9.738406234591383281e+01
-9.704149365793317656e+02 9.728235789802197075e+01
-9.700611826133565501e+02 9.719401380951283898e+01
-9.694774159116990404e+02 9.705147778248920076e+01
-9.691677025634355687e+02 9.697665746795978237e+01
-9.687137940748131086e+02 9.687249283113575871e+01
-9.682409942496243502e+02 9.677048369988990828e+01
-9.677686376078800095e+02 9.666457687523055142e+01
-9.671614775117394629e+02 9.651723146787954022e+01
-9.666915669375805464e+02 9.640820039650375861e+01
-9.662789191253016270e+02 9.630746670964811074e+01
-9.656475629615786147e+02 9.616368128750521294e+01
-9.652446595945949639e+02 9.606353192736766289e+01
-9.648175689734298430e+02 9.596322263604021430e+01
-9.644345738170896993e+02 9.587508364105478620e+01
-9.639396625643038305e+02 9.575475904744472189e+01
-9.636053540167608844e+02 9.567341787469079861e+01
-9.631591621954637503e+02 9.556610167631714603e+01
-9.626522202282359331e+02 9.544800385426013634e+01
-9.622012191364790397e+02 9.534051536158185058e+01
-9.618249784128777264e+02 9.525302726323639035e+01
-9.612931570609939627e+02 9.512878331611459259e+01
-9.608449329309265750e+02 9.502444257459639232e+01
-9.603344594828780600e+02 9.490819593784864594e+01
-9.599591192543265379e+02 9.481796222875232161e+01
-9.595587363587554819e+02 9.472083341980663818e+01
-9.589343387014002928e+02 9.457124997002460987e+01
-9.584865781752641851e+02 9.446646680510201577e+01
-9.579451403358059451e+02 9.434468901288070697e+01
-9.574933108333123073e+02 9.424295930000172916e+01
-9.571180658689627307e+02 9.416078112907538866e+01
-9.565100279223389634e+02 9.401959003999766651e+01
-9.561039001393877470e+02 9.392959502177782838e+01
-9.556407067553642491e+02 9.382249843450568960e+01
-9.553197647746352459e+02 9.375298837985235423e+01
-9.548544174753313882e+02 9.364418125104862156e+01
-9.544562987869937842e+02 9.355156543924304913e+01
-9.538663036555110466e+02 9.341693559185888773e+01
-9.533367162560969064e+02 9.329364246035643760e+01
-9.527723678877787279e+02 9.315889651672722493e+01
-9.522469483924554652e+02 9.303222947343823535e+01
-9.517864434650444991e+02 9.292788101505553300e+01
-9.513068453489946705e+02 9.281889515302376026e+01
-9.508851584426585077e+02 9.271817157280834465e+01
-9.503709159229795205e+02 9.260665642924983842e+01
-9.499424499270171509e+02 9.250854420288005997e+01
-9.495370477994875955e+02 9.241960606090582075e+01
-9.490144953187744932e+02 9.230765782997373492e+01
-9.485586989760274719e+02 9.220167851568923822e+01
-9.480451182486963262e+02 9.208955226801816707e+01
-9.475403977147984733e+02 9.197851574095027161e+01
-9.472462440313233856e+02 9.191472752233383403e+01
-9.466973044791566281e+02 9.179239481894022390e+01
-9.462397969752767040e+02 9.168661430678136526e+01
-9.457392303005145777e+02 9.158164059845908866e+01
-9.451544779345239249e+02 9.144968839824704787e+01
-9.447445277213649888e+02 9.135860448974069925e+01
-9.444390451381889307e+02 9.128976253556547249e+01
-9.439921089334332009e+02 9.118709787322660532e+01
-9.434894513560761879e+02 9.107702821212464528e+01
-9.429699400344946980e+02 9.097012549454350960e+01
-9.425939215053534781e+02 9.089062906284716803e+01
-9.421500146884732203e+02 9.079857474316558807e+01
-9.418005697777476826e+02 9.071834425811741198e+01
-9.413335689920830873e+02 9.060725897061408318e+01
-9.409469815520050133e+02 9.052633138835037130e+01
-9.405576169224673322e+02 9.043815280629384290e+01
-9.400063550069380653e+02 9.032402849407480971e+01
-9.396046622935162986e+02 9.023581399625253141e+01
-9.391617798368636159e+02 9.014307835018507831e+01
-9.387808496554479234e+02 9.006051076947005640e+01
-9.382722914719813616e+02 8.994611556227324911e+01
-9.375912141039871130e+02 8.979852790326646073e+01
-9.370748771473477063e+02 8.968185663295594168e+01
-9.364519142247039554e+02 8.955294296140363031e+01
-9.360062323162197799e+02 8.946143953802727822e+01
-9.356469463355988410e+02 8.938620498537743231e+01
-9.352755665574126169e+02 8.930292851236750096e+01
-9.348166531959267331e+02 8.920285577855203485e+01
-9.342973493400979805e+02 8.908484747453701402e+01
-9.338980017635905142e+02 8.900132916159358842e+01
-9.334481520297873658e+02 8.890303867289021866e+01
-9.329019540969495665e+02 8.879127888156412496e+01
-9.324080318188665615e+02 8.868518458630649093e+01
-9.319303850328286671e+02 8.858230963602169084e+01
-9.313911245168829964e+02 8.847382091493787470e+01
-9.308689306043162333e+02 8.835596280213326281e+01
-9.304750202767617111e+02 8.827493516224865289e+01
-9.299771636025533326e+02 8.817722495060563404e+01
-9.295856539319300964e+02 8.809405629834076024e+01
-9.290796838530916375e+02 8.798526223480388353e+01
-9.287460133176343788e+02 8.791109087674674072e+01
-9.283366690793399130e+02 8.782195534931555869e+01
-9.278590961210232990e+02 8.772892143678147647e+01
-9.274361379795541325e+02 8.764231474560104118e+01
-9.270363651838224541e+02 8.755866175196074153e+01
-9.266161199611216261e+02 8.747124186595630135e+01
-9.262431051329476759e+02 8.739896254123645747e+01
-9.259075115568562069e+02 8.732513799288334155e+01
-9.255584516412732228e+02 8.725595958965607224e+01
-9.251126722100249253e+02 8.716315468566952518e+01
-9.247594341668524294e+02 8.708791911512892625e+01
-9.242880710582389838e+02 8.699310162934042978e+01
-9.239583503549611123e+02 8.692276675598560587e+01
-9.235298000741826172e+02 8.683600354370304331e+01
-9.230989696870793750e+02 8.673914304580094381e+01
-9.226850002585557604e+02 8.665200075736287033e+01
-9.221731634569657672e+02 8.655007304746500552e+01
-9.216603544210637438e+02 8.644555873470044105e+01
-9.211843371096422288e+02 8.635315395582382791e+01
-9.208094764704101181e+02 8.627559800341700225e+01
-9.201498060525273104e+02 8.614224752451194433e+01
-9.197456394391984986e+02 8.605954078466990609e+01
-9.191861579874731660e+02 8.594303853421985195e+01
-9.187296208288673824e+02 8.584823497097568179e+01
-9.182597438271576493e+02 8.575833671800438651e+01
-9.178663939319615110e+02 8.567282260534079796e+01
-9.174415600143761367e+02 8.558697904303330972e+01
-9.170169299600495378e+02 8.550448490358056119e+01
-9.166405892120862973e+02 8.542845033612967143e+01
-9.162463953074516212e+02 8.534931408789482532e+01
-9.158060789063214315e+02 8.526096618642793601e+01
-9.154012301338194675e+02 8.518531603594855994e+01
-9.149535342046852975e+02 8.509566484876219761e+01
-9.145654658806237194e+02 8.501894160044591331e+01
-9.142152379391917520e+02 8.495180953297054316e+01
-9.137888488864787178e+02 8.486644480199872476e+01
-9.134370642144428984e+02 8.479330248290071381e+01
-9.129134472520113377e+02 8.468713624857061006e+01
-9.126373015384386918e+02 8.463468050072485482e+01
-9.122932884789481705e+02 8.456262420210991593e+01
-9.119147931176387374e+02 8.448776106624355009e+01
-9.114145959157856396e+02 8.438433834838996006e+01
-9.109455614905436960e+02 8.428598032698741349e+01
-9.105404063229698295e+02 8.420283966914819018e+01
-9.100741752737944807e+02 8.410964223481180113e+01
-9.095170149278994813e+02 8.399632670662435885e+01
-9.089865079517134063e+02 8.388710581111274678e+01
-9.086139703257820202e+02 8.381305169492672746e+01
-9.082212296672979619e+02 8.373686038109143226e+01
-9.078129446105182296e+02 8.364915819933943908e+01
-9.073543118645885670e+02 8.355922879677298454e+01
-9.070555579623028279e+02 8.349918325447491441e+01
-9.067869784422126713e+02 8.344826503757717262e+01
-9.062428894449694781e+02 8.333616421065120505e+01
-9.056783596647098875e+02 8.322393289362038615e+01
-9.052129258913213334e+02 8.313242008336435163e+01
-9.047784312725218570e+02 8.304456467977010448e+01
-9.044187156991209804e+02 8.297618226523562157e+01
-9.039545567954068019e+02 8.288666895648020727e+01
-9.036376975408264798e+02 8.282278903219084043e+01
-9.031478814995092534e+02 8.272855374999824107e+01
-9.026834249487598072e+02 8.263490250330247022e+01
-9.022725051890798795e+02 8.255837305674219806e+01
-9.017900547148074111e+02 8.246525775676479952e+01
-9.014176508160084040e+02 8.238858311617362062e+01
-9.009406316488855282e+02 8.229203060414093329e+01
-9.004871623993748244e+02 8.220729214093590542e+01
-8.999322858819813291e+02 8.209765896668618268e+01
-8.994685855930642902e+02 8.200356390489345415e+01
-8.990013839874475252e+02 8.191443318547676711e+01
-8.986142743256014001e+02 8.184400417692256724e+01
-8.982819555089412233e+02 8.177722412435332444e+01
-8.978411924246165654e+02 8.168804238778599824e+01
-8.974421711653246803e+02 8.161624356998170526e+01
-8.969344186430578247e+02 8.151858484036151253e+01
-8.965248704381446032e+02 8.144068617762964379e+01
-8.959170018123628552e+02 8.132646107246347356e+01
-8.956150415739627988e+02 8.126576197912109478e+01
-8.952634496888191507e+02 8.119518344942724752e+01
-8.948681830521020402e+02 8.111729820484002573e+01
-8.945282022918831899e+02 8.105423661774133848e+01
-8.940275106776970233e+02 8.095321595948310289e+01
-8.935456445507080616e+02 8.085811782328796937e+01
-8.931829101767044676e+02 8.079011595310656446e+01
-8.928309894472887436e+02 8.071980987183097511e+01
-8.922298208015092769e+02 8.060253709105924713e+01
-8.918660326835974956e+02 8.053391893315968275e+01
-8.915694194282883700e+02 8.047519271428996035e+01
-8.911528403424775888e+02 8.040221617695436862e+01
-8.906939791612650197e+02 8.031764582483499737e+01
-8.902634480785555979e+02 8.023756756218027419e+01
-8.898988565766815100e+02 8.017040770554697815e+01
-8.894536281664076114e+02 8.008682999203577424e+01
-8.891802252060509772e+02 8.003479101488107972e+01
-8.887956648979478587e+02 7.996049909884308704e+01
-8.884724437273455351e+02 7.989933494776899181e+01
-8.880945550398321302e+02 7.982763277111867239e+01
-8.877034014941344822e+02 7.975173150988558746e+01
-8.874274598328211141e+02 7.970167091484066191e+01
-8.869625438164409843e+02 7.961662465689649082e+01
-8.866885267949736544e+02 7.956648573173680461e+01
-8.862521754957377880e+02 7.948408364722928354e+01
-8.858973175122474686e+02 7.941722920219005744e+01
-8.856353850619530022e+02 7.936787382831644777e+01
-8.851802788934436421e+02 7.928111389530887720e+01
-8.848082524502816568e+02 7.921598965549078741e+01
-8.843696208832670891e+02 7.913129265859188877e+01
-8.840201554258283068e+02 7.906315709573431150e+01
-8.836072541099090358e+02 7.897632028635740653e+01
-8.831481920442699902e+02 7.888630641709386282e+01
-8.827190577354156176e+02 7.880207702369993683e+01
-8.822798372464483236e+02 7.871461451236348239e+01
-8.818766977289448050e+02 7.863773209952756815e+01
-8.814366653993140517e+02 7.855027499836896254e+01
-8.811134068078830524e+02 7.848478052213802414e+01
