4.000000000000000000e+00 4.000000000000000000e+00
-1.226666666666666927e+01 4.001333333333333940e+03
-2.853333333333333499e+01 7.998666666666667879e+03
-2.323521778593294584e+04 4.022914883897705749e+03
-3.146086013088859545e+04 4.231855947834962990e+02
-2.078623734884095029e+04 -1.058716873867202821e+03
-1.970916792894402533e+03 -9.986416040569449706e+02
1.302969115324821905e+04 -3.005480853025310921e+02
1.725612503464780821e+04 3.470509272528140627e+02
5.011263308264184161e+03 1.522009827675960878e+02
-7.672793200827254623e+03 -7.916630206761328736e+01
-2.035684970991869341e+04 -3.105335869028226057e+02
-3.304090621901013219e+04 -5.419008717380319240e+02
-2.793450463763616426e+04 -4.848373335624646643e+02
-4.064770861053439148e+03 -1.235700857371102757e+02
1.980496291552930779e+04 2.376971620882444540e+02
4.367469669211204018e+04 5.989644099135990700e+02
5.976692714683389931e+04 8.527234573112485805e+02
2.078107890177145600e+04 3.390905707050387718e+02
-2.196279895097605186e+04 -2.293917341691269485e+02
-6.470667680372357427e+04 -7.978740390432927825e+02
-1.074505546564710821e+05 -1.366356343917458616e+03
-1.071705237071991869e+05 -1.400077397834557814e+03
-3.095617506998914178e+04 -4.690326468930552437e+02
4.525110388744785450e+04 4.643522849966500416e+02
1.214583828448847926e+05 1.397737216886355327e+03
1.604054773773949419e+05 1.901941212464963428e+03
5.127886687749941484e+04 6.859014445140810494e+02
-5.829644611570254347e+04 -5.416934997529124303e+02
-2.832007558979824535e+04 -2.941920518938196096e+02
6.622683082695286430e+03 2.127475476694874601e+01
2.650298645233310526e+04 2.174027893628284858e+02
1.775998744646551495e+04 1.585600075331591086e+02
6.689186834439842642e+02 2.219286636523949596e+01
-1.171017697314576799e+04 -8.351380532353324782e+01
-9.980418024815637182e+03 -7.798735362429039242e+01
-2.077304429069210073e+03 -2.290129847274138442e+01
-5.905047041395712313e+02 -7.496046536596216114e+00
5.776630278725443759e+02 4.872568452508060588e+00
9.968193888566855776e+02 9.869932810238871923e+00
5.643438043751740452e+02 6.042483134813469547e+00
-6.076759179609166495e+01 8.062166473051757265e-02
-4.575412373712401291e+02 -3.947700425145129088e+00
-3.377670564117001959e+02 -3.165955998854670383e+00
-3.600065008074170692e+01 -6.395365913132349256e-01
1.999416379231642509e+02 1.471100741256545330e+00
1.805830586138180252e+02 1.472842726196358365e+00
4.437887748074734162e+01 4.919205644966936908e-01
1.298960212460610464e+01 1.635244206149676915e-01
-1.285152965641011846e+01 -1.106172544111666822e-01
-2.206724743623841078e+01 -2.196335348211451433e-01
-1.390590682153549906e+01 -1.487528592646019665e-01
6.275084087781587217e-01 -1.002196917698679191e-02
2.767494666400918124e-01 1.183813378144231478e+02
-1.075147773435922716e-01 2.411459941879961661e+02
-4.917790213272761335e-01 3.639106505615691276e+02
-8.760432653109602175e-01 4.866753069351420891e+02
-7.739144741320442336e+02 2.485888086073027807e+02
-2.428026488867987609e+03 -4.009837514676792125e+02
-4.082138503603930076e+03 -1.050556311542660978e+03
-5.736250518339872542e+03 -1.700128871617642972e+03
-5.773262649491600314e+03 -2.093608681863196580e+03
4.753378591230401071e+03 -7.826721500905305220e+02
1.572048987589300668e+04 6.130669711516011375e+02
2.668760116055560866e+04 2.008806092393731888e+03
3.765471244521820336e+04 3.404545213635863092e+03
3.194491273331630146e+04 3.517311469470889278e+03
-1.709360185487821582e+03 1.181224734471082684e+03
-3.496482767056637385e+04 -1.163649578509509865e+03
-6.822029515564494068e+04 -3.508523891490103324e+03
-2.359003059123237472e+04 -1.828975451392845343e+03
1.344265389652685008e+04 -1.333036209267509093e+02
2.499229028444829237e+04 7.001281722351958479e+02
1.534463495526669431e+04 7.289105979966792574e+02
2.486156990527168091e+03 2.434304637422894757e+02
-1.022189567950600758e+04 -2.425099349221634384e+02
-2.292994834953917598e+04 -7.284503335866162388e+02
-3.563800101957235165e+04 -1.214390732251069039e+03
-4.069949527396097983e+04 -1.456305515892312542e+03
-9.903439743963303044e+03 -5.349451531200243153e+02
2.218099585937788652e+04 4.359251908081846523e+02
5.426543146271906880e+04 1.406795534736392938e+03
8.634986706606025109e+04 2.377665878664601223e+03
1.083876912080091424e+05 3.085795884887119882e+03
3.234999224033887731e+04 1.213917614572857929e+03
-5.040017457361673587e+04 -8.432796420185559327e+02
-1.331503413875723782e+05 -2.900476898609969339e+03
-2.159005082015280204e+05 -4.957674155201382746e+03
-2.944545825585309649e+05 -6.922480966650807204e+03
-7.613827460725983838e+04 -2.338995203353659235e+03
1.437012157183735981e+05 2.275992107746879810e+03
3.635407060440069763e+05 6.890979418847417037e+03
2.376374131897724583e+05 4.949656766652121405e+03
-2.815238753031345550e+04 3.556704874205097440e+02
-2.939421882503993111e+05 -4.238315791811101008e+03
-2.608925684634530335e+05 -4.175798063906789139e+03
-5.052083593769581057e+04 -1.350254202699388770e+03
1.598508965880614705e+05 1.475289658508011826e+03
1.953193305142810568e+05 2.231541233975459818e+03
8.373608128331287298e+04 1.248014794970118828e+03
-2.784716794765536179e+04 2.644883559647774973e+02
-8.011727038986595289e+04 -3.486080624155118244e+02
-6.245175216837595508e+04 -5.249336330586968415e+02
-4.478623394688596454e+04 -7.012592037018818019e+02
-2.166103705162018014e+04 -6.364312769861784318e+02
1.058073353889019199e+04 -1.689251411849239730e+02
4.282250412940056412e+04 2.985809946163304858e+02
5.712759057542192022e+04 5.726428461008069917e+02
1.752881460964052530e+04 1.982354807765694886e+02
-2.250323145071681938e+04 -1.835264166239684300e+02
-6.253527751107417862e+04 -5.652883140245064624e+02
-6.886055426709551830e+04 -6.413427991511921391e+02
-2.524838899202940229e+04 -2.644839231348544217e+02
1.836377628303669189e+04 1.123749528814832388e+02
6.092962478630601254e+04 4.808282892758220441e+02
1.904130668128485559e+04 1.631284270857649972e+02
-2.321325935979027417e+04 -1.574237657647830133e+02
-1.933416483175984467e+04 -1.410699207461502169e+02
-3.323417788299400399e+03 -3.612074356962822463e+01
1.815359759132681120e+03 4.523214110861186299e+00
4.153782146135684343e+03 2.860370982394666584e+01
2.335728413438023381e+03 1.822596397401820667e+01
-5.307122973871850036e+02 -8.431759086129058112e-01
-8.123101658774257885e+02 -4.168631991646582158e+00
-4.556351695300186293e+02 -3.606514719237978284e+00
-1.317031448215994374e+02 -1.560733271749486839e+00
1.843157849104887873e+02 8.436098744091657942e-01
1.430536982811005373e+02 8.485654012782144484e-01
1.730823476778357417e+01 2.861588183387704376e-01
-1.084372287455335027e+02 -2.762477646006735732e-01
-2.341826922588505226e+02 -8.386543475401173620e-01
-3.599281557721675426e+02 -1.401060930479561151e+00
-4.856736192854845626e+02 -1.963467513419005162e+00
-5.801734547263554305e+02 -2.397701962457749136e+00
-1.886489869902343344e+02 -8.144747698075391895e-01
2.062855028330257028e+02 7.839932051642941602e-01
6.012199926562859673e+02 2.382461180136126622e+00
9.961544824795457771e+02 3.980929155107959083e+00
1.391088972302805814e+03 5.579397130079792433e+00
1.786023462126065624e+03 7.177865105051624894e+00
2.035016873210454378e+03 8.197678880565911541e+00
6.554181057064397464e+02 2.752224030124553522e+00
6.387454287957177712e+01 3.555084744964094323e-01
-2.595699638932039761e+02 -9.916080343557508447e-01
-3.033617212928729714e+02 -1.228613684020023911e+00
-1.452435796260557197e+02 -6.134026613032168562e-01
2.798924960033450304e+01 7.906583526840849085e-02
1.269038717328025854e+02 4.880009428038863950e-01
7.574716791381564462e+01 3.018670837388356398e-01
3.288061474829788722e-01 1.526817379995037971e-02
-5.119565387977282001e+01 -1.859765486926067135e-01
-3.249215910781646244e+01 -1.225218611417274173e-01
2.270597077586941737e+00 1.462504653343743577e-03
3.703335326299036012e+01 1.254468704484149044e-01
6.476658457119339118e+01 2.250577637972348555e-01
2.608276715881699204e+01 9.356885526427827227e-02
-1.786015228555588408e+01 -5.646965393387826104e-02
-6.180307172992873177e+01 -2.065081631320348499e-01
-1.019410038513889702e+02 -3.437945197531476760e-01
-3.341222409916656488e+01 -1.165932636489348528e-01
3.571734650225343444e+01 1.126030828531635608e-01
1.048469171036734338e+02 3.417994293552619745e-01
1.739764877050934615e+02 5.709957758573604991e-01
2.431060583065134892e+02 8.001921223594589128e-01
2.163125887237611096e+02 7.166483848680909041e-01
6.664520474890838386e+01 2.296066312502909046e-01
-7.999979224215050522e+01 -2.481589586617696241e-01
-2.266447892332094511e+02 -7.259245485738301529e-01
-2.238860496149475239e+02 -7.250784423775820109e-01
-7.032137999432359265e+01 -2.411287433283619830e-01
8.324328962630043804e+01 2.428209557208581559e-01
1.996193166247500699e+02 6.123391161806778227e-01
7.853737651983055912e+01 2.481055357931102323e-01
1.414590921797070067e+01 4.955663784299944863e-02
-1.516866276760128862e+00 -1.884986907361347469e-03
-6.489529241031773310e+00 -6.392713547722948988e+02
1.676142721760496386e+02 -2.471697752040624437e+03
8.001225049776345259e+03 -1.331293539872619931e+03
1.629325455859710019e+04 3.165049614877964359e+02
1.401989936924930953e+04 9.935348347768456279e+02
2.081612794459399083e+03 7.825315271183146706e+02
-8.065298864221003896e+03 5.009887255085166657e+02
-4.553206150611610610e+03 1.634544721126208344e+02
-1.343233730650888219e+03 -8.316398920004631634e+01
1.136491831240607780e+03 -1.921336372751268868e+02
1.102739175866245660e+03 -7.102048943962010696e+01
6.469284256267426372e+02 -1.632470877593615910e+01
1.532386391439538329e+02 3.102228418381056940e+01
-3.404511473388349714e+02 7.836927714355732633e+01
-8.341409338216237757e+02 1.257162701033040690e+02
-1.327830720304412353e+03 1.730632630630508118e+02
-1.521446259159358078e+03 1.586403250060438666e+02
-1.083021630535819440e+03 5.090993468216151996e+01
-6.081012294501297220e+02 -5.485028198853439108e+01
-1.331808283644404582e+02 -1.606104986592303021e+02
3.417395727212492602e+02 -2.663707153299262131e+02
8.166599738069387513e+02 -3.721309320006221242e+02
1.384698484031143607e+03 -3.438868810447322630e+02
1.728477777587720766e+03 -1.107539396325739744e+02
1.974560850452381601e+03 1.185039810639142388e+02
2.220643923317042209e+03 3.477619017604024521e+02
2.466726996181703271e+03 5.770198224568905516e+02
2.712810069046363878e+03 8.062777431533786512e+02
1.146930361345624533e+03 7.458401346785020678e+02
-2.411790492138836271e+03 2.402853470388486130e+02
-5.712267190942826346e+03 -2.569414094134860989e+02
-9.012743889746818240e+03 -7.541681658658208107e+02
-1.231322058855080832e+04 -1.251394922318155523e+03
-1.561369728735479839e+04 -1.748621678770490462e+03
-1.150597776217212231e+04 -1.619051657918565752e+03
2.329381646319292486e+03 -5.217522688185890729e+02
1.550480912469050236e+04 5.576155031271218832e+02
2.868023660306171223e+04 1.636983275072832384e+03
4.185566408143291483e+04 2.716351047018542886e+03
5.503109155980412470e+04 3.795718818964253387e+03
4.460462075393923442e+04 3.517724869710728854e+03
1.261699587048584362e+03 1.133936299113453060e+03
-4.043497880592738511e+04 -1.211213614027032236e+03
-8.213165719890335458e+04 -3.556363527167518441e+03
-1.238283355918793095e+05 -5.901513440308003737e+03
-1.655250139848552644e+05 -8.246663353448489943e+03
-1.396681149552398419e+05 -7.649776648827724784e+03
-1.651254038446105551e+04 -2.466606882650419720e+03
1.026087768583797733e+05 2.633244216568062257e+03
2.217300941012206022e+05 7.733095315786547872e+03
3.408514113440613728e+05 1.283294641500502985e+04
4.599727285869022598e+05 1.793279751422351546e+04
3.969441632983477321e+05 1.665025377703080085e+04
6.595114875742420554e+04 5.370289285561157158e+03
-2.552891562833790667e+05 -5.729879899126040982e+03
-5.765294613241822226e+05 -1.683004908381323912e+04
-8.977697663649853785e+05 -2.793021826850043726e+04
-1.219010071405788651e+06 -3.903038745318763540e+04
-1.067388604574508034e+06 -3.627251504513550026e+04
-2.091435866217901930e+05 -1.170257338701433036e+04
6.257753675813428126e+05 1.247910330974266981e+04
1.460694321784475353e+06 3.666078000649967726e+04
2.295613275987607893e+06 6.084245670325667015e+04
3.130532230190740898e+06 8.502413340001367033e+04
2.769570253096935805e+06 7.908947401760029607e+04
5.989731782450005412e+05 2.552410410303962999e+04
-1.516311202146130614e+06 -2.720221190869389102e+04
-3.631595582537262700e+06 -7.992852792042744113e+04
-5.746879962928393856e+06 -1.326548439321609912e+05
-7.862164343319525942e+06 -1.853811599438945123e+05
-7.010003408908190206e+06 -1.726010394890714088e+05
-1.619580650538261980e+06 -5.571916182382777333e+04
3.640598489663377404e+06 5.934819783555320464e+04
8.900777629865011200e+06 1.744155574949340662e+05
1.416095677006664872e+07 2.894829171543150442e+05
1.942113591026828811e+07 4.045502768136960221e+05
1.742310891935406253e+07 3.770086596950984676e+05
4.220973141990303993e+06 1.217427391051406739e+05
-8.676262247209064662e+06 -1.295963673582581105e+05
-2.157349763640844077e+07 -3.809354738216571277e+05
-3.447073302560782433e+07 -6.322745802850560285e+05
-4.736796841480720043e+07 -8.836136867484550457e+05
-4.270988225510179251e+07 -8.242177109946772689e+05
-1.072399414578151703e+07 -2.662352053199736401e+05
2.055160090833492577e+07 2.832432686764779501e+05
5.182719596245133877e+07 8.327217426729290746e+05
8.310279101656776667e+07 1.382200216669380665e+06
1.143783860706842095e+08 1.931678690665832488e+06
1.035705782601523995e+08 1.803494227023223415e+06
2.674378493514919281e+07 5.827352824109541252e+05
-4.843514761016464233e+07 -6.195942022711941972e+05
-1.236140801554785669e+08 -1.821923686953343451e+06
-1.987930127007924318e+08 -3.024253171635492705e+06
-2.739719452461063266e+08 -4.226582656317641027e+06
-2.489967449624878764e+08 -3.949746912911263295e+06
-6.576025662368595600e+07 -1.276615332511920482e+06
1.136667128552042246e+08 1.356549276095587760e+06
2.930936823340944052e+08 3.989713884703095071e+06
4.725206518129846454e+08 6.622878493310604244e+06
6.519476212918748856e+08 9.256043101918112487e+06
5.944329193553504944e+08 8.657748776863433421e+06
1.599278009603419304e+08 2.799182457283176482e+06
-2.657971577845604420e+08 -2.972650060625776649e+06
-6.915221165294632912e+08 -8.744482578534733504e+06
-1.117247075274365902e+09 -1.451631509644368850e+07
-1.542972034019268513e+09 -2.028814761435264349e+07
-1.410915888615039587e+09 -1.899421690857908502e+07
-3.855414498369703293e+08 -6.143053065249055624e+06
6.196494800622248650e+08 6.519758207137003541e+06
1.624840409961420059e+09 1.918256947952305898e+07
2.630031339860615730e+09 3.184538075190911815e+07
3.635222269759810925e+09 4.450819202429517359e+07
3.332793011527472496e+09 4.170787014006609470e+07
9.228325320482292175e+08 1.349331729700551927e+07
-1.440836234112977982e+09 -1.431192946303853393e+07
-3.804505000274184227e+09 -4.211717622308260202e+07
-6.168173766435390472e+09 -6.992242298312667012e+07
-8.531842532596595764e+09 -9.772766974317073822e+07
-7.840772879988952637e+09 -9.166305821311111748e+07
-2.195974746325897217e+09 -2.966430012412199378e+07
3.342861571591316223e+09 3.144440535128542781e+07
8.881697889508527756e+09 9.255311082669281960e+07
1.442053420742574120e+10 1.536618163021002412e+08
1.995937052534295654e+10 2.147705217775076628e+08
1.838329336224034119e+10 2.016275576129165888e+08
5.200103551588920593e+09 6.527244614951670170e+07
-7.740959052455215454e+09 -6.914592559242767096e+07
-2.068202165649935913e+10 -2.035642973343721032e+08
-3.362308426054350281e+10 -3.379826690763164759e+08
-4.656414686458764648e+10 -4.724010408182608485e+08
-4.297577631509306335e+10 -4.438989924478281736e+08
-1.226356990325221252e+10 -1.437492482289624214e+08
1.789620421446578979e+10 1.521834134029231071e+08
4.805597833218377686e+10 4.481160750348085165e+08
7.821575244990176392e+10 7.440487366666939259e+08
1.083755265676197662e+11 1.039981398298579454e+09
1.002177317002437592e+11 9.781301825546299219e+08
2.882152703181616211e+10 3.168550917192096710e+08
-4.131593672236541748e+10 -3.352316966505432129e+08
-1.114534004765469971e+11 -9.873184850202965736e+08
-1.815908642307285767e+11 -1.639405273390049934e+09
-2.517283279849101562e+11 -2.291492061759803295e+09
-2.332065313314851379e+11 -2.157182564244247913e+09
-6.753634801708447266e+10 -6.990282351366548538e+08
9.526909358900280762e+10 7.390934743595113754e+08
2.580745351950899048e+11 2.177215183855675697e+09
4.208799768011771240e+11 3.615336893351840973e+09
5.836854184072642822e+11 5.053458602848006248e+09
5.416807966251528320e+11 4.761616257966548920e+09
1.578576729880842285e+11 1.543501908267902374e+09
-2.194523533724370117e+11 -1.630908930376462936e+09
-5.967623797329586182e+11 -4.805319769020829201e+09
-9.740724060934801025e+11 -7.979730607665194511e+09
-1.351382432454001465e+12 -1.115414144630955887e+10
-1.256217975594691406e+12 -1.051958589838766479e+10
-3.681783708473266602e+11 -3.411124376398178101e+09
5.050668716036523438e+11 3.601932889193599701e+09
1.378312114054630859e+12 1.061499015478537369e+10
2.251557356505610352e+12 1.762804742037715149e+10
3.124802598956588867e+12 2.464110468596892929e+10
2.909391091662713867e+12 2.326050658373768616e+10
8.571330064793339844e+11 7.545106570421897888e+09
-1.161546777013849609e+12 -7.961897818736541748e+09
-3.180226560507034180e+12 -2.346890220789500427e+10
-5.198906344000218750e+12 -3.897590659705345154e+10
-7.217586127493402344e+12 -5.448291098621191406e+10
-6.730365299070982422e+12 -5.147726672659523773e+10
-1.992274192128093750e+12 -1.670360261997238159e+10
2.669658714122986328e+12 1.761457519775776672e+10
7.331591620374062500e+12 5.193275301548791504e+10
1.199352452662514062e+13 8.625093083321807861e+10
1.665545743287621875e+13 1.205691086509482422e+11
1.555420580213150781e+13 1.140215890718926697e+11
4.624435551381250000e+12 3.701104762293975830e+10
-6.132708386217515625e+12 -3.900334509165533447e+10
-1.688985232381629297e+13 -1.150177378062504883e+11
-2.764699626141506641e+13 -1.910321305208455811e+11
-3.840414019901384375e+13 -2.670465232354407043e+11
-3.591650153233876562e+13 -2.527746478302911377e+11
-1.072165623810281250e+13 -8.207834202992016602e+10
1.408211191941268750e+13 8.643808985694055176e+10
3.888588007692817969e+13 2.549545217438012695e+11
6.368964823444367969e+13 4.234709536306620483e+11
8.849341639195918750e+13 5.919873855175228271e+11
8.287698852857343750e+13 5.608597438537141113e+11
2.483319180610556250e+13 1.821802324778066406e+11
-3.232505700871265625e+13 -1.917262634246691895e+11
-8.948330582353090625e+13 -5.656327593271452637e+11
-1.466415546383491562e+14 -9.395392552296213379e+11
-2.037998034531674062e+14 -1.313445751132097412e+12
-1.911252181363687188e+14 -1.245514741802348389e+12
-5.746926801251112500e+13 -4.047146461153129883e+11
7.418229420052937500e+13 4.256285150862524414e+11
2.058338564135698125e+14 1.255971676287817871e+12
3.374854186266103125e+14 2.086314837489383545e+12
4.691369808396507500e+14 2.916657998690949219e+12
4.405457154835420000e+14 2.768323507304449219e+12
1.329010912403110000e+14 8.998520218505937500e+11
-1.702083523402186250e+14 -9.456969830190390625e+11
-4.733177959207483750e+14 -2.791245987888671875e+12
-7.764272395012781250e+14 -4.636794992758304688e+12
-1.079536683081807875e+15 -6.482343997627937500e+12
-1.015063135058561500e+15 -6.158255358506202148e+12
-3.071581140528400000e+14 -2.002475878156148438e+12
3.904887108717890000e+14 2.103027694181322266e+12
1.088135535796417250e+15 6.208531266518789062e+12
1.785782360721046250e+15 1.031403483885625781e+13
2.483429185645675000e+15 1.441953841119372656e+13
2.338084768295887500e+15 1.371105745337553320e+13
7.095471348092150000e+14 4.460022260737398438e+12
-8.957936393961870000e+14 -4.680682708179621094e+12
-2.501134413601588500e+15 -1.382138767709664453e+13
-4.106475187806990500e+15 -2.296209264601366797e+13
-5.711815962012392000e+15 -3.210279761493069141e+13
-5.384247953189601000e+15 -3.055315991989705078e+13
-1.638425841656240000e+15 -9.942138589148812500e+12
2.054953537531144000e+15 1.042663469078256250e+13
5.748332916718526000e+15 3.079540797071392188e+13
9.441712295905912000e+15 5.116418125064529688e+13
1.313509167509329600e+16 7.153295453057665625e+13
1.239700621299620000e+16 6.814166844080093750e+13
3.782116811002424000e+15 2.218171750506196875e+13
-4.714235670360436000e+15 -2.324606145547196875e+13
-1.321058815172329200e+16 -6.867384041600593750e+13
-2.170694063308615200e+16 -1.141016193765398906e+14
-3.020329311444900800e+16 -1.595293983370738438e+14
-2.854054022637498400e+16 -1.521039046313348125e+14
-8.728476150190960000e+15 -4.953162964205056250e+13
1.081570394313890400e+16 5.187097344550600000e+13
3.035988403646876000e+16 1.532735765330625312e+14
4.990406412979862400e+16 2.546761796206190938e+14
6.944824422312848800e+16 3.560787827081756250e+14
6.570302880787337600e+16 3.398118007855073125e+14
2.014034256873968000e+16 1.106984839456183750e+14
-2.481703675917996800e+16 -1.158427165780531250e+14
-6.977441608709960000e+16 -3.423839171017247500e+14
-1.147317954150192320e+17 -5.689251176253962500e+14
-1.596891747429388800e+17 -7.954663181490677500e+14
-1.512545745604610560e+17 -7.598127366907122500e+14
-4.646725732174432000e+16 -2.476120975301575000e+14
5.695248902331142400e+16 2.589297269303172500e+14
1.603722353683672320e+17 7.654715513907922500e+14
2.637919817134230400e+17 1.272013375851267000e+15
3.672117280584788480e+17 1.778555200311741750e+15
3.482184498613210240e+17 1.700373102859365750e+15
1.072021234815166720e+17 5.543355057986850000e+14
-1.307247783090856960e+17 -5.792465627742250000e+14
-3.686516800996883200e+17 -1.712828631347135500e+15
-6.065785818902906880e+17 -2.846410699920046000e+15
-8.445054836808931840e+17 -3.979992768492956000e+15
-8.017402495768335360e+17 -3.808473649056480500e+15
-2.473193794334261760e+17 -1.242063238037256000e+15
3.001229306912545280e+17 1.296919194667064000e+15
8.475652408159354880e+17 3.835901627371384000e+15
1.395007550940616448e+18 6.374884060075704000e+15
1.942449861065297408e+18 8.913866492780024000e+15
1.846168157917833984e+18 8.537412834425138000e+15
5.705998584892098560e+17 2.785379769165168000e+15
-6.892061170930580480e+17 -2.906228787118252000e+15
-1.949012092675326464e+18 -8.597837343401680000e+15
-3.208818068257595392e+18 -1.428944589968510600e+16
-4.468624043839863296e+18 -1.998105445596852800e+16
-4.251871630819168768e+18 -1.915445228456052000e+16
-1.316565775856326656e+18 -6.251645565084936000e+15
1.583140449123958784e+18 6.517989291288744000e+15
4.482846674104243200e+18 1.928762414766242400e+16
7.382552899084528640e+18 3.205725900403610400e+16
1.028225912406481306e+19 4.482689386040978400e+16
9.794331383093958656e+18 4.301112981414203200e+16
3.038141324405854208e+18 1.404342458337668800e+16
-3.637650772358201344e+18 -1.463066195938465600e+16
-1.031344286912225690e+19 -4.330474850214601600e+16
-1.698923496588631245e+19 -7.197883504490736800e+16
-2.366502706265036800e+19 -1.006529215876687200e+17
-2.256672579356369306e+19 -9.666275112591961600e+16
-7.012028080150667264e+18 -3.157330018619875200e+16
8.361109136053256192e+18 3.286853389774764800e+16
2.373424635225717965e+19 9.731036798169401600e+16
3.910738356846110310e+19 1.617522020656404480e+17
5.448052078466501837e+19 2.261940361495868160e+17
5.200843351607298458e+19 2.174223431221177280e+17
1.618691607457696973e+19 7.104519856319219200e+16
-1.922460890275356672e+19 -7.390303018488627200e+16
-5.463613388008407040e+19 -2.188512589329646720e+17
-9.004765885741459046e+19 -3.637994876810432000e+17
-1.254591838347451105e+20 -5.087477164291216640e+17
-1.198952325215267062e+20 -4.894580144125436800e+17
-3.737513773981034086e+19 -1.599988332599854080e+17
4.421917452354342093e+19 1.663065096817103360e+17
1.258134867868971827e+20 4.926118526234060800e+17
2.074077990502509773e+20 8.189171955651019520e+17
2.890021113136047718e+20 1.145222538506797824e+18
2.764799330892799017e+20 1.102789193907172608e+18
8.632013936235865702e+19 3.606332435549265920e+17
-1.017492992897790771e+20 -3.745595523831889920e+17
-2.898187379419166147e+20 -1.109752348321303552e+18
-4.778881765940542833e+20 -1.844945144259418624e+18
-6.659576152461918863e+20 -2.580137940197533696e+18
-6.377768840024010260e+20 -2.486765763006223872e+18
-1.994176657542490358e+20 -8.135440804030402560e+17
2.342219271749063148e+20 8.442997616011089920e+17
6.678615201040612721e+20 2.502143603605257728e+18
1.101501113033216492e+21 4.159987445609406976e+18
1.535140705962371580e+21 5.817831287613555712e+18
1.471724802552538595e+21 5.612315954231431168e+18
4.608376854251448566e+20 1.836801989523206144e+18
-5.393940571876014162e+20 -1.904741979964413952e+18
-1.539625799800346640e+21 -5.646285949452032000e+18
-2.539857542413092913e+21 -9.387829918939654144e+18
-3.540089285025838662e+21 -1.312937388842727424e+19
-3.397392456801728856e+21 -1.267691961949470925e+19
-1.065307923689290858e+21 -4.150582449540169728e+18
1.242721907551478219e+21 4.300697296789639168e+18
3.550751738792245199e+21 1.275197704311944397e+19
5.858781570033013228e+21 2.120325678944924877e+19
8.166811401273782305e+21 2.965453653577905766e+19
7.845743982853457183e+21 2.865822509442840986e+19
2.463510437917653729e+21 9.386868526537736192e+18
-2.864423515972373053e+21 -9.718614869747867648e+18
-8.192357469862401933e+21 -2.882409826603347968e+19
-1.352029142375242872e+22 -4.792958166231907533e+19
-1.884822537764245760e+22 -6.703506505860468736e+19
-1.812589085633129375e+22 -6.484079173299567002e+19
-5.698943838858585833e+21 -2.124696705364112179e+19
6.605442090587800994e+21 2.198022743502264730e+19
1.890982802003418363e+22 6.520742192368644915e+19
3.121421394948056207e+22 1.084346164123502182e+20
4.351859987892693631e+22 1.516618109010139873e+20
4.189367238967927872e+22 1.468284906950621757e+20
1.318873490055651708e+22 4.813236576163214131e+19
-1.523959689425953856e+22 -4.975329470174265344e+19
-4.366792868907561098e+22 -1.476389551651174482e+20
-7.209626048389167500e+22 -2.455246156284922429e+20
-1.005245922787077390e+23 -3.434102760918670377e+20
-9.686969559163841649e+22 -3.327629040027156480e+20
-3.053431889816758885e+22 -1.091292228537780797e+20
3.517687203653388494e+22 1.127127131480323523e+20
1.008880629712354258e+23 3.345546491498427843e+20
1.665992539059369332e+23 5.563965851516532163e+20
2.323104448406384070e+23 7.782385211534636483e+20
2.240908115197665739e+23 7.547820502746278134e+20
7.072235834815707244e+22 2.476327290169490145e+20
-8.123777496928767653e+22 -2.555553044994696151e+20
-2.331979082867324926e+23 -7.587433380158885069e+20
-3.851580416041773087e+23 -1.261931371532306874e+21
-5.371181749216220576e+23 -1.765119405048725504e+21
-5.186359045210380897e+23 -1.713443742340614193e+21
-1.638759602605354836e+23 -5.623901297873120133e+20
1.877070181441147083e+23 5.799056984397641155e+20
5.392899965487647660e+23 1.722201526666840244e+21
8.908729749534148238e+23 2.864497354893916373e+21
1.242455953358065016e+24 4.006793183120992502e+21
1.200905903489001913e+24 3.892954315202517008e+21
3.799006096943247041e+23 1.278290436444299198e+21
-4.339393706366985799e+23 -1.317012440357380555e+21
-1.247779350967721864e+24 -3.912315317159058211e+21
-2.061619331298745148e+24 -6.507618193960735867e+21
-2.875459311629768432e+24 -9.102921070762413523e+21
-2.782072117769956881e+24 -8.852164573060912906e+21
-8.811032174284265761e+23 -2.907924540677494407e+21
1.003708887299951503e+24 2.993518508029782262e+21
2.888520992028330656e+24 8.894961556737058931e+21
4.773333096756708735e+24 1.479640460544433350e+22
6.658145201485086814e+24 2.069784765415160807e+22
6.448305783275279364e+24 2.014558628823122838e+22
2.044518846843891250e+24 6.620610050886564053e+21
-2.322846668719611407e+24 -6.809780807934249271e+21
-6.690212184283116212e+24 -2.024017166675507098e+22
-1.105757769984662102e+25 -3.367056252557588850e+22
-1.542494321541012797e+25 -4.710095338439670602e+22
-1.495358261423814599e+25 -4.588493780312084238e+22
-4.746441565347762301e+24 -1.508598634908062895e+22
5.378622299341613007e+24 1.550397218633325478e+22
1.550368616403098831e+25 4.609393072174715529e+22
2.562875002872035933e+25 7.668388925716105580e+22
3.575381389340973034e+25 1.072738477925749563e+23
3.469537377829495503e+25 1.045971219577042056e+23
1.102459643290655355e+25 3.440406654966017976e+22
-1.246128296727960130e+25 -3.532734808880924590e+22
-3.594716236746577332e+25 -1.050587627272787387e+23
-5.943304176765193675e+25 -1.747901773657481979e+23
-8.291892116783811737e+25 -2.445215920042176907e+23
-8.054315284412658062e+25 -2.386317470483635556e+23
-2.562001486778333720e+25 -7.852460460103111698e+22
2.888676830159880429e+25 8.056322676454447487e+22
8.339355147098096296e+25 2.396510581301201338e+23
1.379003346403631388e+26 3.987388894956958599e+23
1.924071178097452631e+26 5.578267208612715189e+23
1.870769363079199892e+26 5.448728310120131414e+23
5.956929787584747298e+25 1.793747017835162286e+23
-6.700122728820664889e+25 -1.838738522244923534e+23
-1.935717524522609082e+26 -5.471224062325012038e+23
-3.201422776163150988e+26 -9.103709602405099200e+23
-4.467128027803692894e+26 -1.273619514248518636e+24
-4.347604781584113371e+26 -1.245145436645730049e+24
-1.385785719101522930e+26 -4.100866443738520192e+23
1.554952413467174089e+26 4.200103133899674763e+23
4.495690546035871107e+26 1.250107271153787777e+24
7.436428678604568126e+26 2.080204228917608078e+24
1.037716681117326514e+27 2.910301186681428110e+24
1.010930904932679984e+27 2.847754552691646938e+24
3.225551803715170769e+26 9.383148821536901232e+23
-3.610811217294213843e+26 -9.601881529740745024e+23
-1.044717423830359296e+27 -2.858691188101838054e+24
-1.728353725931297482e+27 -4.757194223229603217e+24
-2.411990028032235669e+27 -6.655697258357367306e+24
-2.352002253147417230e+27 -6.518416771866552567e+24
-7.511902320181597821e+26 -2.148719256470907213e+24
8.389738871044641653e+26 2.196891924773461165e+24
2.429138006227087563e+27 6.542503106017827395e+24
4.019302125349712060e+27 1.088811428726219577e+25
5.609466244472336008e+27 1.523372546850656630e+25
5.475224136944264237e+27 1.493270008937168736e+25
1.750399770403060974e+27 4.924570820548877259e+24
-1.950520834530310659e+27 -5.030562572365583845e+24
-5.651441439463682292e+27 -1.498569596528004065e+25
-9.352362044397056124e+27 -2.494082935819450176e+25
-1.305328264933042776e+28 -3.489596275110895856e+25
-1.275313283529032844e+28 -3.423661045073089984e+25
-4.081024641435008003e+27 -1.129572960262950215e+25
4.537468390957702294e+27 1.152867736452442821e+25
1.315596142335040380e+28 3.435308433167835858e+25
2.177445445574310970e+28 5.717749129883229753e+25
3.039294748813581120e+28 8.000189826598623648e+25
2.972250625194678910e+28 7.855954042977783836e+25
9.520262333022090263e+27 2.593086034035486460e+25
-1.056184427240368091e+28 -2.644216661283038388e+25
-3.064395087782945208e+28 -7.881519356601558082e+25
-5.072605748325522325e+28 -1.311882205192008121e+26
-7.080816408868099442e+28 -1.835612474723860262e+26
-6.931227314493666176e+28 -1.804107514536737714e+26
-2.222180110978307990e+28 -5.957661900194648452e+25
2.459977754178385839e+28 6.069721530050271929e+25
7.142135619335076149e+28 1.809710496029518544e+26
1.182429348449176998e+29 3.012448839054010238e+26
1.650645134964846381e+29 4.215187182078501933e+26
1.617310858031604484e+29 4.146491318623428018e+26
5.189947911709293077e+28 1.369905534011721889e+26
-5.733105180001271404e+28 -1.394422011737230123e+26
-1.665615827171182885e+29 -4.158749557486180761e+26
-2.757921136342238981e+29 -6.923077103235132773e+26
-3.850226445513295077e+29 -9.687404648984086159e+26
-3.776051033426809167e+29 -9.537916702015215864e+26
-1.212837903662482291e+29 -3.152541258204836798e+26
1.336958368742242781e+29 3.206069876471977443e+26
3.886754641146967852e+29 9.564681011148791685e+26
6.436550913551690109e+29 1.592329214582560043e+27
8.986347185956415181e+29 2.228190328050241192e+27
8.821560749928900525e+29 2.195736730596461802e+27
2.835966027278381357e+29 7.260823552685816523e+26
-3.119729521514498366e+29 -7.377421317957269484e+26
-9.075425070307380903e+29 -2.201566618860034999e+27
-1.503112061910026062e+30 -3.665391105924342501e+27
-2.098681616789314035e+30 -5.129215592988650552e+27
-2.062140921646084105e+30 -5.058951817542847109e+27
-6.635293575944140953e+29 -1.673653252583058360e+27
7.284316930159542547e+29 1.698981292445506379e+27
2.120392743626323168e+30 5.071615837474072218e+27
3.512353794236691517e+30 8.444250382502635858e+27
4.904314844847059867e+30 1.181688492753120060e+28
4.823459087495156855e+30 1.166524629411560226e+28
1.553396608658033424e+30 3.860994139836978119e+27
-1.701904620405398110e+30 -3.915836722906759653e+27
-4.957205849468830770e+30 -1.169266758565049743e+28
-8.212507078532261178e+30 -1.946949844839422860e+28
-1.146780830759569271e+31 -2.724632931113796417e+28
-1.128932861764194496e+31 -2.692030246835821207e+28
-3.638897109344720879e+30 -8.914282814699529615e+27
3.978850997475666002e+30 9.032585497539275501e+27
1.159659910429604838e+31 2.697945380977808062e+28
1.921434721111642851e+31 4.492632212201688573e+28
2.683209531793680863e+31 6.287319043425569085e+28
2.643922392461196269e+31 6.217534030604788293e+28
8.529516793231876616e+30 2.059808472660133802e+28
-9.308028646883335589e+30 -2.085214214409724474e+28
-2.714557408699853879e+31 -6.230236901479584508e+28
-4.498311952711374199e+31 -1.037525958854944278e+29
-6.282066496722894518e+31 -1.452028227561930106e+29
-6.195867034939439519e+31 -1.437170127022804046e+29
-2.000544543822800863e+31 -4.763432278403823578e+28
2.178897263788935911e+31 4.817701901748202223e+28
6.358339071400672684e+31 1.439883608190023154e+29
1.053778087901240766e+32 2.397997026205225734e+29
1.471722268662414083e+32 3.356110444220427963e+29
1.452880563444464662e+32 3.324677532493633883e+29
4.695079902543523625e+31 1.102466576308345409e+29
-5.103829556524357913e+31 -1.113985112020745254e+29
-1.490273901559224305e+32 -3.330436800349834509e+29
-2.470164847466012459e+32 -5.546888488678923765e+29
-3.450055793372800253e+32 -7.763340177008013020e+29
-3.409052878433961478e+32 -7.697359587689875609e+29
-1.102580847994965714e+32 -2.553657853692062858e+29
1.196292093559152646e+32 2.577915204767851400e+29
3.495165035113272447e+32 7.709488263227768472e+29
5.794037976667392248e+32 1.284106132168768554e+30
8.092910918221512049e+32 1.797263438014760262e+30
8.004146795063015808e+32 1.783546702236711238e+30
2.590909486699282854e+32 5.919859322346366442e+29
-2.805828964552106128e+32 -5.970452025898369512e+29
-8.202567415803500875e+32 -1.786076337414311673e+30
-1.359930586705489274e+33 -2.975107472238785831e+30
-1.899604431830628460e+33 -4.164138607063259989e+30
-1.880508269422305294e+33 -4.135968519438654115e+30
-6.092140942505613759e+32 -1.373444217808907433e+30
6.585203783303996752e+32 1.383868128483528268e+30
1.926254850911361303e+33 4.141180474775965096e+30
3.193989323492322930e+33 6.898492821068400797e+30
4.461723796073285134e+33 9.655805167360837624e+30
4.420950872651278800e+33 9.598857776924635532e+30
1.433392195336089710e+33 3.189048962931802956e+30
-1.546544502872973664e+33 -3.210189555017951063e+30
-4.526481201082037038e+33 -9.609428072967709586e+30
-7.506417899291100411e+33 -1.600866659091746586e+31
-1.048635459750016379e+34 -2.240790510886722213e+31
-1.040010316018560909e+34 -2.229518341359623548e+31
-3.374729253384463782e+33 -7.410737576031650497e+30
3.634476477012163332e+33 7.452718033032500484e+30
1.064368220740879967e+34 2.231617364209666047e+31
1.765288793780543370e+34 3.717962925116082046e+31
2.466209366820206312e+34 5.204308486022497144e+31
2.448174322859879413e+34 5.182642705290266991e+31
7.950473433440041011e+33 1.723500170970616257e+31
-8.546898570939011960e+33 -1.731594965889559936e+31
-2.504427057531808338e+34 -5.186690102749737929e+31
-4.154164257969714557e+34 -8.641785239609917725e+31
-5.803901458407620777e+34 -1.209688037647009572e+32
-5.766747295717317211e+34 -1.205701453746064134e+32
-1.874254146000273187e+34 -4.011533654981851195e+31
2.011237900571972919e+34 4.026476036658578764e+31
5.896729947144217181e+34 1.206448572829900512e+32
9.782221993716461442e+34 2.010249541993943148e+32
1.366771404028870570e+35 2.814050511157986143e+32
1.359266127305081499e+35 2.807218155573404871e+32
4.421265785809239144e+34 9.344548607448171892e+31
-4.735953813514132514e+34 -9.370239096374529649e+31
-1.389317341283750417e+35 -2.808502680019722398e+32
-2.305039301216087583e+35 -4.679981450401993273e+32
-3.220761261148424749e+35 -6.551460220784263427e+32
-3.206004355853275555e+35 -6.541238396754269108e+32
-1.043634867002138642e+35 -2.178484923724411161e+32
1.115941580782343438e+35 2.182340674111768244e+32
3.275518028566823304e+35 6.543166271947947649e+32
5.435094476351305384e+35 1.090399186978412705e+33
7.594670924135786726e+35 1.526481746762030646e+33
7.566773922528764782e+35 1.525424773394042967e+33
2.465105176121455424e+35 5.082749434353624743e+32
-2.631275214526452559e+35 -5.086749054939991191e+32
-7.727655605174360543e+35 -1.525624754423360713e+33
-1.282403599582226705e+36 -2.542574603352722882e+33
-1.792041638647017356e+36 -3.559524452282085052e+33
-1.787085759865053969e+36 -3.560149117185792442e+33
-5.826507285131256201e+35 -1.186834933370676394e+33
6.208442850620084413e+35 1.186597811419852285e+33
1.824339298637142503e+36 3.560030556210379811e+33
3.027834312212276564e+36 5.933463301000908490e+33
4.231329325787410626e+36 8.306896045791437168e+33
4.223465176809381977e+36 8.315564383119421219e+33
1.378059912965495186e+36 2.773505220383312346e+33
-1.465856457143365648e+36 -2.770204368362966161e+33
-4.309772827252225301e+36 -8.313913957109246973e+33
-7.153689197361087315e+36 -1.385762354585552779e+34
-9.997605567469948149e+36 -1.940133313460180860e+34
-9.988084023488723687e+36 -1.943842140721359412e+34
-3.261488269571349303e+36 -6.486557470090253229e+33
3.463325045538993971e+36 6.472390134718818743e+33
1.018813836064933252e+37 1.943133773952787227e+34
1.691295167575967580e+37 3.239028534433693502e+34
2.363776499087001907e+37 4.534923294914599777e+34
2.363665512894579600e+37 4.547529765218750304e+34
7.724179570277341899e+36 1.518258560963400041e+34
-8.188206527703966991e+36 -1.513427949182433496e+34
-2.410059262568527588e+37 -4.545114459328267954e+34
-4.001297872366657060e+37 -7.576800969474100568e+34
-5.592536482164787477e+37 -1.060848747961993410e+35
-5.597333556431068293e+37 -1.064718933735142560e+35
-1.830537293972830723e+37 -3.556501234205761102e+34
1.937218854061543120e+37 3.541624990695186841e+34
5.704975002095918853e+37 1.063975121559613847e+35
9.472731150130292696e+37 1.773787744049708642e+35
1.324048729816466654e+38 2.483600366539803436e+35
1.326381430599425258e+38 2.494817884786446319e+35
4.341055088322364654e+37 8.337685650386910171e+34
-4.586311590423214326e+37 -8.294433581522734414e+34
-1.351367826916878953e+38 -2.492655281343237900e+35
-2.244104494791436473e+38 -4.155867204534201620e+35
-3.136841162665993615e+38 -5.819079127725166079e+35
-3.145201355763873195e+38 -5.850415910049676911e+35
-1.030156686847573977e+38 -1.956198725173606501e+35
1.086535631089177385e+38 1.944078548192845757e+35
3.203227949025928748e+38 5.844355821559299491e+35
5.319920266962680110e+38 9.744633094925750273e+35
7.436612584899429961e+38 1.364491036829220253e+36
7.463145644166033617e+38 1.373024327919582918e+36
2.446263785491436816e+38 4.593300939667512146e+35
-2.575849471101852247e+38 -4.560194579796375940e+35
-7.597962727695141311e+38 -1.371369009926026107e+36
-1.262007598428842886e+39 -2.286718561872414621e+36
-1.764218924088171642e+39 -3.202068113818803430e+36
-1.772105010308106552e+39 -3.224875101877474157e+36
-5.812942123739781431e+38 -1.079396180281534179e+36
6.110737031778101331e+38 1.070520554303449379e+36
1.803441618729598409e+39 3.220437288888432938e+36
2.995809534281386081e+39 5.370354023473414135e+36
4.188177449833173753e+39 7.520270758058397693e+36
4.210674432949634352e+39 7.580368545033373665e+36
1.382235652672155994e+39 2.538519342632226643e+36
-1.450653889014047941e+39 -2.515059687390022467e+36
-4.283543430700251877e+39 -7.568638717412271577e+36
-7.116432972386454604e+39 -1.262221774743452069e+37
-9.949322514072657331e+39 -1.767579677745676980e+37
-1.001172968965475028e+40 -1.783241146758750308e+37
-3.288987280057757219e+39 -5.974798674427353380e+36
3.446129378701873011e+39 5.913475637297647101e+36
1.018124603746150566e+40 1.780174994902265231e+37
1.691636269622113589e+40 2.969002426074764806e+37
2.365147935498076854e+40 4.157829857247265327e+37
2.382112944883783636e+40 4.198283351189262205e+37
7.831354950131113543e+39 1.407371819083384096e+37
-8.192139649701209459e+39 -1.391483748376122152e+37
-2.421563424953353246e+40 -4.190339315835631233e+37
-4.023912884936586030e+40 -6.989194883295139370e+37
-5.626262344919818814e+40 -9.788050450754648451e+37
-5.671682035778358489e+40 -9.891790557794303020e+37
-1.865979222974516536e+40 -3.317697442854909415e+37
1.948774222107556267e+40 3.276829595674623413e+37
5.763527667189629071e+40 9.871356634204160019e+37
9.578281112271699941e+40 1.646588367273369285e+38
1.339303455735377468e+41 2.306041071126322945e+38
1.351319919068640607e+41 2.332486588376010774e+38
4.449102580614032023e+40 7.827203704975221281e+37
-4.639001423848352757e+40 -7.722706884198176321e+37
-1.372710542831074141e+41 -2.327261747337158148e+38
-2.281520943277313005e+41 -3.882252806254498664e+38
-3.190331343723551870e+41 -5.437243865171839935e+38
-3.221823284093616643e+41 -5.504324866870891151e+38
-1.061534872976909760e+41 -1.848068246956560213e+38
1.105062020966195131e+41 1.821481664290700554e+38
3.271658914909300796e+41 5.491031575537961321e+38
5.438255808852406462e+41 9.160581486785222089e+38
7.604852702795511353e+41 1.283013139803248286e+39
7.686752900011177869e+41 1.299957651127113147e+39
2.534503107157790153e+41 4.366872012625821704e+38
-2.634197386321317435e+41 -4.299512328221597261e+38
-7.802897879800425023e+41 -1.296589666906901623e+39
-1.297159837327953261e+42 -2.163228100991643519e+39
-1.814029886675864020e+42 -3.029866535076385416e+39
-1.835194930916301097e+42 -3.072516178677430754e+39
-6.055479846073337005e+41 -1.032674830789610237e+39
6.283618576777034698e+41 1.015669288328676126e+39
1.862271699962741259e+42 3.064013407446963698e+39
3.096181542247778429e+42 5.112357526565251271e+39
4.330091384532815599e+42 7.160701645683537634e+39
4.384498677756419962e+42 7.267726322608534749e+39
1.447777769697512797e+42 2.443976200926355276e+39
-1.499931618303636721e+42 -2.401174680812671114e+39
-4.447641006304786239e+42 -7.246325562551695086e+39
-7.395350394305934519e+42 -1.209147644429071664e+40
-1.034305978230708280e+43 -1.693662732602974061e+40
-1.048229822698238419e+43 -1.720449581019477725e+40
-3.463803598330654353e+42 -5.788555300310980598e+39
3.582890505412266518e+42 5.681108573152202623e+39
1.062958460915518739e+43 1.715077244661539068e+40
1.767627871289810331e+43 2.862043632007856907e+40
2.472297281664102418e+43 4.009010019354175712e+40
2.507796242946961610e+43 4.075903748672253971e+40
8.292834803764263955e+42 1.372090689824000706e+40
-8.564387543336999391e+42 -1.345178475957502586e+40
-2.542160989043826274e+43 -4.062447641739002977e+40
-4.227883223753953599e+43 -6.779716807520506268e+40
-5.913605458464080924e+43 -9.496985973302008593e+40
-6.003817373935965003e+43 -9.663713854466048820e+40
-1.986788019779754636e+43 -3.254876005456988988e+40
2.048613523282741352e+43 3.187599897520380761e+40
6.084015066345233379e+43 9.630075800497742773e+40
1.011941660940772739e+44 1.607255170347511059e+41
1.415481815247022338e+44 2.251502760645247840e+41
1.438343090124442601e+44 2.292988963628539259e+41
4.763203717282850070e+43 7.727244693226575569e+40
-4.903711841643461901e+43 -7.559348397630339929e+40
-1.457062740056978576e+44 -2.284594148848727090e+41
-2.423754295949610961e+44 -3.813253457934419414e+41
-3.390445851842242950e+44 -5.341912767020112511e+41
-3.448240790307750709e+44 -5.444991627206468206e+41
-1.142736782462201534e+44 -1.835917034059410512e+41
1.174603382608799438e+44 1.794077384078232380e+41
3.491943547679802787e+44 5.424071802215878366e+41
5.809283712750805344e+44 9.054066220353522805e+41
8.126623877821807109e+44 1.268406063849116879e+42
8.272428446532105243e+44 1.293985491825488816e+42
2.743424329302417815e+44 4.365351247907832285e+41
-2.815523475107720129e+44 -4.261218697595426489e+41
-8.374471279517858073e+44 -1.288778864309868836e+42
-1.393341908392799602e+45 -2.151435858860194404e+42
-1.949236688833813079e+45 -3.014092853410520281e+42
-1.985953347734633098e+45 -3.077500464609467807e+42
-6.590824936449157512e+44 -1.038777847795771884e+42
6.753499064245124404e+44 1.012889128610539987e+42
2.009782306493939998e+45 3.064556105016853097e+42
3.344214706563367556e+45 5.116223081423164349e+42
4.678647106632795114e+45 7.167890057829475601e+42
4.770961196398708911e+45 7.324921382537421754e+42
1.584480295264016347e+45 2.473791517021339196e+42
-1.621065235035752527e+45 -2.409489404670276132e+42
-4.826610765335518865e+45 -7.292770326361891460e+42
-8.032156295635285204e+45 -1.217605124805350679e+43
-1.123770182593505154e+46 -1.705933216974511964e+43
-1.146948084114728861e+46 -1.744791436149958630e+43
-3.811837972747820235e+45 -5.895763189929413770e+42
3.893805496846143006e+45 5.736179717736980397e+42
1.159944896644009611e+46 1.736812262540336961e+43
1.930509243603405428e+46 2.900006553306976378e+43
2.701073590562801245e+46 4.063200844073615300e+43
2.759198015417981279e+46 4.159291698476836034e+43
9.176620561080266137e+45 1.406219366506379910e+43
-9.359448792787827817e+45 -1.366641765811511439e+43
-2.789551814665590149e+46 -4.139502898129400808e+43
-4.643158750052399544e+46 -6.912364030447291167e+43
-6.496765685439207925e+46 -9.685225162765181526e+43
-6.642375060516601334e+46 -9.922706283517144280e+43
-2.210711570230015448e+46 -3.356617205093971663e+43
2.251275671478340404e+46 3.258520317250788549e+43
6.713262913186700314e+46 9.873657839595552723e+43
1.117525015489506022e+47 1.648879536194031690e+44
1.563723739660341810e+47 2.310393288428507711e+44
1.600167721448609857e+47 2.369056323623531765e+44
5.329452046704139536e+46 8.018365460412674492e+43
-5.418880677956459001e+46 -7.775343363744193377e+43
-1.616721340261705754e+47 -2.356905218790107709e+44
-2.691554612727765607e+47 -3.936276101205795288e+44
-3.766387885193825461e+47 -5.515646983621482867e+44
-3.857530407270790432e+47 -5.660499074770805609e+44
-1.285684421580096436e+47 -1.916923391964363224e+44
1.305248213454651674e+47 1.856742657882840515e+44
3.896180848489399784e+47 5.630408707730044255e+44
6.487113483524147083e+47 9.404074757577246409e+44
9.078046118558894382e+47 1.317774080742445015e+45
9.305829553659318698e+47 1.353529560401957983e+45
3.103757064482553674e+47 4.586254383530184752e+44
-3.146149309677326424e+47 -4.437276019149535134e+44
-9.396055683837206522e+47 -1.346080642182925819e+45
-1.564596205799708986e+48 -2.248433682450897808e+45
-2.189586843215696672e+48 -3.150786722718870113e+45
-2.246481472274740594e+48 -3.239023107049280957e+45
-7.497953306045382643e+47 -1.098109346343867644e+45
7.588716628092562043e+47 1.061239391688985482e+45
2.267538656223051322e+48 3.220588129721839876e+45
3.776205649636845791e+48 5.379936867754693636e+45
5.284872643050640259e+48 7.539285605787547396e+45
5.426911215922940993e+48 7.756989878986592272e+45
1.812589892210962585e+48 2.631277760493227322e+45
-1.831724683992888025e+48 -2.540048825497835038e+45
-5.476039260196733441e+48 -7.711375411488894862e+45
-9.120353836400582752e+48 -1.288270199747995722e+46
-1.276466841260443206e+49 -1.805402858347101705e+46
-1.311912361340851294e+49 -1.859109108072061119e+46
-4.384886091307927083e+48 -6.309879356187542557e+45
4.424406027305529737e+48 6.084181364292864903e+45
1.323369814591898656e+49 1.847824208477327236e+46
2.204299026453244857e+49 3.087230280525367982e+46
3.085228238314590539e+49 4.326636352573408728e+46
3.173651655163392742e+49 4.459114315650739841e+46
1.061497884461766259e+49 1.514287247452706053e+46
-1.069430874320375603e+49 -1.458455629647786498e+46
-3.200359633102516426e+49 -4.431198506748279049e+46
-5.331288391884657250e+49 -7.403941383848772614e+46
-7.462217150666798073e+49 -1.037668426094926415e+47
-7.682739252603760291e+49 -1.070345548762341414e+47
-2.571473824977248051e+49 -3.636871184165238526e+46
2.586744092083174934e+49 3.498765807583705586e+46
7.744962009143604150e+49 1.063440279933264970e+47
1.290317992620402921e+50 1.777003979108159381e+47
1.806139784326445635e+50 2.490567678283053387e+47
1.861124417157431090e+50 2.571169347357044371e+47
6.233720590898286531e+49 8.741372232644000454e+46
-6.261195281294722267e+49 -8.399756749736298056e+46
-1.875611115348774353e+50 -2.554088573211659657e+47
-3.125102702568075648e+50 -4.268201471449688696e+47
-4.374594289787377359e+50 -5.982314369687718547e+47
-4.511669262623088592e+50 -6.181135029520397221e+47
-1.512219681061880162e+50 -2.102630443578977272e+47
1.516575686453881689e+50 2.018126242767953668e+47
4.545371053969643541e+50 6.138882929114886230e+47
7.574166421485403731e+50 1.025963961546181879e+48
1.060296178900116558e+51 1.438039630180874973e+48
1.094464522221785704e+51 1.487086586424088283e+48
3.671003832524951125e+50 5.061479931559617779e+47
-3.675987259558706118e+50 -4.852430644600975102e+47
-1.102297835164236668e+51 -1.476634122076156474e+48
-1.836996944372602393e+51 -2.468025179692215437e+48
-2.571696053580968117e+51 -3.459416237308274076e+48
-2.656860457629753647e+51 -3.580423179435382425e+48
-8.917790111491919946e+50 -1.219334680412148675e+48
8.916347327473898727e+50 1.167614105878107140e+48
2.675048476643973734e+51 3.554562892168362956e+48
4.458462220540555601e+51 5.941511678458616175e+48
6.241875964437138133e+51 8.328460464748871991e+48
6.454141108903036798e+51 8.627046630449927850e+48
2.167864633239912100e+51 2.939671275613825695e+48
-2.164228064572309874e+51 -2.811693144686124474e+48
-6.496320762384529189e+51 -8.563057564986074644e+48
-1.082841346019675116e+52 -1.431442198528603001e+49
-1.516050615800897314e+52 -2.006578640558598017e+49
-1.568956281429768228e+52 -2.080267654292040687e+49
-5.273629527740465378e+51 -7.092586602740424590e+48
5.256808115370587366e+51 6.775864425873178261e+48
1.578724575848163479e+52 2.064431545448678111e+49
2.631768340159268754e+52 3.451276648310038915e+49
3.684812104470374028e+52 4.838121751171398681e+49
3.816681457389069876e+52 5.020016877880335549e+49
1.283777165356893101e+52 1.712537787665929747e+49
-1.277745196953946300e+52 -1.634140130920958542e+49
-3.839267559264786765e+52 -4.980818049507849946e+49
-6.400789921575627230e+52 -8.327495968094741350e+49
-8.962312283886466631e+52 -1.167417388668162964e+50
-9.291026049852347519e+52 -1.212326598120097600e+50
-3.127319606118331538e+52 -4.138137507418704318e+49
3.107916864785980287e+52 3.944039813381942193e+49
9.343153335690294238e+52 1.202621713418259286e+50
1.557838980659461032e+53 2.010839445498324352e+50
2.181362627749892427e+53 2.819057177578389003e+50
2.263310433672040281e+53 2.929963372004843980e+50
7.623554177702680267e+52 1.000687590778946987e+50
-7.564800801425756577e+52 -9.526213238909489997e+49
-2.275315578055419342e+53 -2.905930238560845817e+50
-3.794151075968262176e+53 -4.859239153230741804e+50
-5.312986573881105860e+53 -6.812548067900637791e+50
