4.000000000000000000e+00 4.000000000000000000e+00
2.373333333333333073e+00 4.373333333333337691e+01
7.466666666666661456e-01 8.346666666666669698e+01
-8.800000000000007816e-01 1.232000000000000171e+02
-2.506666666666666821e+00 1.629333333333333371e+02
-4.133333333333332860e+00 2.026666666666666856e+02
-5.759999999999999787e+00 2.424000000000000341e+02
-1.991858123575405770e+01 2.604540417883880536e+02
-9.426161006321683544e+01 2.425154890678524566e+02
-1.734841392375519717e+02 2.263425415467979462e+02
-2.474848823075659823e+02 2.112404092979839731e+02
-3.107744694135284931e+02 1.971408418481555032e+02
-3.648583462809204434e+02 1.839061233886690161e+02
-4.099688111147367522e+02 1.716434752735964651e+02
-4.477914405163332958e+02 1.600988116497003659e+02
-4.786011564568522658e+02 1.493590011984066450e+02
-5.033863461020951036e+02 1.392992668518310211e+02
-5.226009164155102553e+02 1.299456573726783688e+02
-5.368444937189425445e+02 1.212769198658376268e+02
-5.468334733616011363e+02 1.131877867268232052e+02
-5.531127702620474338e+02 1.056204708438050375e+02
-5.561074347122643076e+02 9.856729993325082262e+01
-5.562403090264755292e+02 9.197555998533569266e+01
-5.538707750428162626e+02 8.583257239385680748e+01
-5.493306972749543320e+02 8.008681591441451530e+01
-5.429043803192322457e+02 7.470564575907025073e+01
-5.348480615314167608e+02 6.966623277781062029e+01
-5.253935795228936740e+02 6.495057468063342299e+01
-5.148510060079096320e+02 6.059049921078607781e+01
-5.033234402086921477e+02 5.651396119748517322e+01
-4.910840429263128613e+02 5.273697956997886394e+01
-4.782061852224836116e+02 4.920663093075371819e+01
-4.647984182991535818e+02 4.589861417191548298e+01
-4.511217077203552890e+02 4.283362208138780147e+01
-4.369631558732017425e+02 3.992155150876007497e+01
-4.226916391025318944e+02 3.721366135014199727e+01
-4.083964346734256878e+02 3.469766485785834220e+01
-3.941456665336519904e+02 3.236017594825756305e+01
-3.800062417363968734e+02 3.018832884125694349e+01
-3.660346204991538457e+02 2.816997545874742670e+01
-3.519976639479806977e+02 2.625324212102896482e+01
-3.382415417691768198e+02 2.447420865384918542e+01
-3.248082679556277412e+02 2.282497598598084210e+01
-3.117181214797379312e+02 2.129594350916327627e+01
-2.987351208205820399e+02 1.984784221527071679e+01
-2.861545621652016393e+02 1.850615267114608287e+01
-2.739927630404586125e+02 1.726394657816738487e+01
-2.620167810063286993e+02 1.608951118575101802e+01
-2.504854228038688575e+02 1.500267531698987078e+01
-2.394021344281088375e+02 1.399736879402378698e+01
-2.285469326670384760e+02 1.304779261916244870e+01
-2.181441230079764182e+02 1.216949728825680488e+01
-2.081862804369654896e+02 1.135712699805255710e+01
-1.983884422927131368e+02 1.058317645367486115e+01
-1.891486978430258716e+02 9.876573909983756394e+00
-1.801070995704352242e+02 9.205769984342788703e+00
-1.714783277787618943e+02 8.584634980630553969e+00
-1.632642204819312042e+02 8.010429907197250898e+00
-1.553668999426411403e+02 7.473783926746182971e+00
-1.478238868454146768e+02 6.975078216637149886e+00
-1.404509078777834929e+02 6.500102705596801478e+00
-1.334576718322047952e+02 6.061202914326175417e+00
-1.267613149764091389e+02 5.651468209318443847e+00
-1.203950916890977254e+02 5.271586886527943605e+00
-1.142428808041057096e+02 4.913161172871190807e+00
-1.084273580439534328e+02 4.582337220792269683e+00
-1.028304907189233575e+02 4.271168097603267988e+00
-9.755106268293312155e+01 3.984292257283978955e+00
-9.247780918283335438e+01 3.714596595318824246e+00
-8.769726578226196523e+01 3.465956709126367219e+00
-8.310677649718192583e+01 3.232144046682229988e+00
-7.878287141894790579e+01 3.016456525964739566e+00
-7.453606532536920781e+01 2.808708347957280527e+00
-7.057606571203649537e+01 2.618855944178135164e+00
-6.683359854418603163e+01 2.442938236264535767e+00
-6.323812364856006241e+01 2.277131597211174530e+00
-5.985921366076313177e+01 2.124236347470259911e+00
-5.662589841370940036e+01 1.980577834824231998e+00
-5.359165156420682052e+01 1.848208603074274148e+00
-5.070241104143111954e+01 1.724371380568420653e+00
-4.791828831126473176e+01 1.607061289888910727e+00
-4.530312544015256293e+01 1.498745605909654444e+00
-4.280476761743534553e+01 1.396985603412265409e+00
-4.046541771417826538e+01 1.303295247668426082e+00
-3.823397694670988756e+01 1.215366325384905410e+00
-3.610645508551280614e+01 1.132858272315083514e+00
-3.411737651829344031e+01 1.056940209980698375e+00
-3.222223747878224032e+01 9.857197097617029780e-01
-3.041706602015842620e+01 9.189038851584897527e-01
-2.873051553190826013e+01 8.574211973995919944e-01
-2.713161497929877797e+01 7.999928625873088395e-01
-2.559724966563686976e+01 7.456693946014899543e-01
-2.416102506865580324e+01 6.955506615487904165e-01
-2.279343021932526270e+01 6.484955752183613198e-01
-2.151642536234950498e+01 6.051779069191681737e-01
-2.029524093241493077e+01 5.643150574566930811e-01
-1.914464802140163968e+01 5.263357677972794191e-01
-1.804577336869901671e+01 4.905408755096931084e-01
-1.701994139730181033e+01 4.575711746156878035e-01
-1.604528273478560152e+01 4.266528398833615010e-01
-1.511995839764318106e+01 3.976757066227084580e-01
-1.425825537023260203e+01 3.710378747396295140e-01
-1.344582163236243844e+01 3.462394629235389099e-01
-1.266505328388978491e+01 3.226967928967849897e-01
-1.192937110320390914e+01 3.007829838221350305e-01
-1.124168195648774571e+01 2.805485118479998374e-01
-1.058821188725876894e+01 2.615504432788874345e-01
-9.979654005496364277e+00 2.440699218656170733e-01
-9.400884030587128848e+00 2.276371075227597851e-01
-8.857480429830918212e+00 2.123864845060945139e-01
-8.339887778810179952e+00 1.980228702639454386e-01
-7.857612335352036403e+00 1.847911117894255884e-01
-7.396988707027048804e+00 1.722917952256017848e-01
-6.964172705974713828e+00 1.606763896986435347e-01
-6.560201445055350966e+00 -3.325860036395023656e+01
-6.178810939448036166e+00 -9.685353865955427466e+01
-1.401590822278230009e-01 -1.526797971813108177e+02
2.198824999341072939e+01 -1.499742553681881247e+02
6.295638598088101645e+01 -1.399753882947447323e+02
1.102118821354901428e+02 -1.306433509530958759e+02
1.521759600472268517e+02 -1.219298444234274825e+02
1.880771994518522661e+02 -1.137926590431885785e+02
2.186587951017068576e+02 -1.061651147785064069e+02
2.442012421282586558e+02 -9.907579369056539065e+01
2.653916544127314410e+02 -9.244921502867224206e+01
2.826006658174823656e+02 -8.628260095034728749e+01
2.963368041849583960e+02 -8.052437007724357443e+01
3.070545064294637996e+02 -7.511892833772644451e+01
3.149857305008956132e+02 -7.008899005698800977e+01
3.204888534547447989e+02 -6.538941127552739374e+01
3.238202840764591315e+02 -6.102024843445928326e+01
3.252748502021260606e+02 -5.693763312245020813e+01
3.250827484914302090e+02 -5.313402231819403454e+01
3.234627489920324024e+02 -4.957240322954201872e+01
3.206094376214113026e+02 -4.626422765274348592e+01
3.166920161241766891e+02 -4.317516874213497857e+01
3.118562162821824018e+02 -4.028424403243082708e+01
3.062362056061531348e+02 -3.757765529992852294e+01
2.999524030952761677e+02 -3.504505555491132895e+01
2.931155729740277707e+02 -3.267757705423824177e+01
2.858280546440641388e+02 -3.046685828831352438e+01
2.781838235099538679e+02 -2.840463361405060638e+01
2.702682558428754760e+02 -2.648262032057131421e+01
2.621579832480827008e+02 -2.469254718926509184e+01
2.539209697355749711e+02 -2.302623751522896711e+01
2.456168169990186243e+02 -2.147570146003602076e+01
2.372972486912543388e+02 -2.003321690251592102e+01
2.290067104414192158e+02 -1.869139124869305491e+01
2.207831837719581358e+02 -1.744320340382594736e+01
2.124921879487998808e+02 -1.625672484728166722e+01
2.043427807316876113e+02 -1.515484701600362172e+01
1.963635511793286241e+02 -1.413294162099577456e+01
1.885697622319827644e+02 -1.318524924864884085e+01
1.808233014644139018e+02 -1.228749108977783422e+01
1.733029936183671680e+02 -1.145560338337466533e+01
1.660210881311830633e+02 -1.068538606649585887e+01
1.589788041715543727e+02 -9.971891852367415154e+00
1.520848930737424212e+02 -9.301067107009600932e+00
1.454042965393433349e+02 -8.675790658499495933e+00
1.389635708587452427e+02 -8.095202053262420705e+00
1.326448722282959238e+02 -7.545546561758048831e+00
1.265872377456646802e+02 -7.036783075032635004e+00
1.207902166926877214e+02 -6.566250234279476850e+00
1.151362280235717037e+02 -6.121969552350927657e+00
1.097389119769656958e+02 -5.711156982664409298e+00
1.044914372883901308e+02 -5.323666368113256553e+00
9.949540422220302105e+01 -4.965682347888035864e+00
9.465103997828269655e+01 -4.628379673383327564e+00
9.004946964033122470e+01 -4.316984869102348021e+00
8.559758933578689266e+01 -4.023796944470368508e+00
8.137699836871917114e+01 -3.753249816909830283e+00
7.730112506360802627e+01 -3.498627104288091871e+00
7.344317575386691033e+01 -3.263719352405400453e+00
6.972298187910647016e+01 -3.042675819618775535e+00
6.620638237253575653e+01 -2.838759930011491406e+00
6.281941282445895780e+01 -2.646879786648841826e+00
5.962141045787863192e+01 -2.469860030155726971e+00
5.654434966028256326e+01 -2.303271596682384903e+00
5.364120275691218609e+01 -2.149536922441333875e+00
5.081688056985363033e+01 -2.003072179777324546e+00
4.812467016640275119e+01 -1.866349915266087622e+00
4.558127347867852563e+01 -1.739841354911367821e+00
4.318576035760495557e+01 -1.623126826650169496e+00
4.088798352836927563e+01 -1.513368585215611573e+00
3.872769639616320347e+01 -1.412184223322237031e+00
3.667434599395176775e+01 -1.317817164719395029e+00
3.469299699965278450e+01 -1.228410488067704476e+00
3.281371223984675822e+01 -1.145138160780124537e+00
3.104394324971023877e+01 -1.068128542666856307e+00
2.934907968201548201e+01 -9.956672753814952426e-01
2.775963557649685143e+01 -9.289002723741488499e-01
2.624143718489017374e+01 -8.662002787612692600e-01
2.479229347659360272e+01 -8.073427234954954068e-01
2.343621021176460317e+01 -7.531771661336044144e-01
2.214310692001031811e+01 -7.023582970822974669e-01
2.091045904620722951e+01 -6.546801494610834382e-01
1.975813192222024028e+01 -6.108126545197972712e-01
1.866029637627366355e+01 -5.696605348503678279e-01
1.761462180927999555e+01 -5.310535489716625701e-01
1.663768296435199190e+01 -4.955274734324878749e-01
1.571069870301530536e+01 -4.623130782916247128e-01
1.482081524396373773e+01 -4.308820654247342841e-01
1.398786712632410634e+01 -4.018835486690756076e-01
1.319487345260286837e+01 -3.746624775489179604e-01
1.245460175999902575e+01 -3.496098712045476176e-01
1.175317963767839125e+01 -3.261966393026061728e-01
1.108072052502532401e+01 -3.040481096324911814e-01
1.045200140678344880e+01 -2.836170382737708273e-01
9.854064832610220037e+00 -2.644401346913640705e-01
9.296326336395038581e+00 -2.467881921725546823e-01
8.755930740850585536e+00 -2.298983264124575820e-01
8.256849860501720428e+00 -2.145010728457452109e-01
7.779689479475655034e+00 -1.999620795456931999e-01
7.334211092942219956e+00 -1.865586871376221645e-01
6.911055197359614155e+00 -1.739809676101778113e-01
6.509602686624719858e+00 4.616317363126201911e+01
6.133725292338182200e+00 1.089906968168512975e+02
-2.093368291952763638e+00 1.635355924892718917e+02
-2.833121247522862163e+01 1.420859340799500501e+02
-7.277259608037282135e+01 1.326049564092129458e+02
-1.199006428625244212e+02 1.237595368681238170e+02
-1.586102420695311537e+02 1.155079044288173691e+02
-1.916942105638528062e+02 1.077911929641054627e+02
-2.197323791785203184e+02 1.005719444471029931e+02
-2.430550212258921476e+02 9.386447338765029258e+01
-2.624724703489901003e+02 8.754966371348950815e+01
-2.780993052317602405e+02 8.169016898595533860e+01
-2.904947250899899700e+02 7.620890903305010511e+01
-2.999755548803292413e+02 7.109471727157944088e+01
-3.068466169469288047e+02 6.634074061710491321e+01
-3.114857588204969261e+02 6.188072803415516177e+01
-3.141399288001881018e+02 5.770209044139660648e+01
-3.149983626537568284e+02 5.384991289955554805e+01
-3.143298855161088454e+02 5.025197334618139422e+01
-3.123345608922882093e+02 4.687703503668537053e+01
-3.092035090062573772e+02 4.374073829464029473e+01
-3.050905451863919211e+02 4.081261584496748185e+01
-3.001314470848258225e+02 3.807358726938092275e+01
-2.944530035467451512e+02 3.551074361937222079e+01
-2.881694378643865093e+02 3.311412492056263801e+01
-2.813856434152589259e+02 3.087503771554630561e+01
-2.741981501352460100e+02 2.878523908310391732e+01
-2.666951720143172224e+02 2.683660232631153875e+01
-2.589564597593837902e+02 2.502103312275984237e+01
-2.510532662715443735e+02 2.333050200490562887e+01
-2.430485194680211123e+02 2.175711942073614935e+01
-2.349971932066898148e+02 2.029321582120104139e+01
-2.269468257432017424e+02 1.893140991090551140e+01
-2.189381275686693016e+02 1.766465935170552370e+01
-2.110041818308917527e+02 1.648601167924417155e+01
-2.031497632884900497e+02 1.538559538826088513e+01
-1.953225961951907266e+02 1.434730371884891831e+01
-1.876159762760329954e+02 1.337707279174403396e+01
-1.800791034505114965e+02 1.247469080317307188e+01
-1.727371627413561725e+02 1.163706532373758762e+01
-1.656044827249484968e+02 1.085990678894514971e+01
-1.586082444987492863e+02 1.012990049838763618e+01
-1.518100385261718657e+02 9.449465761520059459e+00
-1.452369330478599920e+02 8.817426897639686345e+00
-1.387697587377302852e+02 8.218699299305914252e+00
-1.325534582367132828e+02 7.664258811645232150e+00
-1.265900976207663717e+02 7.151289139108301995e+00
-1.207605277353759874e+02 6.666752320343291238e+00
-1.151842127410086505e+02 6.218619320109055160e+00
-1.097525340141399397e+02 5.795858299213967335e+00
-1.045723341887415643e+02 5.405268235751507611e+00
-9.963632877072153349e+01 5.044385797752135581e+00
-9.481183923476828568e+01 4.701776896976969766e+00
-9.017716858878084452e+01 4.381905599030305076e+00
-8.575978172592026283e+01 4.085464506644543192e+00
-8.156207750354779762e+01 3.811446836284571926e+00
-7.749993809244647025e+01 3.553159528050165772e+00
-7.365083699586766386e+01 3.314696437696730946e+00
-6.993581325889225297e+01 3.090184601707216316e+00
-6.642188201541689807e+01 2.883017894982280449e+00
-6.303564134330812152e+01 2.688045990816281261e+00
-5.983691640587098703e+01 2.508162801853381474e+00
-5.675799143107793299e+01 2.338876147643205616e+00
-5.385235106634130631e+01 2.182667159166845394e+00
-5.105985571859779526e+01 2.035737528332881574e+00
-4.840703228143007664e+01 1.899100461186118860e+00
-4.584913082838208709e+01 1.770025654091736067e+00
-4.343899491138439828e+01 1.650890289477646045e+00
-4.112760948042199516e+01 1.538891805223993270e+00
-3.895478676179940436e+01 1.435690842761076169e+00
-3.687382310286952958e+01 1.338730951723060558e+00
-3.491862941082113991e+01 1.249359595289168512e+00
-3.302919194834419159e+01 1.164550943505356040e+00
-3.123610359041428453e+01 1.085516329908153166e+00
-2.954753403993230876e+01 1.012419755803959820e+00
-2.793077300762888981e+01 9.436502233023534858e-01
-2.641496448680584663e+01 8.802972001496508492e-01
-2.496758929576698094e+01 8.208199903435013933e-01
-2.361152791875108647e+01 7.660316460432234908e-01
-2.229648711275575224e+01 7.137447856831228288e-01
-2.107772709668881816e+01 6.660785161148172762e-01
-1.990722499398950163e+01 6.210125011104512538e-01
-1.880959883190723048e+01 5.794171223702109241e-01
-1.776222205809960641e+01 5.403264713261349828e-01
-1.676406096911303223e+01 5.036294947731237981e-01
-1.583165270145993375e+01 4.698643012725471912e-01
-1.494418818536665761e+01 4.381960706940926098e-01
-1.409974349967760610e+01 4.084953663725959805e-01
-1.331154529221301708e+01 3.811712012822233153e-01
-1.256339953091780259e+01 3.555986316785517687e-01
-1.184547251817355651e+01 3.313925633453955744e-01
-1.117401143435272637e+01 3.090631403678184563e-01
-1.053539290430102504e+01 2.881105192888666067e-01
-9.939800619141607285e+00 2.688338459184188567e-01
-9.377389587220473999e+00 2.508701800715599228e-01
-8.835200795373982174e+00 2.337712662739366010e-01
-8.323588831475596805e+00 2.178411789539771437e-01
-7.845058213738623110e+00 2.031311272927324718e-01
-7.398740463574580595e+00 1.895862672959633122e-01
-6.974251521700742806e+00 1.768618277303408981e-01
-6.572798910499362712e+00 -2.991101156323900057e+01
-6.175438799746743257e+00 -8.141352532383136520e+01
-7.088927260291953969e-01 -1.382454595574456278e+02
1.826376321480293186e+01 -1.397309238748771065e+02
5.438961366321019142e+01 -1.304175843744429528e+02
9.802164032479583966e+01 -1.217225412135152283e+02
1.374285289770420491e+02 -1.136044410388592354e+02
1.713479291656000782e+02 -1.059860495777459590e+02
2.000015151856676425e+02 -9.890434474493045514e+01
2.242052999829313933e+02 -9.225966240211050717e+01
2.440911863173659526e+02 -8.610860021974389156e+01
2.603302009204072078e+02 -8.036374008353793386e+01
2.733208949477387932e+02 -7.499803175761853424e+01
2.834571020457586314e+02 -6.997481444159166131e+01
2.910386221591968479e+02 -6.527673627690373337e+01
2.962958966780377068e+02 -6.091612143240931943e+01
2.995425708500470137e+02 -5.684929234900801731e+01
3.010337963552415204e+02 -5.304968414031471724e+01
3.009873667093241920e+02 -4.950833044070584776e+01
2.996050218501341647e+02 -4.619582761751851052e+01
2.970574582374023862e+02 -4.309298581174306975e+01
2.934962447930491294e+02 -4.018627485999596871e+01
2.890941685244424093e+02 -3.749483389972157710e+01
2.839439601793822590e+02 -3.497358192346932526e+01
2.782044223963711715e+02 -3.263418587815379368e+01
2.719660956995641641e+02 -3.045397582329887598e+01
2.653131141468552983e+02 -2.841827138412187281e+01
2.583279191250409212e+02 -2.651668012368690697e+01
2.510851865068586619e+02 -2.474086452098257283e+01
2.436527255812916906e+02 -2.308344816912982722e+01
2.360916822291958113e+02 -2.153750706399108594e+01
2.284565849839660245e+02 -2.009636507851142184e+01
2.207954747813125778e+02 -1.875353808527388111e+01
2.131485075825138722e+02 -1.750229152642983266e+01
2.054499056787430789e+02 -1.632013941705166715e+01
1.978988755240037847e+02 -1.522935514182042560e+01
1.904046497964455114e+02 -1.420668486917102058e+01
1.830264638356198077e+02 -1.325299822663959404e+01
1.758015820013211510e+02 -1.236594007828569808e+01
1.686065392270078291e+02 -1.152396824030531519e+01
1.616145057174313706e+02 -1.074317731716915780e+01
1.548398448837409376e+02 -1.002006490026523444e+01
1.482855887429557811e+02 -9.350240465315833305e+00
1.418278462525334760e+02 -8.716467768963870100e+00
1.356068254769877797e+02 -8.129588425996232104e+00
1.296241172804447785e+02 -7.586320210777986794e+00
1.238045124972840796e+02 -7.076753375330428142e+00
1.181931825152798723e+02 -6.602392917091888691e+00
1.126961013099785873e+02 -6.152909083714620309e+00
1.074379805185738377e+02 -5.736940639487227322e+00
1.024185648845549252e+02 -5.352475390041383285e+00
9.753564633202098832e+01 -4.989791361129356062e+00
9.288511702009702731e+01 -4.654658470229550815e+00
8.837395507070924339e+01 -4.338793092472412738e+00
8.408742765526763208e+01 -4.047122923275932038e+00
7.993882596232458582e+01 -3.772434386210878454e+00
7.600461730686792805e+01 -3.518913235437434395e+00
7.220418580664595254e+01 -3.280269432975634114e+00
6.860611535130587413e+01 -3.060076913172398161e+00
6.513572495905734172e+01 -2.852854820846531858e+00
6.185465362679101275e+01 -2.661675105952646891e+00
5.869396952530691891e+01 -2.481766290585522672e+00
5.570918743794986483e+01 -2.315783657765884129e+00
5.283688555057522507e+01 -2.159575857199558246e+00
5.012665236739665175e+01 -2.015420485268074824e+00
4.749627687972312629e+01 -1.878428781844346362e+00
4.499053788490245154e+01 -1.750643025520488116e+00
4.262288348622729472e+01 -1.632389997114084945e+00
4.039168068358541319e+01 -1.523232323740343563e+00
3.826558557700347762e+01 -1.421270736985391192e+00
3.621329078446039773e+01 -1.324709721554103048e+00
3.428103359947336060e+01 -1.235519901998159531e+00
3.243026034351537845e+01 -1.151665364854777884e+00
3.069303093284302975e+01 -1.074413683529215291e+00
2.903189332194917327e+01 -1.001862570185009904e+00
2.747330229542515667e+01 -9.350033780196739253e-01
2.594785068668103989e+01 -8.706586985811879398e-01
2.453000305580963669e+01 -8.118860431232665098e-01
2.319420416507904648e+01 -7.574516912913020761e-01
2.192253961802667561e+01 -7.064890097695295523e-01
2.072371688018812819e+01 -6.592249584911188398e-01
1.957563308369709176e+01 -6.146701269001371148e-01
1.849989646002279642e+01 -5.735805833900957662e-01
1.747603559644338489e+01 -5.350705794252895720e-01
1.651119073521406122e+01 -4.993320862081830347e-01
1.558319043371535173e+01 -4.654603569330698631e-01
1.470643708228754498e+01 -4.339284239083420203e-01
1.388416512944505676e+01 -4.047890879699141964e-01
1.309997615115313430e+01 -3.773963036341213551e-01
1.236729291182566826e+01 -3.521688275690936232e-01
1.167104596641291181e+01 -3.285278545929133931e-01
1.101604925367267462e+01 -3.065935970741286432e-01
1.038163578326451031e+01 -2.856270162288264136e-01
9.795381881048262684e+00 -2.665152657528167546e-01
9.234346478412428283e+00 -2.484642112962691940e-01
8.710052921358453659e+00 -2.318183062495684787e-01
8.211515643327086167e+00 -2.161918135234458249e-01
7.737979296790857831e+00 -2.015360191996503347e-01
7.296876480335340531e+00 -1.880568825246446418e-01
6.877885556531965427e+00 -1.754112673843163384e-01
6.484580661079674790e+00 5.390245690299118309e+01
6.107923858975789599e+00 1.169247993789684017e+02
-3.432920078732808911e+00 1.706905319003945465e+02
-3.224653020610712417e+01 1.370915712628822405e+02
-7.900070811736391363e+01 1.277728660679758548e+02
-1.260681919054026423e+02 1.192524373999372216e+02
-1.627007975298147926e+02 1.113004340940941006e+02
-1.938944872125354095e+02 1.038704074399888526e+02
-2.203983474459539593e+02 9.688951095668721791e+01
-2.423405045621522902e+02 9.041537817188233817e+01
-2.603377899545922105e+02 8.438057440277836463e+01
-2.748368979961752530e+02 7.875091313924328063e+01
-2.862609691577401918e+02 7.348891650170639878e+01
-2.949379980065248219e+02 6.857645040037395745e+01
-3.011585836764644455e+02 6.400337512826342845e+01
-3.052397126422527549e+02 5.973156192507175177e+01
-3.074499859797242038e+02 5.572779654778856440e+01
-3.079900605120739669e+02 5.200942257178744654e+01
-3.070862445694100984e+02 4.854028813911735796e+01
-3.049235147206769625e+02 4.527947897695052859e+01
-3.016801189382263146e+02 4.224693034508180745e+01
-2.975018189460765825e+02 3.941511770992040198e+01
-2.925177384439345474e+02 3.676648165052171890e+01
-2.868499932389840978e+02 3.428886702956830845e+01
-2.806090293185411610e+02 3.197267804722267570e+01
-2.738962622006339984e+02 2.980940785152518302e+01
-2.668048458164354315e+02 2.779093713245197605e+01
-2.594196904180428191e+02 2.590925652744783036e+01
-2.518173529297868640e+02 2.415640652964324531e+01
-2.440660569592307354e+02 2.252451613965085997e+01
-2.362259130986263358e+02 2.100587562783368156e+01
-2.283493213854163741e+02 1.959301097153512927e+01
-2.204815045602192924e+02 1.827874577663317268e+01
-2.126611285860096245e+02 1.705624622595094664e+01
-2.047626032010087158e+02 1.589425113491106600e+01
-1.969867217560573636e+02 1.481517899378867931e+01
-1.893628191272108552e+02 1.381454633928828279e+01
-1.819071026636212025e+02 1.288671273680720297e+01
-1.746345631479857730e+02 1.202604449706686651e+01
-1.674135989075048485e+02 1.121032986667910691e+01
-1.604097593797610557e+02 1.045412702219964984e+01
-1.536328042874955315e+02 9.753601983436444911e+00
-1.469532046223265525e+02 9.090904631603597963e+00
-1.405167875001619393e+02 8.477400708511829919e+00
-1.343262758098892959e+02 7.909731390689478836e+00
-1.282591753578868747e+02 7.373356758466400152e+00
-1.224418237990941094e+02 6.877146185859697169e+00
-1.168705359256151581e+02 6.418101508344326689e+00
-1.113739832489864057e+02 5.979680953487933159e+00
-1.061862066999048011e+02 5.579196297403934857e+00
-1.012102015791534484e+02 5.206875721031632764e+00
-9.635152232289321717e+01 4.854016800750021510e+00
-9.173607906781053600e+01 4.528548293907266320e+00
-8.730132120791267880e+01 4.224570449338097333e+00
-8.306755573245210655e+01 3.942330706294083775e+00
-7.898869063265541968e+01 3.677567074001345748e+00
-7.509541187913187343e+01 3.431373413128444128e+00
-7.131987439449201815e+01 3.198528946252063854e+00
-6.774218186456015189e+01 2.983346009574376456e+00
-6.429125878692141782e+01 2.780733119543703058e+00
-6.103031547723650618e+01 2.593835959567524441e+00
-5.789167142117920406e+01 2.418053874625853528e+00
-5.493006162078264509e+01 2.255961978247441380e+00
-5.208268340741103941e+01 2.103515874907280647e+00
-4.939824609252174525e+01 1.962914321637404313e+00
-4.683896039174149450e+01 1.831675378602577897e+00
-4.437790605469869121e+01 1.708035470028163250e+00
-4.204198467828227592e+01 1.593036176455800979e+00
-3.983640197551250850e+01 1.486609390679229481e+00
-3.770978379208843734e+01 1.385954033289914067e+00
-3.569143305713736680e+01 1.292234801194813487e+00
-3.378853344064430786e+01 1.205537222199698277e+00
-3.196362179912432211e+01 1.123907966948800352e+00
-3.024999821551540080e+01 1.048652191309362713e+00
-2.861094016198858725e+01 9.779337255066075096e-01
-2.704446806084559896e+01 9.115118789656254661e-01
-2.557702751684132281e+01 8.503626590978516919e-01
-2.417628171022530381e+01 7.929707553058124025e-01
-2.283976466680559625e+01 7.391107680431786564e-01
-2.158932741371853226e+01 6.895481976395148038e-01
-2.039711977520532926e+01 6.430480184434622659e-01
-1.926075786394437017e+01 5.994201569303415633e-01
-1.819845848001122945e+01 5.592747882637261192e-01
-1.719508847402241258e+01 5.219382679413621107e-01
-1.624422807099400856e+01 4.870862838220453295e-01
-1.533881764832343109e+01 4.543839085887245166e-01
-1.448590971612029144e+01 4.240244974266220157e-01
-1.366601468731853686e+01 3.952497516225567109e-01
-1.289193790710198328e+01 3.684664340832535800e-01
-1.216650050604117261e+01 3.437202082208865583e-01
-1.147519263095504627e+01 3.204628728683507344e-01
-1.082972261163931371e+01 2.990470841166227300e-01
-1.021507154984960053e+01 2.789252514350011314e-01
-9.636844379547225614e+00 2.602470541653820746e-01
-9.084833774316290800e+00 2.426448474502957697e-01
-8.569391481465590488e+00 2.264223048505925595e-01
-8.079465001748033615e+00 2.111975298232496578e-01
-7.619078403298292557e+00 1.970710724207503650e-01
-7.181914597020066182e+00 1.838218157308967315e-01
-6.771362110107844501e+00 1.665348172403062210e-01
-6.379406281371539755e+00 -5.461086677265266331e+01
-6.009404772680131401e+00 -1.162236286952548028e+02
3.646801316119721026e+00 -1.690392437200123084e+02
3.244698627208212116e+01 -1.335633565990009402e+02
7.879637398581547814e+01 -1.243003912851832951e+02
1.250000176929994353e+02 -1.160108272718852191e+02
1.605332082396955684e+02 -1.082714573623127450e+02
1.908602397397093000e+02 -1.010149830039134571e+02
2.163371806216681534e+02 -9.426323934458241638e+01
2.376421662279667544e+02 -8.793966474228483321e+01
2.550466866878676910e+02 -8.206223158085998648e+01
2.690402451120251612e+02 -7.658396539014198368e+01
2.800683459229609298e+02 -7.145352248920174532e+01
2.883832768172771921e+02 -6.668250043761507584e+01
2.943378494278736071e+02 -6.222914074854281807e+01
2.982074606181054719e+02 -5.807442003165488842e+01
3.002633168672201123e+02 -5.418098725666458648e+01
3.007166835512083480e+02 -5.053367731447511346e+01
2.997537934796117725e+02 -4.715647403562595485e+01
2.975663940251496342e+02 -4.399231395688302371e+01
2.943319170431752809e+02 -4.105317450883405428e+01
2.901980239809223576e+02 -3.830936862488907479e+01
2.852905454353673917e+02 -3.574256683031207160e+01
2.797268145015108303e+02 -3.334052990701047747e+01
2.736125039748612267e+02 -3.109391302188574713e+01
2.670446866183184511e+02 -2.899460901735723084e+01
2.601127054275424939e+02 -2.703494719284997316e+01
2.528981906167278453e+02 -2.520736477733089131e+01
2.454749072277511459e+02 -2.350432309130157194e+01
2.379087173979393981e+02 -2.191833702826398422e+01
2.302577412518258484e+02 -2.044204604094006683e+01
2.225727046470902621e+02 -1.906829024741542611e+01
2.148974247845277148e+02 -1.779017539165285910e+01
2.072694337580186357e+02 -1.660112117301437706e+01
1.995658777082022368e+02 -1.547074462974835285e+01
1.919826655744593609e+02 -1.442093093497184597e+01
1.845482345360725276e+02 -1.344733882629439847e+01
1.772782986719416556e+02 -1.254450534487337876e+01
1.701870914902549430e+02 -1.170690301826888025e+01
1.631986483115518354e+02 -1.091917434953819743e+01
1.563810700652513788e+02 -1.018439606647734053e+01
1.497664688376925710e+02 -9.501592264145720890e+00
1.433691715706676746e+02 -8.868129299642856012e+00
1.370789591123064213e+02 -8.269105217793502050e+00
1.309803580194668768e+02 -7.709931724507978146e+00
1.251493244748200766e+02 -7.194794630485524145e+00
1.194881398596402988e+02 -6.712098331753864500e+00
1.140362008136416989e+02 -6.262929561629948516e+00
1.087006624092992695e+02 -5.837377742270640546e+00
1.036011335041990833e+02 -5.443539740355703316e+00
9.873629037923510054e+01 -5.079464428389010244e+00
9.400629740798558487e+01 -4.735935531400694565e+00
8.950385428206827498e+01 -4.418441916141620851e+00
8.513823834074608499e+01 -4.119126738806618171e+00
8.099191208234670114e+01 -3.842686493644597245e+00
7.698050553313375133e+01 -3.582280220031772267e+00
7.317793990712377195e+01 -3.341899200765044320e+00
6.950589663560653264e+01 -3.115577183651534465e+00
6.603064064216432882e+01 -2.906721786295324073e+00
6.267970563413759066e+01 -2.710132808891134726e+00
5.951261712412174631e+01 -2.528738546206082738e+00
5.646255303867980047e+01 -2.358010525503484889e+00
5.358286678079925736e+01 -2.200465377802570011e+00
5.082574654790234803e+01 -2.052909072344850649e+00
4.820844553430244162e+01 -1.915840831101409902e+00
4.567154970690683058e+01 -1.785702953499200163e+00
4.325661166409027203e+01 -1.664353442916363779e+00
4.097561045473635488e+01 -1.552064422067845451e+00
3.882647055625773902e+01 -1.448398062449867574e+00
3.675822815898015250e+01 -1.350552909944681801e+00
3.479636186671351084e+01 -1.259502611045188569e+00
3.294642829846511489e+01 -1.175256432777806115e+00
3.117980985053307208e+01 -1.096272112972403567e+00
2.950964235525296431e+01 -1.022944607772054315e+00
2.790583518342718961e+01 -9.537527025498124811e-01
2.639978489155667774e+01 -8.899131314414880922e-01
2.495969784390658575e+01 -8.299011326884508932e-01
2.358415584563526934e+01 -7.735328367374642022e-01
2.229642699145372475e+01 -7.216432450690574152e-01
2.106809102926987620e+01 -6.729495090796500101e-01
1.989688913251658064e+01 -6.272596856939117727e-01
1.880180665749407609e+01 -5.852196372555180659e-01
1.775834759479706904e+01 -5.457809332557049808e-01
1.676433090497486944e+01 -5.087811296527932070e-01
1.583555338264036116e+01 -4.747346670454112294e-01
1.495561021056077600e+01 -4.429567661338566498e-01
1.411136665493988929e+01 -4.129059422753650344e-01
1.332106149758434555e+01 -3.851810290667797010e-01
1.256835989735458980e+01 -3.591468693193981543e-01
1.186528795896401611e+01 -3.351741031533119752e-01
1.118317265938532756e+01 -3.122276151128258737e-01
1.055245064198626537e+01 -2.913043467179604606e-01
9.948689165230568676e+00 -2.715414332076918624e-01
9.384384705557364370e+00 -2.533188108310688857e-01
8.847794384508294030e+00 -2.362161314100675313e-01
8.338109106893616840e+00 -2.201795932859466898e-01
7.863337687729328174e+00 -2.054342296226411568e-01
7.415235615679586445e+00 -1.916929466167613672e-01
6.987027149561612305e+00 -1.787226844903112288e-01
6.584312749490123018e+00 2.529061884116397607e+01
6.196017741064565598e+00 7.931144304675230217e+01
1.513905238831909195e+00 1.364735522092782958e+02
-1.636952979072376380e+01 1.481146727250850290e+02
-5.197244732784672294e+01 1.383818988294407006e+02
-9.689739982133519902e+01 1.291536720394819895e+02
-1.391579963786342660e+02 1.205401632615058816e+02
-1.754359703996117048e+02 1.124890574101296039e+02
-2.062333433572796366e+02 1.049798047277093502e+02
-2.322920931146686883e+02 9.793424256376283665e+01
-2.538262891451893779e+02 9.139163034370722016e+01
-2.716139039524597933e+02 8.523394751150186721e+01
-2.857969208840351030e+02 7.951538854159646519e+01
-2.968938491244199440e+02 7.416466168228973288e+01
-3.051134493650605464e+02 6.921798799592714602e+01
-3.109138967541339298e+02 6.459441165792136985e+01
-3.146011835715421512e+02 6.025698994206747017e+01
-3.163839868891749347e+02 5.623075040237426947e+01
-3.165206353465994766e+02 5.247427742272784457e+01
-3.152237062612243790e+02 4.895946006896392078e+01
-3.126791230291384522e+02 4.566706669164780408e+01
-3.090478810135685421e+02 4.258315536046121963e+01
-3.045136346570909609e+02 3.972900538249083979e+01
-2.991800986577648018e+02 3.705791037339881910e+01
-2.932139354971290004e+02 3.458032898700468394e+01
-2.867119400121833905e+02 3.227147957763618535e+01
-2.797637889177381680e+02 3.011548984351772518e+01
-2.724569715520877367e+02 2.810125404361996715e+01
-2.648707213188272931e+02 2.621995028585618925e+01
-2.570770702969189188e+02 2.446381923394213942e+01
-2.491410761575731101e+02 2.282559262480218720e+01
-2.411208527985407102e+02 2.129826102617596462e+01
-2.330676820994094953e+02 1.987500837101765327e+01
-2.250248234378306051e+02 1.854889076204431930e+01
-2.170017392731914470e+02 1.730880977189858072e+01
-2.089544639140658262e+02 1.613743125995974026e+01
-2.009869899441505083e+02 1.504220166871796849e+01
-1.931573634746229686e+02 1.402335226303797633e+01
-1.854979627442935168e+02 1.307764929105514184e+01
-1.780291982670162554e+02 1.220044101905665279e+01
-1.707624774542458113e+02 1.138641131459448452e+01
-1.636213322670238597e+02 1.062122089614378417e+01
-1.565824609050767435e+02 9.898057249801167856e+00
-1.497397049829581590e+02 9.223260880246245463e+00
-1.431330813972340650e+02 8.597291062685853191e+00
-1.367755399862948877e+02 8.017873970681764106e+00
-1.306686223664495117e+02 7.481701147318696066e+00
-1.246929906444532890e+02 6.975094518316883097e+00
-1.189719981034311189e+02 6.506433757663333317e+00
-1.133945862813263972e+02 6.064178402061320305e+00
-1.080713890178424634e+02 5.655498847076611213e+00
-1.029957528540612657e+02 5.277853840303576405e+00
-9.804578553078304992e+01 4.920336400267891541e+00
-9.329197309369861557e+01 4.586809473036686846e+00
-8.875839002232368102e+01 4.277663136246498077e+00
-8.444646759015662951e+01 3.991739683559270890e+00
-8.026928485303065486e+01 3.722012156473148536e+00
-7.630757963173176961e+01 3.472829334993968953e+00
-7.248001093595763678e+01 3.238049397895403914e+00
-6.885677438124383798e+01 3.021297374900065780e+00
-6.536233559232479706e+01 2.817192285187511303e+00
-6.205931158070594478e+01 2.628816236931752925e+00
-5.887796948491720173e+01 2.451472698508258219e+00
-5.587408631054412211e+01 2.287788130081899851e+00
-5.297452688353511974e+01 2.133180383536594782e+00
-5.021568145897270341e+01 1.989212403343340929e+00
-4.760701677529036857e+01 1.855944449517734185e+00
-4.509742261437391875e+01 1.730343160716172557e+00
-4.273413907535395850e+01 1.614462534098408231e+00
-4.046731609910894178e+01 1.505479916267570495e+00
-3.833525447950739817e+01 1.404976480159880969e+00
-3.627334167993348046e+01 1.309583668906585174e+00
-3.431518600739225633e+01 1.220670953257897873e+00
-3.246996990673758177e+01 1.138429212784583866e+00
-3.070212043411579117e+01 1.061047923437377083e+00
-2.904372646050556384e+01 9.897579820046009669e-01
-2.745938683787939638e+01 9.228277206299519975e-01
-2.597445049175099996e+01 8.611807658527148579e-01
-2.455528209503131976e+01 8.032416329620027939e-01
-2.321486440112499494e+01 7.494192670034486303e-01
-2.192989921212672044e+01 6.986439578940301098e-01
-2.072558177472416574e+01 6.518194536530208527e-01
-1.957643598083632952e+01 6.078354090246685937e-01
-1.848101793150715366e+01 5.665511012293772408e-01
-1.745736548834417690e+01 5.285650373690289339e-01
-1.648263200023831132e+01 4.929355170221317861e-01
-1.555473745096976046e+01 4.595164909318011359e-01
-1.468830149846943556e+01 4.287698980598499965e-01
-1.386718633876628459e+01 4.000499109425241229e-01
-1.307956939656213535e+01 3.728848712426182099e-01
-1.234267043711654743e+01 3.478247925433312626e-01
-1.164131630360667202e+01 3.242993803812226350e-01
-1.098668194438020862e+01 3.026434986097559787e-01
-1.035799885521471353e+01 2.821196997078209145e-01
-9.765094895493342975e+00 2.630192900668654743e-01
-9.210067526376223057e+00 2.453740828039570332e-01
-8.681734711760539014e+00 2.287931126481608790e-01
-8.188838823786085186e+00 2.135232274360588656e-01
-7.722710168668632136e+00 1.992629927442445548e-01
-7.279914655695875148e+00 1.858825980275311263e-01
-6.863962827503545583e+00 1.734658901446784474e-01
-6.462663135216494936e+00 -4.530089459710969635e+01
-6.077997394758693162e+00 -1.106827687040179313e+02
1.998956327940287325e+00 -1.645844391545921042e+02
2.838312332071724242e+01 -1.437374550993485798e+02
7.329744528712235763e+01 -1.340191371050305804e+02
1.208387433149658392e+02 -1.250817164241042718e+02
1.600110974969041422e+02 -1.167411489449534940e+02
1.935619356484752984e+02 -1.089220249372201721e+02
2.218085039916747121e+02 -1.016512259288867739e+02
2.454192713101317338e+02 -9.486540725939977392e+01
2.650262256811594739e+02 -8.849211869991913204e+01
2.808345034216126237e+02 -8.257036542806821444e+01
2.934515590082403946e+02 -7.700271132819258924e+01
3.029847530407877230e+02 -7.186214046385080678e+01
3.099477185283276981e+02 -6.705306622850608278e+01
3.146248578953097308e+02 -6.256004963512431516e+01
3.172748894742514381e+02 -5.838074899094279147e+01
3.181672608255797741e+02 -5.447344579847631252e+01
3.175187756131039123e+02 -5.083198444948737915e+01
3.155327079969989086e+02 -4.742152336077161578e+01
3.123958278224723699e+02 -4.425388004799999919e+01
3.082662155096035121e+02 -4.129663071702446331e+01
3.032815541084025881e+02 -3.852982632225455717e+01
2.975694089061632894e+02 -3.594022830936830104e+01
2.912444583265462938e+02 -3.351780656055488095e+01
2.844120812763362096e+02 -3.125390740507871001e+01
2.771694123337729820e+02 -2.914035912139991069e+01
2.696053848902037657e+02 -2.716909991125226398e+01
2.618005451940496187e+02 -2.533207894955274497e+01
2.538269722742683427e+02 -2.362128552125630065e+01
2.457484108340037778e+02 -2.202882624209419049e+01
2.376206124540381097e+02 -2.054700939379246805e+01
2.294918348272323954e+02 -1.916841777646412481e+01
2.214034391875739232e+02 -1.788596358273422737e+01
2.133890788403846557e+02 -1.669258913422953938e+01
2.054238182724489263e+02 -1.557397355491605850e+01
1.974732431707618616e+02 -1.451684125938806602e+01
1.896427250006267400e+02 -1.352895745159255192e+01
1.819869877953078117e+02 -1.261080812470269663e+01
1.745335032629560033e+02 -1.175940225634358427e+01
1.672972150954367976e+02 -1.097035394521275364e+01
1.601463587975497660e+02 -1.022365349989940064e+01
1.532403281356128275e+02 -9.532273369576300226e+00
1.465848656239967340e+02 -8.892537381053218226e+00
1.400502981400943838e+02 -8.288083915685337644e+00
1.337744631931491028e+02 -7.728929457245894419e+00
1.277564357015386491e+02 -7.211843464685800953e+00
1.218748095686986090e+02 -6.723527812864614539e+00
1.162490480387342728e+02 -6.271909086039655357e+00
1.107690997386801399e+02 -5.845825633056934478e+00
1.055426514485595249e+02 -5.452128185579038444e+00
1.005616692217731867e+02 -5.088285613412042885e+00
9.576876046256531083e+01 -4.748369349776575099e+00
9.113109856453863244e+01 -4.428615420245900935e+00
8.669306478153401940e+01 -4.130967632672874146e+00
8.246614618681196873e+01 -3.855064918212364411e+00
7.836248979563205808e+01 -3.594069456433130583e+00
7.443801414800734051e+01 -3.350774692810774447e+00
7.070985390153279582e+01 -3.125405899503894691e+00
6.710749118066995322e+01 -2.912872702125818059e+00
6.370167413802641931e+01 -2.716736402135546236e+00
6.042306796908753341e+01 -2.532258999134222588e+00
5.732947435110505552e+01 -2.362178811148143875e+00
5.435574351796897474e+01 -2.202273675197201630e+00
5.155274296134389544e+01 -2.054844802530509718e+00
4.886039184864230833e+01 -1.916199311474518385e+00
4.632390102802538934e+01 -1.788305871341631548e+00
4.385428502666547246e+01 -1.666237575309422514e+00
4.155518942597931442e+01 -1.554895738065860122e+00
3.933645218136475563e+01 -1.449507360823293567e+00
3.724648505206381088e+01 -1.352154234188909898e+00
3.524358009199329445e+01 -1.260586333210133025e+00
3.336259049491250295e+01 -1.176194745327891811e+00
3.156287702324698685e+01 -1.096897166129249257e+00
2.984211470410197364e+01 -1.022412035327595170e+00
2.822939376638750630e+01 -9.538321883888847275e-01
2.668922212204713773e+01 -8.894565501590038226e-01
2.521899099119776722e+01 -8.290342775859198543e-01
2.384288751749878088e+01 -7.734281739136112943e-01
2.253034808501052666e+01 -7.212535473633410188e-01
2.127883129434049536e+01 -6.722986152843323238e-01
2.010857096951718148e+01 -6.272528714502835223e-01
1.899336743696713370e+01 -5.849917476926709270e-01
1.793090106180531862e+01 -5.453414870069011045e-01
1.693807753874884270e+01 -5.088540878701951486e-01
1.599669362126169325e+01 -4.747710830145865923e-01
1.509315855187372968e+01 -4.425291604616840013e-01
1.424729462739156283e+01 -4.127819420509755144e-01
1.344174143005670707e+01 -3.848523942700715628e-01
1.268946688375449305e+01 -3.591412329084728849e-01
1.197139897070484871e+01 -3.349349610987753523e-01
1.129515163264652955e+01 -3.124496974531466575e-01
1.064922314662572767e+01 -2.912567499222104561e-01
1.004600867952111187e+01 -2.717305637564141341e-01
9.472556184212262309e+00 -2.534096085566399092e-01
8.927830090045535627e+00 -2.362302266669250861e-01
8.420306824601334839e+00 -2.204307053743679856e-01
7.938305113814812408e+00 -2.056142254645124956e-01
7.485536074297067799e+00 -1.918702089869005201e-01
7.053910103642047957e+00 -1.789263953216336245e-01
6.648173429098135578e+00 5.435099482883194000e+00
6.248581126153457177e+00 3.136473662594654144e+01
4.938366097615080719e+00 9.227025105903442181e+01
-1.647091345478813640e+00 1.371680855891151225e+02
-2.255559735649709197e+01 1.198782097315289548e+02
-6.005713338582642535e+01 1.118760314206740389e+02
-9.975295375043367585e+01 1.044172719549934101e+02
-1.325209208079731127e+02 9.745241298064796354e+01
-1.605050959936260426e+02 9.094517357568643945e+01
-1.842471420228932288e+02 8.485322146181380276e+01
-2.039940844458497793e+02 7.919575156806557459e+01
-2.204474640154836322e+02 7.386825412965109194e+01
-2.336971511716434122e+02 6.892511801150875783e+01
-2.442171150554588337e+02 6.430097829125627129e+01
-2.522733143077417424e+02 5.998692919750036623e+01
-2.581235531547768574e+02 5.597709345717557738e+01
-2.620630746978944785e+02 5.223270239022507155e+01
-2.643225491411398593e+02 4.873502170058063854e+01
-2.651019441037487923e+02 4.547854146492230143e+01
-2.645968872529335840e+02 4.243107916506073707e+01
-2.629739400227704209e+02 3.960043946469203746e+01
-2.603797015219653872e+02 3.694729072780582158e+01
-2.569499054147915444e+02 3.446686456645913665e+01
-2.528047744536264645e+02 3.214829861513009490e+01
-2.480801840735397548e+02 2.999863130513708853e+01
-2.428591033676291033e+02 2.799543961414929427e+01
-2.372220641029300907e+02 2.612458069988591802e+01
-2.312466951862676865e+02 2.437633344511842992e+01
-2.250031713656773036e+02 2.274309488661610246e+01
-2.185554013585704070e+02 2.121823536619454131e+01
-2.119613027395723179e+02 1.979555799266001870e+01
-2.052728214771898934e+02 1.846907641121550725e+01
-1.985359914891018320e+02 1.723295068276996744e+01
-1.917911237577742440e+02 1.608149383151281242e+01
-1.849344355729377583e+02 1.498549682266285110e+01
-1.781466021168636473e+02 1.396688003968613501e+01
-1.714588573552945832e+02 1.302180242028939716e+01
-1.648903787572648127e+02 1.214519541703403149e+01
-1.584587567208743053e+02 1.133190675619463050e+01
-1.520511599535015819e+02 1.056099735830125930e+01
-1.458175543326927937e+02 9.846320219369665949e+00
-1.397699221152477094e+02 9.184354306776722154e+00
-1.339111496136718245e+02 8.570950954272412048e+00
-1.281849604160145759e+02 7.995979787035978781e+00
-1.226336969819724629e+02 7.460502103034340138e+00
-1.171650525194420140e+02 6.952574002609369863e+00
-1.119068194610779301e+02 6.482105863669439749e+00
-1.068628221043226176e+02 6.046941724611547109e+00
-1.019332811852224410e+02 5.636104902055421917e+00
-9.721902471331974027e+01 5.256303813372844580e+00
-9.271578446706095633e+01 4.905224113179011525e+00
-8.833484274986749085e+01 4.574175476948500574e+00
-8.412623038129635233e+01 4.265664880083996913e+00
-8.010653299282436990e+01 3.979616006047965726e+00
-7.620014510225352922e+01 3.709412981197450332e+00
-7.248733375145472735e+01 3.459730101090089605e+00
-6.889453604578608292e+01 3.224543317184915825e+00
-6.548881056102582932e+01 3.007509009484947260e+00
-6.220072058270743298e+01 2.803277956228243273e+00
-5.908931760987957205e+01 2.614892006395784563e+00
-5.609002119989767010e+01 2.437666345434597037e+00
-5.325565704535282663e+01 2.274201714796754370e+00
-5.052658591542242306e+01 2.120415825136657606e+00
-4.795037854868693472e+01 1.978558816923178032e+00
-4.547218816858488566e+01 1.845079675311469991e+00
-4.313456378185259865e+01 1.721913382705425155e+00
-4.086819468941027367e+01 1.604970096829127169e+00
-3.871025030353945340e+01 1.495917499626338909e+00
-3.667163553459276670e+01 1.395001075621335573e+00
-3.475055491526693885e+01 1.301828746813618043e+00
-3.290075132579498529e+01 1.213847292511043285e+00
-3.114563829326953126e+01 1.131962637450759201e+00
-2.949050445148948540e+01 1.056198031128791737e+00
-2.791491074037258002e+01 9.854025079196653270e-01
-2.639616865319380778e+01 9.183724371041768197e-01
-2.496846592854468838e+01 8.564838670372423302e-01
-2.360324662113859517e+01 7.983312350379253575e-01
-2.232371106591896393e+01 7.447803593573226744e-01
-2.110203596460276998e+01 6.945109063742039845e-01
-1.993619824951671049e+01 6.473308215407636013e-01
-1.884534430827904217e+01 6.039140331339805101e-01
-1.780521480658947908e+01 5.631797998898934177e-01
-1.681374945853242409e+01 5.249620792373349554e-01
-1.588691181783596740e+01 4.897976374683343792e-01
-1.500390980292949905e+01 4.568081891453307231e-01
-1.416287140243829512e+01 4.258576597338359915e-01
-1.337712484667654955e+01 3.973757318482286638e-01
-1.263052192280052566e+01 3.707081902215987879e-01
-1.192769622809519525e+01 3.459675855113931164e-01
-1.125971032510488179e+01 3.227838645127737993e-01
-1.062270247698016234e+01 3.009802049997894469e-01
-1.002309930981815533e+01 2.807398483455794680e-01
-9.450533510233368517e+00 2.616726973396483746e-01
-8.915856876348064119e+00 2.441100982846588496e-01
-8.407582933874325093e+00 2.276358659971548515e-01
-7.924758312574231134e+00 2.121909684745769686e-01
-7.474885609463989944e+00 1.979887654761124938e-01
-7.049356411869766248e+00 1.847271689805692063e-01
-6.642116850551352591e+00 -6.302702428953175229e+00
-6.257993106747663958e+00 -5.965899565848835095e+01
-4.800573548809457414e+00 -1.187753464897459139e+02
6.732993156126118706e+00 -1.606882390804584588e+02
3.661867684516639798e+01 -9.725350773784109037e+01
8.169218220183050505e+01 -9.055417732212012538e+01
1.200992677987346298e+02 -8.451677870782324931e+01
1.440268327308995708e+02 -7.888125610264188481e+01
1.643247911784571045e+02 -7.359011109318387867e+01
1.811659023799036277e+02 -6.867939980980756332e+01
1.950608042418514287e+02 -6.408552019096694607e+01
2.062929450402174041e+02 -5.979663839173528572e+01
2.151640807796077297e+02 -5.578981974565304824e+01
2.219199661592909081e+02 -5.205242627040436076e+01
2.267850126952776009e+02 -4.857687224452379837e+01
2.300072902407549691e+02 -4.533295316535851072e+01
2.317903310738221023e+02 -4.230146530289703577e+01
2.323127785906024485e+02 -3.946488148466169577e+01
2.317282582891496361e+02 -3.680866283639671366e+01
2.301789715864103130e+02 -3.434866515895645023e+01
2.277905341395682512e+02 -3.204269128343011630e+01
2.246954676341630659e+02 -2.990067234475593949e+01
2.209944545747901827e+02 -2.790157962538083325e+01
2.167753180333985483e+02 -2.603227720316403904e+01
2.121212671073595573e+02 -2.428382961619778868e+01
2.071075134269082412e+02 -2.264927718098383735e+01
2.018030025547087689e+02 -2.112250900189928160e+01
1.962708634430682082e+02 -1.969773020938080776e+01
1.905684009690505718e+02 -1.836925014561773750e+01
1.847470428289989854e+02 -1.713143263377457970e+01
1.788523948130709869e+02 -1.597871896448118711e+01
1.729244367797062409e+02 -1.490567593039543226e+01
1.669978380916780623e+02 -1.390704541699923347e+01
1.611024045023218036e+02 -1.297778545558123398e+01
1.551436486324929547e+02 -1.209418397726870964e+01
1.492738729613726036e+02 -1.127344825562212627e+01
1.435157065936234346e+02 -1.051223115597447588e+01
1.378818692810671394e+02 -9.806294067684701687e+00
1.323841407478910526e+02 -9.151388896698151143e+00
1.269232966497738602e+02 -8.530626950458332303e+00
1.216249150525236189e+02 -7.955120373006184131e+00
1.164966747450140190e+02 -7.421967903387320042e+00
1.114407556170258999e+02 -6.917589415617753978e+00
1.065677631574585575e+02 -6.450645628087476879e+00
1.018799647060271383e+02 -6.018587354347015861e+00
9.728475395321018482e+01 -5.610349585317697674e+00
9.287794431697867026e+01 -5.232683979569801913e+00
8.865708960871810973e+01 -4.883326307878638417e+00
8.451604830437813121e+01 -4.551645325356495242e+00
8.052168601598513931e+01 -4.241815108295954317e+00
7.669927714070792035e+01 -3.954503487024316755e+00
7.305310439747393048e+01 -3.688780111206255707e+00
6.951185307176918116e+01 -3.438162935612264270e+00
6.614534682966265677e+01 -3.206703385925309568e+00
6.288628359255765332e+01 -2.988729872719740666e+00
5.979509336936643393e+01 -2.787579921289133456e+00
5.680877315478717549e+01 -2.598276568008110132e+00
5.398117895545267686e+01 -2.423642100497898522e+00
5.125381232672958021e+01 -2.259332453162442356e+00
4.867500281990434985e+01 -2.107768500931614941e+00
4.619070587321029109e+01 -1.965167662437818263e+00
4.384445290874717926e+01 -1.833623004883248919e+00
4.158649611800016288e+01 -1.709844253473555398e+00
3.945591146387018000e+01 -1.595636977701061499e+00
3.741072383457584039e+01 -1.488338371956367423e+00
3.546864536191291251e+01 -1.388592768353294593e+00
3.359623273215062511e+01 -1.294369420330847342e+00
3.183187318134308441e+01 -1.207388732619680827e+00
3.013948198021449798e+01 -1.125595159461155959e+00
2.854830791815173541e+01 -1.050208308458604023e+00
2.702408130879656056e+01 -9.793595041452483052e-01
2.556499846189884906e+01 -9.127965732572728141e-01
2.419604216153583565e+01 -8.515029120189325784e-01
2.288731842929049520e+01 -7.939600534597057724e-01
2.165959830182015367e+01 -7.409484772080155990e-01
2.047774910486009503e+01 -6.907909146351300933e-01
1.935842017837209639e+01 -6.440974998458315337e-01
1.830550056286455884e+01 -6.009174566134577455e-01
1.729805578215702155e+01 -5.602813595444441352e-01
1.635397364720615698e+01 -5.228269020405263978e-01
1.545629239039365110e+01 -4.877804735400520508e-01
1.459283913384484066e+01 -4.545915552193631748e-01
1.378329641659530580e+01 -4.239589558922990387e-01
1.301139487760986313e+01 -3.951946338611078136e-01
1.228988829262719484e+01 -3.687202255620374847e-01
1.160282422476218400e+01 -3.438821098713409352e-01
1.094879465248000194e+01 -3.205814489983705995e-01
1.033812471803408251e+01 -2.991417559885267141e-01
