4.000000000000000000e+00 4.000000000000000000e+00
3.989033359572538906e+00 4.268014318239601756e+00
3.977093066017137080e+00 4.559337669302169438e+00
3.968070669640358705e+00 4.779689086693461597e+00
3.953490645488194843e+00 5.135629201303148150e+00
3.940364117349137274e+00 5.456225563761393005e+00
3.924230447116306308e+00 5.849994471466880341e+00
3.913568940999316847e+00 6.110773034517453794e+00
3.897229871349182861e+00 6.509070847397541826e+00
3.883416668457311705e+00 6.846862449778363668e+00
3.867183305193316656e+00 7.243147734791404169e+00
3.851303286032702999e+00 7.631051948373447580e+00
3.832190729940937235e+00 8.097856024116399709e+00
3.810708439667042757e+00 8.622595071475297246e+00
3.779648618758853384e+00 9.380981568590813779e+00
3.755905811627168411e+00 9.960375254582647386e+00
3.733187459914352413e+00 1.051511543545406369e+01
3.715266214559663105e+00 1.095236862489226048e+01
3.694082323649425792e+00 1.146936340956063560e+01
3.667819032471436813e+00 1.211015311249397186e+01
3.647935897048535381e+00 1.259641799535513407e+01
3.621234220604053977e+00 1.324880262723318225e+01
3.579343969726809238e+00 1.427260856380607201e+01
3.538345028875541587e+00 1.527444588008399151e+01
3.502472734581348668e+00 1.615034930945937219e+01
3.454467715241227310e+00 1.732374683308860952e+01
3.413188624655604464e+00 1.833270244221589707e+01
3.365065076174501346e+00 1.950783865095333525e+01
3.326368998721929149e+00 2.045359885934209743e+01
3.277389279383758680e+00 2.165127430678406384e+01
3.212868132249371733e+00 2.322818813776894586e+01
3.163295933742284571e+00 2.443546447155822321e+01
3.119246557830175348e+00 2.549613033221729097e+01
3.057060668441635709e+00 2.696861264537793090e+01
2.970398203840908469e+00 2.898016625350188846e+01
2.900018089876241323e+00 3.057688688204234850e+01
2.850414415539985313e+00 3.168236576367764101e+01
2.797778437510316074e+00 3.283523452451748881e+01
2.728057373658367535e+00 3.433718589403426336e+01
2.647043283341524056e+00 3.604081329995302241e+01
2.567557029659747414e+00 3.767063863842002291e+01
2.489773188748971133e+00 3.921925779444397619e+01
2.403170324050527551e+00 4.089844106880296692e+01
2.307119816704695570e+00 4.270523045025755238e+01
2.196767174005350487e+00 4.470136451402558464e+01
2.078142765471182152e+00 4.675249816679060189e+01
1.926863486984958129e+00 4.922912607500973792e+01
1.838947285643991458e+00 5.059677166205322152e+01
1.686657414649262554e+00 5.283688303195139468e+01
1.574916418146667940e+00 5.437702065295336951e+01
1.496284214633945453e+00 5.540719974351684129e+01
1.376006592559659625e+00 5.689943058782051111e+01
1.214602041035085955e+00 5.873652696334406897e+01
1.117830676354603092e+00 5.975067950531263250e+01
1.011078685380813358e+00 6.079133961634925498e+01
8.631732033807598681e-01 6.195119601279721167e+01
6.169008033126128776e-01 6.294102391109323946e+01
1.510540306321517534e-01 6.389389878576491100e+01
-5.879372612989860469e-01 6.450792320086605969e+01
-1.282401584524339055e+00 6.465342860405449699e+01
-2.538620926202379113e+00 6.443932850047029604e+01
-3.564769138647401636e+00 6.407387636630697614e+01
-4.677458977587222400e+00 6.364886644913713809e+01
-5.701691722976947041e+00 6.321281653398864364e+01
-6.599853013436006499e+00 6.250277761859177872e+01
-7.583168050507194557e+00 6.107425029551722417e+01
-8.462415481512437054e+00 5.945703402968270268e+01
-9.514212270805971983e+00 5.716264504957793235e+01
-1.103512612002390902e+01 5.313818976561996976e+01
-1.230341513412334642e+01 4.914793650954713655e+01
-1.340193814873977551e+01 4.522311155798238502e+01
-1.461800017534836371e+01 4.038367885235147980e+01
-1.593030158542993036e+01 3.975324004128728461e+01
-1.699973141400716869e+01 3.959554474011317637e+01
-1.794840495090014443e+01 3.945737146684457031e+01
-1.902661618980560476e+01 3.930021871331927485e+01
-1.988618171252336353e+01 3.917756221266268568e+01
-2.071920419423112136e+01 3.906337220622921080e+01
-2.176054318193202874e+01 3.892163089119778618e+01
-2.301780027189023770e+01 3.875212045385484316e+01
-2.426446453324634689e+01 3.858443635372574931e+01
-2.538475281396748429e+01 3.843658593940149615e+01
-2.648347120257630749e+01 3.829258173411872690e+01
-2.770154855542293149e+01 3.813225931959122050e+01
-2.888893216331021918e+01 3.797788710689707870e+01
-2.984795898884377507e+01 3.785787246884231649e+01
-3.100394542013223997e+01 3.771041615931493851e+01
-3.170613360498688138e+01 3.762138816630782401e+01
-3.257066231090094277e+01 3.751056936875809811e+01
-3.381966793733238319e+01 3.735415715655534541e+01
-3.465276003005675420e+01 3.724887856930697438e+01
-3.566466143620487372e+01 3.711878007247614875e+01
-3.663682471576475308e+01 3.699439831657424804e+01
-3.756371583890593513e+01 3.687571412646411062e+01
-3.879932237110882198e+01 3.671625211517540066e+01
-3.945540130761707331e+01 3.663266425159805806e+01
-4.053089348320084895e+01 3.649194127694168088e+01
-4.174248063317679680e+01 3.633599991681489882e+01
-4.266845807448429895e+01 3.621416228875736465e+01
-4.345926723607109921e+01 3.610857240850024397e+01
-4.466535772898630086e+01 3.594574237075258338e+01
-4.552005124529767954e+01 3.582666625870617594e+01
-4.646754713310071594e+01 3.568917373905868118e+01
-4.706054525894501950e+01 3.560141444354960072e+01
-4.777417425655669092e+01 3.548903594231371272e+01
-4.848446598217297776e+01 3.537343198351684492e+01
-4.929964435534721190e+01 3.523371060140287625e+01
-5.003542874878164071e+01 3.509655102806215154e+01
-5.067670526279130883e+01 3.496330163105250222e+01
-5.132390601064551561e+01 3.481651548308386879e+01
-5.172354925589205976e+01 3.472282918556967957e+01
-5.210621367226912781e+01 3.463361091158263605e+01
-5.254449797436330272e+01 3.453014200062694528e+01
-5.306116145985109256e+01 3.441063903656895206e+01
-5.348671004832534237e+01 3.431193608800192152e+01
-5.394797753169682153e+01 3.420181243618905853e+01
-5.455252812737373347e+01 3.405927513274722429e+01
-5.499081465014424452e+01 3.395533966264611081e+01
-5.544136329047927347e+01 3.384765658519253151e+01
-5.589667420525369579e+01 3.374158880274704586e+01
-5.622563717188243970e+01 3.366285210829810381e+01
-5.658339435154054087e+01 3.357717095750689396e+01
-5.726069884350990691e+01 3.341365253482727837e+01
-5.776424304869512838e+01 3.328783518948916509e+01
-5.809025396558848797e+01 3.320831278478690507e+01
-5.859862596365866949e+01 3.308464238995003370e+01
-5.897991771646292136e+01 3.299004465365777605e+01
-5.933624831521292009e+01 3.290187707568845354e+01
-5.970477643151537706e+01 3.281105314184068789e+01
-6.002403513864658180e+01 3.273148617532864790e+01
-6.042147563679833411e+01 3.263282179263426031e+01
-6.076819305618240463e+01 3.254282587805786164e+01
-6.111768310833370776e+01 3.245489689645236098e+01
-6.137956683699665206e+01 3.238786663986459757e+01
-6.175856573603223865e+01 3.229095505896254537e+01
-6.219385630821003730e+01 3.218216568310084824e+01
-6.260826996185313220e+01 3.207544443749403484e+01
-6.302407413526372437e+01 3.196975655703034036e+01
-6.335064479782710123e+01 3.188367528522578809e+01
-6.374352774999287874e+01 3.178403106809825829e+01
-6.397207922336900765e+01 3.172450296987143403e+01
-6.434575277947382688e+01 3.162585787722653663e+01
-6.467221586787447052e+01 3.153976250133116110e+01
-6.500931062836461649e+01 3.145089606823041350e+01
-6.535603783319166382e+01 3.135776619931481335e+01
-6.564275890355769150e+01 3.128062746137798200e+01
-6.590714083048101202e+01 3.121129556217480427e+01
-6.622055759445598255e+01 3.112805587213343728e+01
-6.656858653144557536e+01 3.103479437567396104e+01
-6.692037293322788116e+01 3.093888877715638941e+01
-6.731198697519373297e+01 3.083438079408388077e+01
-6.769972406922275354e+01 3.072822421305921381e+01
-6.791461350105201689e+01 3.066868779837127335e+01
-6.830211469278158631e+01 3.056029949948732138e+01
-6.862096539110012827e+01 3.047138353988059833e+01
-6.894281734602495249e+01 3.038095051881519026e+01
-6.924447571343694108e+01 3.029678339606823201e+01
-6.962579872001207093e+01 3.018748827376904131e+01
-6.994980384008911756e+01 3.009564998948498626e+01
-7.031095095897421743e+01 2.999221073885817290e+01
-7.058105076734010197e+01 2.991475157537484364e+01
-7.089318153545615075e+01 2.982466410828948611e+01
-7.119908741079905212e+01 2.973454134696942930e+01
-7.146240320547519786e+01 2.965602007383720107e+01
-7.176309130606472309e+01 2.956988857285411143e+01
-7.196312099013714203e+01 2.951225371760159888e+01
-7.221164543115543211e+01 2.943876344568078451e+01
-7.249807765572988671e+01 2.935537660455996090e+01
-7.287441631881611670e+01 2.924451347206107599e+01
-7.318872930421525780e+01 2.914767176727594133e+01
-7.344548682812504126e+01 2.907077940273083172e+01
-7.373709365885798661e+01 2.898261524863213268e+01
-7.401841910866879459e+01 2.889620320480066340e+01
-7.421779125349611661e+01 2.883507991717339536e+01
-7.441286643410182933e+01 2.877562061851299546e+01
-7.464369473080039086e+01 2.870424857634870008e+01
-7.486402324742971359e+01 2.863455837751503452e+01
-7.506702716461497005e+01 2.857105437330466557e+01
-7.536660461488961005e+01 2.847636352660001435e+01
-7.564100057250654174e+01 2.838843855761417601e+01
-7.590632283112600476e+01 2.830481217050562748e+01
-7.610916127294935052e+01 2.824041901764080365e+01
-7.630387472626644296e+01 2.817756343448397161e+01
-7.654777489680624569e+01 2.809977802494087840e+01
-7.674287142336289946e+01 2.803802220303541048e+01
-7.693400589977593995e+01 2.797749737832529959e+01
-7.715142418583822348e+01 2.790525918109999637e+01
-7.736748872340851335e+01 2.783422028427349204e+01
-7.759491314250294636e+01 2.775785214751644148e+01
-7.780479707114957932e+01 2.768879264735690526e+01
-7.802922071213708932e+01 2.761488991729095233e+01
-7.824487385730942890e+01 2.754090316656063209e+01
-7.847955514678147892e+01 2.746239801832063776e+01
-7.869675953251990563e+01 2.738816769358625791e+01
-7.891296593803510007e+01 2.731517318628252511e+01
-7.904392928830888820e+01 2.727022036347494804e+01
-7.922192554424070465e+01 2.720958487281683702e+01
-7.941513476479603639e+01 2.714508799701767217e+01
-7.959614631503929161e+01 2.708130596253515776e+01
-7.988644143584136259e+01 2.697792755649865626e+01
-8.010299494041254320e+01 2.690167327579379375e+01
-8.030067241825646818e+01 2.683196727157694284e+01
-8.047023182326267943e+01 2.677185398091798874e+01
-8.073964272493759609e+01 2.667636251442240791e+01
-8.092231324379596913e+01 2.661211773021377880e+01
-8.106790796323923587e+01 2.655942883900157270e+01
-8.121444024086891034e+01 2.650651981595923345e+01
-8.141156496548765631e+01 2.643523573481929745e+01
-8.159572911002176454e+01 2.636858852964515165e+01
-8.174572734583310307e+01 2.631449487713888402e+01
-8.192539317622963324e+01 2.624887267027798998e+01
-8.208283791038672916e+01 2.618924027422288248e+01
-8.224958157424994454e+01 2.612738333412990954e+01
-8.239382072400239565e+01 2.607399003840551899e+01
-8.255897410309508189e+01 2.601107815710559734e+01
-8.271457281652946847e+01 2.595279133313377429e+01
-8.287163309390774657e+01 2.589428869453329440e+01
-8.310163858003227233e+01 2.580816861451025801e+01
-8.333404445593615151e+01 2.572008832021690949e+01
-8.346075103597132738e+01 2.567151593555075095e+01
-8.361496938094458642e+01 2.561034931335460030e+01
-8.374468624070439660e+01 2.556034088121063164e+01
-8.391941533241762841e+01 2.549229058299426498e+01
-8.406827753895109367e+01 2.543276597429382591e+01
-8.425493374563163229e+01 2.535902122520162294e+01
-8.447082026806937449e+01 2.527118195672793277e+01
-8.464503128574442314e+01 2.520061593124115618e+01
-8.478776432660950491e+01 2.514256543555778478e+01
-8.495887384435950196e+01 2.507368754588350512e+01
-8.508624380914766050e+01 2.502161992880613539e+01
-8.524151240312929190e+01 2.495586132233651711e+01
-8.542314396241278018e+01 2.487978431014960989e+01
-8.554149580827321131e+01 2.483090691991948518e+01
-8.567569885335036872e+01 2.477432812060652978e+01
-8.579367000762039197e+01 2.472392674544134294e+01
-8.590241831466920530e+01 2.467551087454584646e+01
-8.605438531361573951e+01 2.460957120757269223e+01
-8.617748421669705294e+01 2.455559591940150455e+01
-8.629789006766242210e+01 2.450297217193771360e+01
-8.639251320756685004e+01 2.446102932761078463e+01
-8.650134917384166044e+01 2.441178275431965261e+01
-8.659441400483484585e+01 2.436963719353204993e+01
-8.671628719179751954e+01 2.431636636714114630e+01
-8.687723386891256894e+01 2.424440189510471200e+01
-8.701862774887591456e+01 2.418079184412966853e+01
-8.713749975414310711e+01 2.412639050537316976e+01
-8.726644100018769734e+01 2.406850722031793310e+01
-8.741196021555302309e+01 2.400144627272971221e+01
-8.753122601882910203e+01 2.394638239221931642e+01
-8.765465875848560984e+01 2.388828113122616870e+01
-8.775981007364963205e+01 2.384090234369024941e+01
-8.789411960069689655e+01 2.377820371527210952e+01
-8.802718978717302889e+01 2.371612636873880220e+01
-8.815198527806654738e+01 2.365469417379798145e+01
-8.827694081813918103e+01 2.359505052586187546e+01
-8.841027864996880226e+01 2.352994632039239775e+01
-8.852016290671247134e+01 2.347792022240064114e+01
-8.863335086649422578e+01 2.342299023841793826e+01
-8.875699842776846538e+01 2.336229870930413099e+01
-8.885003241353216197e+01 2.331569484744486687e+01
-8.896854559011023866e+01 2.325770436878345038e+01
-8.911750851207642654e+01 2.318365263443996582e+01
-8.922962056300254119e+01 2.312522569394309357e+01
-8.933131098365274170e+01 2.307454824365637691e+01
-8.942501593480248800e+01 2.302666280206023330e+01
-8.950448572736347330e+01 2.298634869103403133e+01
-8.958456071187842440e+01 2.294406885522279893e+01
-8.967335070875265046e+01 2.289871997407066218e+01
-8.972909642293542731e+01 2.286834051267120671e+01
-8.983788024904156089e+01 2.281036330550237778e+01
-8.991163351576568630e+01 2.277116636414858064e+01
-9.002767659341405704e+01 2.270941318944067433e+01
-9.012172627448678952e+01 2.265896123973132958e+01
-9.022990401771728841e+01 2.260117896877873633e+01
-9.032667509382058313e+01 2.254818734534518754e+01
-9.039152629795293592e+01 2.251270634073366494e+01
-9.047311504532872561e+01 2.246796609267505573e+01
-9.058941620152994290e+01 2.240377771368514104e+01
-9.066401560475226518e+01 2.236207986600657804e+01
-9.074404140958218079e+01 2.231685641298279066e+01
-9.084372351644744015e+01 2.226067680190725540e+01
-9.093598177609946731e+01 2.220858628804036528e+01
-9.100703838853911520e+01 2.216852392889943957e+01
-9.107428603828854818e+01 2.212945670423562561e+01
-9.115937427162641882e+01 2.208013284359643791e+01
-9.123543737352504479e+01 2.203507438333625146e+01
-9.129743252704349743e+01 2.199920884985557379e+01
-9.136118870867416319e+01 2.196075373046203438e+01
-9.144276020801163440e+01 2.191087861069641107e+01
-9.152307775648493759e+01 2.186194064681425786e+01
-9.161463205253561171e+01 2.180599047202160179e+01
-9.169840342850591242e+01 2.175521012598388637e+01
-9.175900178839461319e+01 2.171704027348735266e+01
-9.187396856578237703e+01 2.164501345657599529e+01
-9.195695071534895249e+01 2.159216606378512893e+01
-9.202788061843067169e+01 2.154648633993344120e+01
-9.208955036547160944e+01 2.150743738054185172e+01
-9.218037418806997607e+01 2.144786172714127659e+01
-9.225713322954979390e+01 2.139834655193534374e+01
-9.231250568001662771e+01 2.136118720865248477e+01
-9.236630683524505514e+01 2.132533106660989475e+01
-9.242834417115261658e+01 2.128312648189220369e+01
-9.248357622962647895e+01 2.124598722507132109e+01
-9.253727469551017748e+01 2.121059645606487365e+01
-9.261488899532442076e+01 2.115853129826508905e+01
-9.270056982242128640e+01 2.109756028365265479e+01
-9.274873376017268356e+01 2.106374890658599952e+01
-9.281105296487169198e+01 2.102123745143443045e+01
-9.286911663352098856e+01 2.097872871259702166e+01
-9.292356914594411421e+01 2.093862578811607733e+01
-9.298251189930040539e+01 2.089641695900926166e+01
-9.303060071049064561e+01 2.085956373281722520e+01
-9.307641065908359224e+01 2.082477302534910280e+01
-9.314476800959943148e+01 2.077287668012660760e+01
-9.321489301118178616e+01 2.072052368950571477e+01
-9.325522184374459300e+01 2.069033984056911990e+01
-9.330290549189274429e+01 2.065386109373749335e+01
-9.334322026673920902e+01 2.062304118871629655e+01
-9.341525137648720545e+01 2.056624586613397554e+01
-9.344948086499297801e+01 2.053916054309963002e+01
-9.349332484333004345e+01 2.050415690057678830e+01
-9.355841184344062356e+01 2.045104766702434773e+01
-9.362438906706142916e+01 2.039845197210554417e+01
-9.368037711197436579e+01 2.035334619914564058e+01
-9.374135754548923671e+01 2.030299922471299467e+01
-9.377383520631097724e+01 2.027556107807848562e+01
-9.382308741134831109e+01 2.023467916383236087e+01
-9.385627429567658453e+01 2.020695262440139217e+01
-9.392030441778335614e+01 2.015322559478775943e+01
-9.397854967072900934e+01 2.010269298763623169e+01
-9.402277647952450934e+01 2.006374164263320381e+01
-9.407931119249971630e+01 2.001365324481288610e+01
-9.410961355352600322e+01 1.998559563444429443e+01
-9.415906965855354827e+01 1.994024996981298514e+01
-9.418825839510144249e+01 1.991333614476275571e+01
-9.423288085049053109e+01 1.987281299749826502e+01
-9.426336574424158243e+01 1.984502267512167606e+01
-9.430540351178871106e+01 1.980485405185111247e+01
-9.434225743068572001e+01 1.977138970291920117e+01
-9.438096699659861599e+01 1.973498776464357363e+01
-9.442516692178037374e+01 1.969233100316472473e+01
-9.446706765649257420e+01 1.965194186722278502e+01
-9.450520630109858189e+01 1.961434278083915217e+01
-9.453931567865770091e+01 1.958097184906987565e+01
-9.458679441722392767e+01 1.953368768550866008e+01
-9.463012723050673003e+01 1.948908047639378438e+01
-9.466730072441200150e+01 1.945054093513188320e+01
-9.471626177325796903e+01 1.939925399605138523e+01
-9.474175615234661052e+01 1.937200665432053981e+01
-9.477383855785248556e+01 1.933760514529943109e+01
-9.480675199572749534e+01 1.930270668306616599e+01
-9.483381710485699045e+01 1.927254386674932363e+01
-9.486874648789680009e+01 1.923407258944494913e+01
-9.491347414436000918e+01 1.918388107898715234e+01
-9.494321920595598385e+01 1.914917931369831550e+01
-9.496836785347046828e+01 1.912114840663983628e+01
-9.499520527928476099e+01 1.909000818246675024e+01
-9.502717021435515221e+01 1.905312263818872864e+01
-9.505944495607020883e+01 1.901590894756039773e+01
-9.508446798229111607e+01 1.898569619399342656e+01
-9.511136920425164476e+01 1.895174021067594694e+01
-9.513582604335610426e+01 1.892152558127535755e+01
-9.515814725797594065e+01 1.889428657478658735e+01
-9.518124360272933870e+01 1.886471313032331665e+01
-9.520849156554837123e+01 1.883094995142017325e+01
-9.523131765289515727e+01 1.880177904038637493e+01
-9.525588472474788659e+01 1.876918686602074615e+01
-9.528137482358472710e+01 1.873521538712156342e+01
-9.531233909692225836e+01 1.869439930260801930e+01
-9.533861842375760887e+01 1.865799455463661971e+01
-9.536668721233225199e+01 1.861868444995388572e+01
-9.538612295585437550e+01 1.859066458691793855e+01
-9.540097541354553812e+01 1.856956416216730332e+01
-9.542228846128159603e+01 1.853686044121247178e+01
-9.544115511649215478e+01 1.850855108095201729e+01
-9.546272614196922746e+01 1.847612629057562827e+01
-9.548180089555478389e+01 1.844686718688829075e+01
-9.550724559987708062e+01 1.840663187022947511e+01
-9.552704591776466714e+01 1.837563478318582710e+01
-9.553963829954777509e+01 1.835540264815239553e+01
-9.556389114540959895e+01 1.831698357163043411e+01
-9.558335106851281182e+01 1.828458065256948473e+01
-9.560467122450344846e+01 1.825044399216203672e+01
-9.562397059802547972e+01 1.821737674276365127e+01
-9.563879747114629026e+01 1.819182928463013837e+01
-9.565330485886084944e+01 1.816593022735175467e+01
-9.567245624427857820e+01 1.813184213718090021e+01
-9.568472090343487935e+01 1.810910164922563581e+01
-9.570370091409024838e+01 1.807297494888447531e+01
-9.571582585243481844e+01 1.804968447352275263e+01
-9.572772998045643078e+01 1.802800110175382997e+01
-9.574251157401351975e+01 1.800052511241580078e+01
-9.575563930062548934e+01 1.797453931647962833e+01
-9.577212769434900963e+01 1.794094042668657352e+01
-9.578827247847009119e+01 1.790729766699985959e+01
-9.580445564161588834e+01 1.787370948615819799e+01
-9.581972017362559768e+01 1.784052404554496363e+01
-9.583667400608099740e+01 1.780289756807451340e+01
-9.585013329199472309e+01 1.777127669765719631e+01
-9.586104140533721818e+01 1.774636139431854787e+01
-9.587145256491874079e+01 1.772220170019202712e+01
-9.588467805674953581e+01 1.769058890991391308e+01
-9.589610627830766987e+01 1.766259340758725216e+01
-9.591010706912916817e+01 1.762567037491954736e+01
-9.592306133109478594e+01 1.759250979632335188e+01
-9.593230734493234024e+01 1.756762986736895726e+01
-9.594366355530459600e+01 1.753741802490777957e+01
-9.595243958965637887e+01 1.751271250205531160e+01
-9.596278928680656861e+01 1.748201537721010723e+01
-9.597254933405432098e+01 1.745126365875512775e+01
-9.598108910140143735e+01 1.742570607075098366e+01
-9.599122649517907746e+01 1.739303188628731789e+01
-9.599952003754512475e+01 1.736589371928343084e+01
-9.600494027241194317e+01 1.734732459695473494e+01
-9.601226771996518039e+01 1.732145070402040332e+01
-9.602010725578466577e+01 1.729363984138981891e+01
-9.602777252304544220e+01 1.726672548660098983e+01
-9.603285322416017777e+01 1.724706801420757429e+01
-9.603779766848882105e+01 1.722737203816862817e+01
-9.604412467576618440e+01 1.720109921230693928e+01
-9.605234507804354394e+01 1.716702748461016981e+01
-9.606075166710049018e+01 1.712982604734480674e+01
-9.606615702779706112e+01 1.710487235113744475e+01
-9.607235696795122237e+01 1.707510882450957013e+01
-9.607678250345230708e+01 1.705298236684075519e+01
-9.608147704394562538e+01 1.702799371840664477e+01
-9.608697089158846438e+01 1.699907714862678887e+01
-9.609005448071664546e+01 1.698191906943107909e+01
-9.609449908978672283e+01 1.695397759605570798e+01
-9.609902903286813114e+01 1.692327910102386568e+01
-9.610474887600106797e+01 1.688403238977255683e+01
-9.610921329039243233e+01 1.684873115287387790e+01
-9.611219531876032818e+01 1.682362234150821223e+01
-9.611592639082637390e+01 1.679161712596776468e+01
-9.611869706615050291e+01 1.676183971550172913e+01
-9.612128570889858281e+01 1.673231498916048565e+01
-9.612376937503060503e+01 1.670157500631735203e+01
-9.612570544470199252e+01 1.667292819760449163e+01
-9.612749058022812676e+01 1.664165314457621392e+01
-9.612872699693562595e+01 1.661498441665659342e+01
-9.612965671707543436e+01 1.659037946551494613e+01
-9.613036255757381809e+01 1.656478295119745781e+01
-9.613084358900449899e+01 1.654188433092226163e+01
-9.613116385691687071e+01 1.651524678843205507e+01
-9.613124256672109880e+01 1.649135857280059980e+01
-9.613111207270615921e+01 1.646545280493239005e+01
-9.613060729462182508e+01 1.643237506918823954e+01
-9.612989352929925246e+01 1.640505858704454312e+01
-9.612870967367797448e+01 1.637384213069162797e+01
-9.612777107587073999e+01 1.635414492420711241e+01
-9.612610923351726910e+01 1.632450235444076370e+01
-9.612398213088074783e+01 1.629169323672946135e+01
-9.612147102957965217e+01 1.625963116189329583e+01
-9.611876594648036587e+01 1.622967769690104234e+01
-9.611592265923196976e+01 1.620297725850132409e+01
-9.611356625550335764e+01 1.618217503601544038e+01
-9.611078648153250015e+01 1.615752534385441308e+01
-9.610761219646170161e+01 1.613220160427315975e+01
-9.610394437743454432e+01 1.610544890059978940e+01
-9.610090145964403519e+01 1.608348877640687391e+01
-9.609570468060071846e+01 1.605093410185241964e+01
-9.609187612695151870e+01 1.602790698862511221e+01
-9.608840382888101317e+01 1.600801388804401526e+01
-9.608414899225607542e+01 1.598429549063157751e+01
-9.608003061836997460e+01 1.596218357338655558e+01
-9.607568532187576693e+01 1.594018501826160161e+01
-9.606936132407847140e+01 1.590954801194483537e+01
-9.606321526481158912e+01 1.588198475637520524e+01
-9.605738303024376989e+01 1.585537930672578000e+01
-9.605278047856177182e+01 1.583529875879445470e+01
-9.604757945789101825e+01 1.581494469407225623e+01
-9.604254230767669753e+01 1.579528063821380002e+01
-9.603532126943345304e+01 1.576666341337123178e+01
-9.603078838081120239e+01 1.574989005347232229e+01
-9.602401815623265691e+01 1.572636770833848274e+01
-9.601934506943503322e+01 1.570989003422462993e+01
-9.601001489661801713e+01 1.567819200114123568e+01
-9.600442776735177119e+01 1.566011253412445470e+01
-9.599633692201348367e+01 1.563380944920595539e+01
-9.598712891103301104e+01 1.560596277455606362e+01
-9.597699359172391098e+01 1.557465544127698642e+01
-9.597027556931442405e+01 1.555525923722105652e+01
-9.596501565268523848e+01 1.554020171324347466e+01
-9.595906848346180595e+01 1.552301003323221806e+01
-9.595044854411524682e+01 1.549810207812410567e+01
-9.594147549645731488e+01 1.547451450324396127e+01
-9.593321132858638123e+01 1.545188723155984256e+01
-9.592513570757792252e+01 1.543114479401300265e+01
-9.591703509179208709e+01 1.540982734970589796e+01
-9.590616276379898864e+01 1.538258131794482075e+01
-9.589782458899846063e+01 1.536223823772098029e+01
-9.588917189203871771e+01 1.534141746540070095e+01
-9.587999452875979500e+01 1.532060027207165831e+01
-9.586990709112686204e+01 1.529750026065461554e+01
-9.585912722704573241e+01 1.527251215604928625e+01
-9.584877062668221015e+01 1.524975172930128409e+01
-9.584034940488980681e+01 1.523119413101472297e+01
-9.582707816627149100e+01 1.520423579092327948e+01
-9.581702625038003873e+01 1.518235817865984671e+01
-9.580696162532144911e+01 1.516195788854271242e+01
-9.579161253424483391e+01 1.513233528520292737e+01
-9.577864945332842694e+01 1.510595993434318984e+01
-9.576625747441575243e+01 1.508226260981708577e+01
-9.575681188762202112e+01 1.506420333018992963e+01
-9.574501766005128900e+01 1.504176892156099221e+01
-9.573560109486442116e+01 1.502415657742049504e+01
-9.572395127857978991e+01 1.500368635697410191e+01
-9.571291317534152654e+01 1.498352779700725712e+01
-9.570392229082510482e+01 1.496762849028618980e+01
-9.569152507070744207e+01 1.494561341784029374e+01
-9.567675122074065541e+01 1.492066277188996715e+01
-9.566066652635164758e+01 1.489391209743852507e+01
-9.564615056336361931e+01 1.486938743350355985e+01
-9.563184793237297754e+01 1.484549037594662479e+01
-9.561241853751189979e+01 1.481491017716665048e+01
-9.559968602497215784e+01 1.479392267543885175e+01
-9.559020227495825850e+01 1.477899820206088499e+01
-9.557776032559493729e+01 1.476107943740531425e+01
-9.556695012725681693e+01 1.474384615512593477e+01
-9.555461656972893536e+01 1.472467903099532549e+01
-9.554408843808127472e+01 1.470922390874066821e+01
-9.552906249336808742e+01 1.468635277469313927e+01
-9.551268894648383423e+01 1.466235326845957410e+01
-9.549259223395267782e+01 1.463311075104685877e+01
-9.548311267360064392e+01 1.461965937733720722e+01
-9.546475275935479488e+01 1.459348656092349117e+01
-9.545158711694266174e+01 1.457454384172950590e+01
-9.543577012868848897e+01 1.455232619024071994e+01
-9.541779825942873572e+01 1.452841842273801021e+01
-9.540637854610571367e+01 1.451286702674914153e+01
-9.539336731290485716e+01 1.449614978118832376e+01
-9.537664703676817624e+01 1.447409069880635712e+01
-9.536430510650849612e+01 1.445793444187996535e+01
-9.535009207085116145e+01 1.443847169867341584e+01
-9.533774576664845313e+01 1.442410206448656496e+01
-9.532434946750812799e+01 1.440784578357962964e+01
-9.530319114548987613e+01 1.438048765770636983e+01
-9.527935595776695266e+01 1.435072606434250453e+01
-9.525998590814033662e+01 1.432614023008010662e+01
-9.524651160226143531e+01 1.430890800106706706e+01
-9.522389342662992817e+01 1.428328336297388113e+01
-9.520736837233411620e+01 1.426340594558700303e+01
-9.519366051858469291e+01 1.424725941188742162e+01
-9.517936103539022952e+01 1.422961344836888387e+01
-9.515876454974221588e+01 1.420599834693771868e+01
-9.514855521908248193e+01 1.419387736572175740e+01
-9.513068479809506073e+01 1.417403790437858468e+01
-9.511183718754439553e+01 1.415225497069911853e+01
-9.509342200279995438e+01 1.413184918382053290e+01
-9.507556321098213914e+01 1.411302410987206812e+01
-9.505338248726843631e+01 1.408784400586714725e+01
-9.503354221392901025e+01 1.406570759408598370e+01
-9.502040936484357303e+01 1.405114069573390090e+01
-9.500089095838505671e+01 1.403004978867530106e+01
-9.498608286862463501e+01 1.401391220773825452e+01
-9.496850855194146845e+01 1.399488024277568776e+01
-9.495334556399023995e+01 1.398020090914476654e+01
-9.493670019180480324e+01 1.396348306707618647e+01
-9.491781466026451142e+01 1.394412545402385639e+01
-9.490337807190755370e+01 1.392963511162038159e+01
-9.488407183828589098e+01 1.391063417226402343e+01
-9.486659138218290366e+01 1.389271435322790360e+01
-9.484842521866028164e+01 1.387503269027943098e+01
-9.482609096775979651e+01 1.385314846331361949e+01
-9.481297697179296335e+01 1.384038992528352807e+01
-9.479391404605546256e+01 1.382283855573524711e+01
-9.477386004987678803e+01 1.380373406091285027e+01
-9.475473903067803860e+01 1.378478811878652799e+01
-9.473406389978585196e+01 1.376491674052175895e+01
-9.470953558346562318e+01 1.374131163904032071e+01
-9.469460986990355877e+01 1.372693420694492694e+01
-9.467271328162659927e+01 1.370602236905812887e+01
-9.466101591519660019e+01 1.369554943241435829e+01
-9.464086792877789378e+01 1.367678751657470393e+01
-9.462659834471881481e+01 1.366324827089408700e+01
-9.460764529047429505e+01 1.364603502848934724e+01
-9.459187977429411376e+01 1.363072293919589129e+01
-9.456936543844233256e+01 1.361069027358786343e+01
-9.455101294933854206e+01 1.359469067564443456e+01
-9.453586184494514555e+01 1.358069040567736963e+01
-9.451301884520931651e+01 1.356104522575175686e+01
-9.449103558522629953e+01 1.354148269771929058e+01
-9.447691493611792168e+01 1.352868085973327261e+01
-9.446151121523300276e+01 1.351565869005987608e+01
-9.443767552550961852e+01 1.349608208151181366e+01
-9.441737625518202037e+01 1.347883774181297589e+01
-9.440146655346828197e+01 1.346585327836250201e+01
-9.437882528190161224e+01 1.344641245553365572e+01
-9.435370326928490670e+01 1.342581619890916045e+01
-9.433051638559096830e+01 1.340638286260420742e+01
-9.431388688906010032e+01 1.339289377132363335e+01
-9.429543103123921810e+01 1.337839690227678346e+01
-9.427747867644417568e+01 1.336361534803123874e+01
-9.425930891780193122e+01 1.334902410190349897e+01
-9.423901188534955509e+01 1.333309145834225440e+01
-9.422433142774139014e+01 1.332184837549278100e+01
-9.420277807488541555e+01 1.330521261646086728e+01
-9.418056304561866909e+01 1.328798091565363571e+01
-9.416091807681968362e+01 1.327230948683637202e+01
-9.414399102069869230e+01 1.325862608799313946e+01
-9.412336958052283364e+01 1.324304983144590864e+01
-9.409537059641682788e+01 1.322043471604004417e+01
-9.407655159522589372e+01 1.320466377282539483e+01
-9.404895997716853628e+01 1.318410597791870664e+01
-9.403050516047760254e+01 1.316967063862568033e+01
-9.401177089312685098e+01 1.315566064619107856e+01
-9.399405671805497775e+01 1.314295026516048992e+01
-9.397235644987719638e+01 1.312642035992930012e+01
-9.395086849877536395e+01 1.311158743670934257e+01
-9.393248762836861943e+01 1.309771238561508078e+01
-9.390450198888335365e+01 1.307667490322224246e+01
-9.388941010193299519e+01 1.306478744828705807e+01
-9.386427921693893950e+01 1.304702629720867968e+01
-9.384455210312331985e+01 1.303286413707287927e+01
-9.381797810958479999e+01 1.301410414862565545e+01
-9.379988055423623905e+01 1.300020637010559810e+01
-9.378074697872767729e+01 1.298641831103279110e+01
-9.376043614178398400e+01 1.297240980623635132e+01
-9.374054135117492592e+01 1.295832654641089654e+01
-9.371666405252933885e+01 1.294093636022843441e+01
-9.369440354173814001e+01 1.292512645307342112e+01
-9.367396841972097832e+01 1.291056340853156392e+01
-9.365002569914993558e+01 1.289319872192129424e+01
-9.362844241467917072e+01 1.287740611810613522e+01
-9.360818506279653661e+01 1.286381842499721451e+01
-9.358895457149148456e+01 1.285110478107210241e+01
-9.357405755140580084e+01 1.284093797818851890e+01
-9.354963381059394578e+01 1.282412808499404910e+01
-9.352546722054128736e+01 1.280798020733256593e+01
-9.350235588767478134e+01 1.279236816935262233e+01
-9.348096386187529561e+01 1.277767844813380549e+01
-9.345788246161747281e+01 1.276135205129882166e+01
-9.343285660813626237e+01 1.274505709240758478e+01
-9.340415249503320183e+01 1.272560980927169183e+01
-9.336925876558890991e+01 1.270163927228591128e+01
-9.335188588187091341e+01 1.269014726541667670e+01
-9.332714820851262516e+01 1.267406479350695392e+01
-9.330449605447211070e+01 1.265916731626340486e+01
-9.327501020739551052e+01 1.264016038268647080e+01
-9.325512973341349721e+01 1.262777189033235281e+01
-9.323923254320682474e+01 1.261850601261776639e+01
-9.321632874254416379e+01 1.260392475993601025e+01
-9.319281562795227103e+01 1.258912988712499192e+01
-9.316891300860636704e+01 1.257456670165473511e+01
-9.314751636894355613e+01 1.256119530792576455e+01
-9.312323572716329068e+01 1.254562346163119990e+01
-9.310642055651526050e+01 1.253527418617124489e+01
-9.308039595537384514e+01 1.251905597947411586e+01
-9.305689458513136003e+01 1.250477016565770683e+01
-9.303544713281934264e+01 1.249224664543427998e+01
-9.301434747599158470e+01 1.247945159548172356e+01
-9.298793284514317747e+01 1.246302435370958861e+01
-9.296425377347046037e+01 1.244861880277663424e+01
-9.294144047507003847e+01 1.243399568557782331e+01
-9.291740973000982251e+01 1.241955648603877549e+01
-9.289211438689191880e+01 1.240467115670469589e+01
-9.286342890449768106e+01 1.238880168744414156e+01
-9.283949105867468177e+01 1.237443046322678875e+01
-9.282242519511984824e+01 1.236486220987065465e+01
-9.279692264594163476e+01 1.235036302576339473e+01
-9.277796642541360939e+01 1.233830394262430730e+01
-9.276262625168006082e+01 1.232916777656256180e+01
-9.273601137937029648e+01 1.231370374527933897e+01
-9.270428156348876314e+01 1.229470168106600880e+01
-9.268436432396708824e+01 1.228290911138874719e+01
-9.265792044994434207e+01 1.226759432916133896e+01
-9.263740171029300541e+01 1.225591695400301617e+01
-9.260880562594323351e+01 1.223917731590182534e+01
-9.258609941614659533e+01 1.222624186504398125e+01
-9.256239476882662132e+01 1.221290117592021574e+01
-9.254022704050386494e+01 1.220007406666974781e+01
-9.250922362567246182e+01 1.218165453369247508e+01
-9.249033003663878105e+01 1.217086532659505593e+01
-9.246337400807155404e+01 1.215585699466939573e+01
-9.243777654965255408e+01 1.214073292213862487e+01
-9.240883300045219073e+01 1.212579537339738600e+01
-9.238331752636668170e+01 1.211141009511898581e+01
-9.236589744340307107e+01 1.210200557760475171e+01
-9.233785386308552745e+01 1.208571974461569987e+01
-9.230723267925604603e+01 1.206825009759214140e+01
-9.228676050209917037e+01 1.205740034123492599e+01
-9.226664581123512221e+01 1.204629480088545179e+01
-9.223511904767190117e+01 1.202910841825762489e+01
-9.220838638102128471e+01 1.201412219387969671e+01
-9.217677584274566982e+01 1.199642081316965836e+01
-9.215552469514328493e+01 1.198543133073394351e+01
-9.213302644260318175e+01 1.197368565465969859e+01
-9.210334101755766767e+01 1.195815673730421125e+01
-9.206831053189360148e+01 1.194032209984713866e+01
-9.203802044985751252e+01 1.192480707516460825e+01
-9.201049194648952323e+01 1.190948505175042982e+01
-9.198580883654825868e+01 1.189520709264025911e+01
-9.195984230821723315e+01 1.188072332071117110e+01
-9.192339251798607336e+01 1.186242371801710505e+01
-9.189593810563447107e+01 1.184749224639251430e+01
-9.187327986835418869e+01 1.183610208803756869e+01
-9.184697461785307837e+01 1.182284678492084140e+01
-9.180269731051023996e+01 1.180021081331325128e+01
-9.177088190169236270e+01 1.178419373404632964e+01
-9.174554834233505574e+01 1.177123674404265508e+01
-9.172173797067043211e+01 1.175844647761907957e+01
-9.168991876771086424e+01 1.174235027556222022e+01
-9.166302887678124023e+01 1.172882454457398538e+01
-9.164605880911221902e+01 1.171979714041146359e+01
-9.161834196984011669e+01 1.170585982547516402e+01
-9.159650856429404087e+01 1.169479979398880687e+01
-9.156695096993483673e+01 1.168033343149348724e+01
-9.153814361630749374e+01 1.166546657308934520e+01
-9.150994947213186492e+01 1.165152051182135828e+01
-9.148524579044330096e+01 1.163892533406265173e+01
-9.146091812115977859e+01 1.162690722563671208e+01
-9.144121862675542900e+01 1.161768349927095301e+01
-9.141485446555998351e+01 1.160452163858795771e+01
-9.139367907536855284e+01 1.159472059601603178e+01
-9.136560322806198542e+01 1.158096042682714355e+01
-9.133476758960796360e+01 1.156518027314367814e+01
-9.130400477716416674e+01 1.155095548165254016e+01
-9.127106898209041219e+01 1.153443678788506688e+01
-9.124323388631978560e+01 1.152143384624459976e+01
-9.121853841567110521e+01 1.150859696102128460e+01
-9.118946784186566390e+01 1.149504578652791764e+01
-9.116872940378141266e+01 1.148512096832802598e+01
-9.114920054775858205e+01 1.147530023082124906e+01
-9.111548315868724046e+01 1.145853416834198590e+01
-9.108737617966173161e+01 1.144581358891715617e+01
-9.106423758458055318e+01 1.143560539953982236e+01
-9.103850987878755063e+01 1.142372432634832968e+01
-9.101441003708251287e+01 1.141287927401213054e+01
-9.099063526301310389e+01 1.140154207463715785e+01
-9.096861082983942026e+01 1.139071366476233749e+01
-9.094396033977129434e+01 1.137835104983184920e+01
-9.092040335413855701e+01 1.136737299375354482e+01
-9.088191878050795935e+01 1.134940664158097157e+01
-9.086003483088349242e+01 1.133876489198473436e+01
-9.084245415270397928e+01 1.133044829262945008e+01
-9.081243950241923812e+01 1.131524648601308058e+01
-9.078424375176062711e+01 1.130237817423023294e+01
-9.076271031658318122e+01 1.129187430620232391e+01
-9.073589138491018957e+01 1.127930719337147814e+01
-9.071014684602035061e+01 1.126777722947582383e+01
-9.068346049779295015e+01 1.125599105785227039e+01
-9.065453064631752511e+01 1.124322894864035050e+01
-9.063464269489570313e+01 1.123429211411128925e+01
-9.060500255147475457e+01 1.122149817725522958e+01
-9.057721861244156969e+01 1.120943014249696290e+01
-9.055938006651498995e+01 1.120124840867649141e+01
-9.053358544613216452e+01 1.118995493124406693e+01
-9.050749480672010350e+01 1.117890983254646819e+01
-9.047465932954602863e+01 1.116461466520563128e+01
-9.044192486632387329e+01 1.115019699466763825e+01
-9.041846135244112759e+01 1.113936612711447438e+01
-9.039760927053974626e+01 1.113042547045444053e+01
-9.037613396612157146e+01 1.112090140114885983e+01
-9.034860758557080374e+01 1.110866499207464919e+01
-9.031875704833929319e+01 1.109577561678565871e+01
-9.029449254040886785e+01 1.108518451311833175e+01
-9.027979590621833950e+01 1.107814803421646488e+01
-9.025540017204097865e+01 1.106739182804111721e+01
-9.023702917868845930e+01 1.105951616790039616e+01
-9.020604333041035261e+01 1.104567044230523720e+01
-9.017502901667604931e+01 1.103299634940531959e+01
-9.015241243192306797e+01 1.102318181739000202e+01
-9.012787928453572306e+01 1.101264820135584976e+01
-9.009870821219064396e+01 1.100016156116871358e+01
-9.007112543479594535e+01 1.098925642084560117e+01
-9.005069471196138409e+01 1.098085190226660046e+01
-9.002708235154285887e+01 1.097099841138262555e+01
-8.999977721254317942e+01 1.095985729949084231e+01
-8.996691292445537158e+01 1.094572722606489634e+01
-8.994235043384216510e+01 1.093564322562731839e+01
-8.991194359279094783e+01 1.092232255444787370e+01
-8.987813093860387426e+01 1.090756968302428120e+01
-8.984592965224808836e+01 1.089550530533038142e+01
-8.981579788762505245e+01 1.088310069119060941e+01
-8.979418596676380560e+01 1.087392067917445537e+01
-8.976090455715073801e+01 1.086081582436593962e+01
-8.973742757197209130e+01 1.085092242570151555e+01
-8.971069631185507376e+01 1.083953268637461065e+01
-8.968205865704275936e+01 1.082790053311055800e+01
-8.966224341777413542e+01 1.081931253451230113e+01
-8.964049098320208486e+01 1.081017597221421234e+01
-8.961590966219459631e+01 1.080003108150292235e+01
-8.958925278032103279e+01 1.078892370062033024e+01
-8.956292906809819954e+01 1.077862241162914714e+01
-8.953940111695587234e+01 1.076951545531665211e+01
-8.951380152140581004e+01 1.075891421976024809e+01
-8.948890934732158087e+01 1.074872198372093735e+01
-8.946852387323693279e+01 1.074064146350237792e+01
-8.944381814682141396e+01 1.073128380813358973e+01
-8.941557274877571615e+01 1.071972072043362978e+01
-8.938257331377852211e+01 1.070703000970847718e+01
-8.935817388663078020e+01 1.069743726942322049e+01
-8.933462978102257068e+01 1.068831568958468381e+01
-8.930537633269860009e+01 1.067747834112603478e+01
-8.927406426755867130e+01 1.066542961423554381e+01
-8.925331630856874199e+01 1.065688191537421581e+01
-8.922935379809108269e+01 1.064741170256974812e+01
-8.919613544440403530e+01 1.063397854058145953e+01
-8.916761032646803642e+01 1.062278314062718998e+01
-8.913951098258264949e+01 1.061146854824209207e+01
-8.911389094274014155e+01 1.060172805059906764e+01
-8.909579844514365732e+01 1.059441581868489202e+01
-8.907152926287255923e+01 1.058459252324695932e+01
-8.904419500871983928e+01 1.057377514102495830e+01
-8.902749148282489955e+01 1.056673232245654859e+01
-8.899965093875158573e+01 1.055572587254320105e+01
-8.897312804070034531e+01 1.054512075547842542e+01
-8.894576663061120314e+01 1.053397297491237516e+01
-8.891730825842812180e+01 1.052256558696291222e+01
-8.889944561102691978e+01 1.051574619998740623e+01
-8.887594424217148514e+01 1.050683672804994018e+01
-8.884532360804639950e+01 1.049462300183000352e+01
-8.882342725962391228e+01 1.048633581247486646e+01
-8.879881265994241346e+01 1.047657960016836931e+01
-8.876552795940855844e+01 1.046380634633747597e+01
-8.873443843948270171e+01 1.045211701021828965e+01
-8.869889981680286439e+01 1.043896761987628530e+01
-8.867164094316130729e+01 1.042841667638680647e+01
-8.864852409486067586e+01 1.041988281318237419e+01
-8.861980821091235327e+01 1.040897757954567560e+01
-8.858722445674629853e+01 1.039661798702857887e+01
-8.855364947230177108e+01 1.038473679461881893e+01
-8.852976159847152360e+01 1.037562228532954478e+01
-8.850572785343121041e+01 1.036606918943952493e+01
-8.848408329334034761e+01 1.035835559005400341e+01
-8.845654628911101724e+01 1.034871572118768412e+01
-8.842494272911550013e+01 1.033727292824646682e+01
-8.838911448746056010e+01 1.032446757771804968e+01
-8.836275738893272091e+01 1.031506951323865628e+01
-8.833304725854698347e+01 1.030509587900581003e+01
-8.830445861871059776e+01 1.029478562638805528e+01
-8.827211812863693297e+01 1.028206395340051138e+01
-8.824039412763960399e+01 1.027065989637073429e+01
-8.821307228048463855e+01 1.026082207326799356e+01
-8.818165364624145752e+01 1.024944565531583507e+01
-8.815973511568959964e+01 1.024165396201707345e+01
-8.813291290478966289e+01 1.023175071548481085e+01
-8.810144799932129445e+01 1.022064938214890439e+01
-8.808281194712679962e+01 1.021340063000252485e+01
-8.806153044569886390e+01 1.020553830314271337e+01
-8.803887050165974415e+01 1.019686126871522269e+01
-8.801103361022209981e+01 1.018720730352430692e+01
-8.798480932940499599e+01 1.017770547281428506e+01
-8.796125348046568604e+01 1.016878620831904989e+01
-8.792505288121186879e+01 1.015627229277340859e+01
-8.788972083561360193e+01 1.014283221432017079e+01
-8.786468528852520876e+01 1.013429428377955865e+01
-8.784589417573572234e+01 1.012749671005060392e+01
-8.781969659223776148e+01 1.011826842539422344e+01
-8.779268002266665860e+01 1.010851774498071087e+01
-8.776189077440689346e+01 1.009811993349882542e+01
-8.773696783180926673e+01 1.008949411973625665e+01
-8.770798476699789603e+01 1.007974712981629573e+01
-8.768896654401711999e+01 1.007322717570033355e+01
-8.767201834882786216e+01 1.006752960244065420e+01
-8.764062180711680128e+01 1.005711882176070837e+01
-8.760773576231532900e+01 1.004575518847936699e+01
-8.757646580624471255e+01 1.003509041561481752e+01
-8.755291762059748351e+01 1.002723865293986094e+01
-8.751707893124439863e+01 1.001546097767223920e+01
-8.749064072265105096e+01 1.000601973922744747e+01
-8.746691362758626553e+01 9.998150171537199427e+00
-8.743511506947979228e+01 9.986829453066819795e+00
-8.740171617858385389e+01 9.975460427170206756e+00
-8.737702712530349913e+01 9.967141697543071999e+00
-8.735462251408790735e+01 9.959367063765515837e+00
-8.732656131807691224e+01 9.949632784887983306e+00
-8.728870606824764877e+01 9.937086333403069460e+00
-8.725597738271098081e+01 9.926827593893486679e+00
-8.722302343150069248e+01 9.916246838124525453e+00
-8.719825811798062887e+01 9.907683419039306827e+00
-8.717303439972958756e+01 9.899319314285875748e+00
-8.714039783901550607e+01 9.888046058465828736e+00
-8.711529176844977940e+01 9.880114847584597015e+00
-8.709035700652061962e+01 9.871966052252881596e+00
-8.706712275804360956e+01 9.864388848459585191e+00
-8.704262171830995953e+01 9.855915619381477200e+00
-8.701508183022740184e+01 9.847712785900114341e+00
-8.698887732976101006e+01 9.838716151510254804e+00
-8.696350261235573953e+01 9.830536062675518494e+00
-8.693524674620456949e+01 9.821148728171513298e+00
-8.690935995346251275e+01 9.812669394377747878e+00
-8.688780476071005410e+01 9.805834464493498714e+00
-8.685307471259878298e+01 9.794044312240368200e+00
-8.682477797593750779e+01 9.784124360492453931e+00
-8.679417047913241845e+01 9.774684534588756080e+00
-8.676389800168027477e+01 9.765125304142486584e+00
-8.674724125265254315e+01 9.759674681808682806e+00
-8.672313211389358401e+01 9.751362484055901447e+00
-8.670079763191208144e+01 9.744250851405128699e+00
-8.666965008692851313e+01 9.733898477070843214e+00
-8.663933774618891448e+01 9.724728806210823251e+00
-8.661088271754515233e+01 9.715881612258671751e+00
-8.657990688971513293e+01 9.705078254734141652e+00
-8.655429316206478063e+01 9.697013349303411189e+00
-8.653031603201662847e+01 9.689197425039685285e+00
-8.650871996990906609e+01 9.682397670516653676e+00
-8.648036432273337937e+01 9.673350702337691231e+00
-8.645182907848133880e+01 9.663826295588270554e+00
-8.642407121519030966e+01 9.654790827001686893e+00
-8.639364176541317875e+01 9.645373691220862966e+00
-8.637167999493988191e+01 9.638521200844374803e+00
-8.634905447863978623e+01 9.631883037614391796e+00
-8.632468748954846660e+01 9.623937369780122708e+00
-8.630276331707072757e+01 9.617237626282445717e+00
-8.627324047134781893e+01 9.607807202593564355e+00
-8.623361640589322974e+01 9.596265818865663988e+00
-8.619966449531582953e+01 9.585521376161741713e+00
-8.617961588760377367e+01 9.579350785726301609e+00
-8.615875639592263724e+01 9.572544735619660017e+00
-8.612047301328389892e+01 9.560678009737783256e+00
-8.609240932465228013e+01 9.551574974455162348e+00
-8.606839417238394674e+01 9.543666144841605359e+00
-8.604450226377603883e+01 9.535709490075539918e+00
-8.601773434233174953e+01 9.527209180411807310e+00
-8.598591678137776739e+01 9.517344795670899416e+00
-8.595109580991724840e+01 9.505519048195541387e+00
-8.592226607511794612e+01 9.496926719076929757e+00
-8.590294444251073003e+01 9.491000459657177757e+00
-8.587838434751151340e+01 9.483510947263637192e+00
-8.585624759283163598e+01 9.477490637903949633e+00
-8.583566075248469929e+01 9.470542562746341986e+00
-8.580195506153931717e+01 9.460428985137385283e+00
-8.577349666707944209e+01 9.452069074997364595e+00
-8.573913586563045897e+01 9.441413876855579090e+00
-8.570088466006171757e+01 9.429301429833861548e+00
-8.566914951976556836e+01 9.419600349059329858e+00
-8.563808152301093912e+01 9.409978595831869796e+00
-8.561616722722334316e+01 9.403376289745331462e+00
-8.557277985516400065e+01 9.391057140993446239e+00
-8.554114965871340814e+01 9.382194241622519471e+00
-8.550448740986738017e+01 9.371012899300458443e+00
-8.547569552186290309e+01 9.362110127800013615e+00
-8.544981499613066944e+01 9.354156643342353306e+00
-8.542045331759398152e+01 9.345413691651497601e+00
-8.539801367951980637e+01 9.338359822363960561e+00
-8.537129715078665981e+01 9.329787298746914814e+00
-8.534112190344617943e+01 9.320779288709937660e+00
-8.531756100861410630e+01 9.313973724752685257e+00
-8.528677462438312773e+01 9.305236655916834465e+00
-8.525176765752199515e+01 9.294219073921230034e+00
-8.521809712626620126e+01 9.284340839587217786e+00
-8.519971340105468016e+01 9.278772145579043951e+00
-8.517044626061500878e+01 9.270527824547487583e+00
-8.513560036427105615e+01 9.259661327117598262e+00
-8.511324468346438721e+01 9.253082045447275306e+00
-8.509117249516276615e+01 9.246971345001725240e+00
-8.506994311691151722e+01 9.240688798980393415e+00
-8.504346319918244035e+01 9.233041713817710772e+00
-8.500947100295564951e+01 9.223094873959853501e+00
-8.498984327780291892e+01 9.217113218504042749e+00
-8.495795310146793611e+01 9.207479815472165541e+00
-8.493157111914661073e+01 9.199803715965813922e+00
-8.489904663969529963e+01 9.190862194123532447e+00
-8.487763057461147298e+01 9.184247707533065963e+00
-8.485826024469457707e+01 9.178412916879238992e+00
-8.483456526061530667e+01 9.171397237466241137e+00
-8.481516075064162408e+01 9.165950280487761503e+00
-8.478405012094245308e+01 9.157167203873740391e+00
-8.475929298507978160e+01 9.150490766595122949e+00
-8.473846684980379962e+01 9.144381728995913505e+00
-8.471505337546093983e+01 9.137715356883180817e+00
-8.468243857424749876e+01 9.128246101789009970e+00
-8.465841404675357751e+01 9.121259702619600063e+00
-8.463881460997636452e+01 9.115913685776257935e+00
-8.460476809490977246e+01 9.105411744803729945e+00
-8.456665414150305082e+01 9.094308235947764274e+00
-8.454333260435713271e+01 9.087560229863898442e+00
-8.451251972393565381e+01 9.078984672647019138e+00
-8.448780826504000174e+01 9.071628448534093891e+00
-8.446501662573099622e+01 9.064799134777191014e+00
-8.442961743372943317e+01 9.054724537022497799e+00
-8.439892249727373041e+01 9.045635528481673404e+00
-8.437839373255718556e+01 9.039215926585050909e+00
-8.435465567297652001e+01 9.032456419614995013e+00
-8.432888446990119746e+01 9.025085589723659041e+00
-8.430345692304962313e+01 9.018124843289905712e+00
-8.427154088829516354e+01 9.009133757040325818e+00
-8.424970997876143031e+01 9.002728964330177774e+00
-8.422902411490437657e+01 8.997401931279307874e+00
-8.420319892807336259e+01 8.990296010723712428e+00
-8.417496084992528438e+01 8.982224917978792078e+00
-8.414345311012681350e+01 8.973930431475306335e+00
-8.411817058810213155e+01 8.966893997381999881e+00
-8.408144882339708204e+01 8.955982069746289298e+00
-8.404632064452600559e+01 8.945898891553042631e+00
-8.401976725444522742e+01 8.938483589130896689e+00
-8.398275658633363605e+01 8.928428536628100431e+00
-8.394785981442936418e+01 8.918991995534243600e+00
-8.391599696615635651e+01 8.910344060566686153e+00
-8.388852811201827819e+01 8.902661345456580833e+00
-8.386379327211679424e+01 8.896051934668840033e+00
-8.383907479236313520e+01 8.888834627789867326e+00
-8.380950998502322591e+01 8.880522429298048692e+00
-8.378406375317959487e+01 8.873621492107400144e+00
-8.375714085744735371e+01 8.866543527411728576e+00
-8.373145376736678713e+01 8.859870160634741865e+00
-8.370225681413755581e+01 8.851920937347394158e+00
-8.367695604538431553e+01 8.844772986699144468e+00
-8.364696584551845149e+01 8.836880826663083610e+00
-8.361999475238270918e+01 8.829378375854398442e+00
