4.000000000000000000e+00 4.000000000000000000e+00
3.996572683494270972e+00 4.083703877049286390e+00
3.990570282277863257e+00 4.230086523983977997e+00
3.984467368185161895e+00 4.379165601691216381e+00
3.980224671867599096e+00 4.482968303264454057e+00
3.976539785702471352e+00 4.573093664327856800e+00
3.972924026692151500e+00 4.661334825452374098e+00
3.967710838180398270e+00 4.788420220903153890e+00
3.962929478139210371e+00 4.905265449760341845e+00
3.955895761206476902e+00 5.077052744342403834e+00
3.950698630336007433e+00 5.204330281335642461e+00
3.943673083852838435e+00 5.375930983116003148e+00
3.937274167994746499e+00 5.532677397089083016e+00
3.931174799392453512e+00 5.681762326407241659e+00
3.922046023070508092e+00 5.904695377887967389e+00
3.915054879391957954e+00 6.075474766535879922e+00
3.908294094289838316e+00 6.240579249661717398e+00
3.900101611836335191e+00 6.440437672821553328e+00
3.891847256449389558e+00 6.642141675318684158e+00
3.882386868249417144e+00 6.873524013038140978e+00
3.873031430250406526e+00 7.101705692474869380e+00
3.865645495124858222e+00 7.282047134316695924e+00
3.855886446925962829e+00 7.520708423841770518e+00
3.845760905110591654e+00 7.768514060016789458e+00
3.836979389740167168e+00 7.982686463855511505e+00
3.830570713773910896e+00 8.139335094834699191e+00
3.821177566746140730e+00 8.368923999811295644e+00
3.813226733750306519e+00 8.563033260883871733e+00
3.804956090864297202e+00 8.765274530790012619e+00
3.794807293355809019e+00 9.013447173140303192e+00
3.786687800577019036e+00 9.211951165390470209e+00
3.773405990775296814e+00 9.536254327964895694e+00
3.762170113589331955e+00 9.811134422815007028e+00
3.753488603320575656e+00 1.002308050618976054e+01
3.737001961824606422e+00 1.042526423893680310e+01
3.726969448714509081e+00 1.067030496970150999e+01
3.712380575210139977e+00 1.102673449053613908e+01
3.700508050157124806e+00 1.131637215935767493e+01
3.682155521590321445e+00 1.176493591457074750e+01
3.668888165360941311e+00 1.208857748435286794e+01
3.656371866697152750e+00 1.239494042133226692e+01
3.645091831755262746e+00 1.267075475331825807e+01
3.633985010223390599e+00 1.294273993065362660e+01
3.621428235674223561e+00 1.324923491155423250e+01
3.607260915271777169e+00 1.359640662298544278e+01
3.594967715944563658e+00 1.389667894727629616e+01
3.582853870260672924e+00 1.419162865442095800e+01
3.558234211593299445e+00 1.479226644866898788e+01
3.542046286286463452e+00 1.518757794787562609e+01
3.522142284535432211e+00 1.567406363106208111e+01
3.507521906162706760e+00 1.603074218323900269e+01
3.492196816585482200e+00 1.640488410554822707e+01
3.469548426214987824e+00 1.695782197025232918e+01
3.453580372215460326e+00 1.734852443237935304e+01
3.436621461417195267e+00 1.776353564091115800e+01
3.419862514432272071e+00 1.817272129811699344e+01
3.404776082631876921e+00 1.854091754963653571e+01
3.380571025188855216e+00 1.913311738250465410e+01
3.357018284418431975e+00 1.970947007976158361e+01
3.331063664321363138e+00 2.034555404346404472e+01
3.309475796417095772e+00 2.087121698220934718e+01
3.290833724833989837e+00 2.132542666918449470e+01
3.263449882757630593e+00 2.199424003854480247e+01
3.236737683235248131e+00 2.264705321452289155e+01
3.219170140760517551e+00 2.307650729758588071e+01
3.196764774201955817e+00 2.362276336555696332e+01
3.176734817098076924e+00 2.411206192643268409e+01
3.150002053879487285e+00 2.475718475089617954e+01
3.116885146807129026e+00 2.555200875037455077e+01
3.086661565673642471e+00 2.627130463057397591e+01
3.057456327578973898e+00 2.696017535986003111e+01
3.032531807713233718e+00 2.754317926837933683e+01
3.009096587107059850e+00 2.808778703236051300e+01
2.976895373576836423e+00 2.882936344119163152e+01
2.941987693600832454e+00 2.962850615081955397e+01
2.904796917209835350e+00 3.046770269364246531e+01
2.869915032122805965e+00 3.124937592036832257e+01
2.835011083708029123e+00 3.201947918921308656e+01
2.791943393730752287e+00 3.296150630386234326e+01
2.754682343021321866e+00 3.376486048004646534e+01
2.709049435790911620e+00 3.473804524787879444e+01
2.665599988426856193e+00 3.565136777139935020e+01
2.620734548779233286e+00 3.658155501177550661e+01
2.576586426748268543e+00 3.748467342974876004e+01
2.530334008177284488e+00 3.841528702249749472e+01
2.500934309651984044e+00 3.899823146968022769e+01
2.447530885523134359e+00 4.004620385795323045e+01
2.401496202251196976e+00 4.093246205657912640e+01
2.361792825445458543e+00 4.168109729312705980e+01
2.310010209165174633e+00 4.264571878705150709e+01
2.267295773678434045e+00 4.342778707494466062e+01
2.229170389080191050e+00 4.411629880526871972e+01
2.173074696570379327e+00 4.511057335672091995e+01
2.122227815483392455e+00 4.599503241793757269e+01
2.067874481580291857e+00 4.691893294404704307e+01
2.028230869050552609e+00 4.758085251988588738e+01
1.971511291313770453e+00 4.850691188631748219e+01
1.919895646514760301e+00 4.933042951540999610e+01
1.857512210154093513e+00 5.030303514148182842e+01
1.783660259202660470e+00 5.141616470819076312e+01
1.731800062258608275e+00 5.217636005956582324e+01
1.672594534167037850e+00 5.302209494824548841e+01
1.630704864212057403e+00 5.360439138792766300e+01
1.545547382086590815e+00 5.474914177906659773e+01
1.494366456168808366e+00 5.541388303153599537e+01
1.436227348833915007e+00 5.614533782832573650e+01
1.376827971602139433e+00 5.687003525486185396e+01
1.326306732336902661e+00 5.746503931313577596e+01
1.272117760642394568e+00 5.808121742632537376e+01
1.211471544893619301e+00 5.874669639330669924e+01
1.148643810485109773e+00 5.940848011950672003e+01
1.082380940889354104e+00 6.007938376277367354e+01
1.023604667909236987e+00 6.064800249530808429e+01
9.726089219275776410e-01 6.111751462660723888e+01
9.150052318138583995e-01 6.159310504247714846e+01
8.205622932627847366e-01 6.213438700053782071e+01
7.073852165733099939e-01 6.260519134482880332e+01
5.666152319156138040e-01 6.303778324512220621e+01
3.988242328649838075e-01 6.342892266854120464e+01
2.028423239488002516e-01 6.377146227047077076e+01
-1.152668786732743561e-01 6.414825655659579695e+01
-4.932087387587505978e-01 6.441040471756615204e+01
-8.754925870820150502e-01 6.454739484910277270e+01
-1.128511881612942913e+00 6.458909878050342002e+01
-1.581629431414278697e+00 6.459384173048123046e+01
-1.903213257566867656e+00 6.455673888267583038e+01
-2.483400325905095407e+00 6.441433962017245562e+01
-2.883053405245604939e+00 6.428424404535266490e+01
-3.350635931710507887e+00 6.411123421405417844e+01
-3.789066266522436166e+00 6.394742353295601589e+01
-4.211512363811768189e+00 6.378350013472046953e+01
-4.661965144056471999e+00 6.360954832739585640e+01
-5.400789360315564558e+00 6.331252757424576316e+01
-5.964854992084975827e+00 6.302032335284531683e+01
-6.610138028901409335e+00 6.245614403636334089e+01
-7.398373458810791448e+00 6.134798510792040105e+01
-7.967059740190355122e+00 6.038000877008015976e+01
-8.505860228339589213e+00 5.935179463471983041e+01
-9.207232561088483536e+00 5.785514677783141479e+01
-9.710301057967550165e+00 5.667118109673275228e+01
-1.048322858637951960e+01 5.467673003577409929e+01
-1.125559492970030817e+01 5.247507891630947796e+01
-1.209050517432095617e+01 4.984698361318557858e+01
-1.258581108895766221e+01 4.816906813607057813e+01
-1.327546015215878406e+01 4.568581037967969394e+01
-1.392941669147757366e+01 4.317611695320654519e+01
-1.448475290976500318e+01 4.092188190439894413e+01
-1.496072858754444823e+01 3.990802859312888273e+01
-1.536860732295802734e+01 3.984204877210908080e+01
-1.611936794557020036e+01 3.972822742767446869e+01
-1.657757404277892022e+01 3.965931191071226891e+01
-1.731188037819753589e+01 3.954898271365988904e+01
-1.780485980839134896e+01 3.947567301075967805e+01
-1.834775358113397914e+01 3.939692733054364737e+01
-1.878622054300488742e+01 3.933320100330491442e+01
-1.938640012192239936e+01 3.924736472319606406e+01
-1.997889610353132994e+01 3.916362662908975523e+01
-2.057201898985799815e+01 3.908329850631528757e+01
-2.111671346202703603e+01 3.900775892609514983e+01
-2.169187810084594759e+01 3.892745323758767029e+01
-2.232474175437937092e+01 3.884211115027769523e+01
-2.304497112825683658e+01 3.874446867998943134e+01
-2.388018729386497441e+01 3.863299296972825658e+01
-2.448721662408117083e+01 3.855056624253147390e+01
-2.505092673043404616e+01 3.847577665780486456e+01
-2.556399422025848267e+01 3.840462613536278980e+01
-2.603901987725134504e+01 3.834356111422558655e+01
-2.654216166104087549e+01 3.827826836329013815e+01
-2.718056851167901300e+01 3.819644598043304740e+01
-2.776374605801343876e+01 3.812227345953508006e+01
-2.842731711007968087e+01 3.803592312518698293e+01
-2.884704326012807840e+01 3.798500120420764148e+01
-2.952923309082697756e+01 3.789603481198491153e+01
-3.005923793598162774e+01 3.782754839246872791e+01
-3.079786651205455428e+01 3.773400279388457079e+01
-3.118786586860908372e+01 3.768591029772218093e+01
-3.186217227346154246e+01 3.760220487103136122e+01
-3.224121414977112465e+01 3.755582805632776910e+01
-3.284803492537988490e+01 3.747913926454671696e+01
-3.349877563359215316e+01 3.739828126144597320e+01
-3.403919411692515951e+01 3.732737099430124772e+01
-3.448687429625762491e+01 3.726963216131511558e+01
-3.529165921055697908e+01 3.716868841486405728e+01
-3.565142602293116880e+01 3.712384621022423659e+01
-3.606848509060661456e+01 3.707232399765056385e+01
-3.665695829351301427e+01 3.699778598936095619e+01
-3.708369318706498774e+01 3.694234838928476705e+01
-3.757663471315917292e+01 3.688017646310105135e+01
-3.806102689266911199e+01 3.681790633222357911e+01
-3.853060517832906839e+01 3.675985767312961627e+01
-3.905990997924607910e+01 3.669145291754436045e+01
-3.947938924736372712e+01 3.663743613041635427e+01
-3.994767408229731132e+01 3.658187440500416443e+01
-4.038315578992220622e+01 3.652409151406180854e+01
-4.092594298877095582e+01 3.645761868538432537e+01
-4.141568338846583686e+01 3.639605422904252663e+01
-4.190967423628062960e+01 3.633421874824122710e+01
-4.231034619450215217e+01 3.628169603629171291e+01
-4.288396320602082312e+01 3.620477646873998623e+01
-4.344250269297783973e+01 3.613439824696483527e+01
-4.385886056757516371e+01 3.607924218509747760e+01
-4.415005648601297850e+01 3.604025672915834377e+01
-4.463404458450184364e+01 3.597475687180826753e+01
-4.500579219873537085e+01 3.592271006405169942e+01
-4.534918638325878959e+01 3.587601714817494525e+01
-4.585550942487954984e+01 3.580517752657941344e+01
-4.626756727061511043e+01 3.574668008333026137e+01
-4.664802258975301896e+01 3.569112038979178436e+01
-4.708646221683551403e+01 3.562271191830459571e+01
-4.745715676579052911e+01 3.556560978001994044e+01
-4.792008846671747335e+01 3.549670777682865719e+01
-4.827493571816459195e+01 3.544114346603105048e+01
-4.871074006005553514e+01 3.536742975600096628e+01
-4.916314435520139625e+01 3.528736812195577954e+01
-4.946812855156339594e+01 3.523240555156284870e+01
-4.981514159705529465e+01 3.517027485351355409e+01
-5.009261042806998177e+01 3.511540791085580082e+01
-5.034777127723505430e+01 3.506204338991717151e+01
-5.054807850542402292e+01 3.501952296866829073e+01
-5.087933729002907768e+01 3.494884805435982145e+01
-5.116743887319065465e+01 3.487924066358094422e+01
-5.139708596523271211e+01 3.482796131096865366e+01
-5.168180241359254268e+01 3.476230115150046629e+01
-5.189742194036130485e+01 3.471512454008695414e+01
-5.216297320174244589e+01 3.465275285908190739e+01
-5.243909926935926791e+01 3.458954212371413206e+01
-5.273334549172788144e+01 3.452033485898822818e+01
-5.294552408193798243e+01 3.447237511569063884e+01
-5.329784528729280169e+01 3.438869605573494681e+01
-5.347620638079481381e+01 3.434693327249362227e+01
-5.370734209755102739e+01 3.429441139484904966e+01
-5.400308293281769068e+01 3.422503942778836006e+01
-5.432767875017976422e+01 3.414710179011483859e+01
-5.460349329102214710e+01 3.408310104662624695e+01
-5.487508650760386786e+01 3.401993596369382544e+01
-5.504827567708164082e+01 3.397853872224735738e+01
-5.524726540622335591e+01 3.393203732986046361e+01
-5.549506632446151855e+01 3.387394384506293932e+01
-5.571879679103770400e+01 3.381952264225817117e+01
-5.605838478564751881e+01 3.373756896950281003e+01
-5.630083297186758529e+01 3.367646095907865345e+01
-5.649671254069167503e+01 3.362947027486404750e+01
-5.668441248989328329e+01 3.358191979565020802e+01
-5.694548083912621905e+01 3.351721307591962784e+01
-5.718588128644746860e+01 3.345896591848821799e+01
-5.736316194552206582e+01 3.341479993994030195e+01
-5.753199731677367623e+01 3.337545155327167379e+01
-5.772442025268860277e+01 3.332680355900934188e+01
-5.793920892076859275e+01 3.327494232729975465e+01
-5.815308385481729658e+01 3.322417436681684677e+01
-5.831306908357058205e+01 3.318507512621274458e+01
-5.863131763953659714e+01 3.310532261371961482e+01
-5.888801297918966071e+01 3.304169632908911325e+01
-5.905663394733637261e+01 3.300038590931249161e+01
-5.926506449120376629e+01 3.294755796248691837e+01
-5.948485756849476047e+01 3.289088548129336687e+01
-5.967039993561155597e+01 3.284597289406546849e+01
-5.989620205648465401e+01 3.278982713157766682e+01
-6.007480774189967576e+01 3.274525455480453928e+01
-6.020947087256503494e+01 3.271248898171822361e+01
-6.041519215688823863e+01 3.266071218760068007e+01
-6.065040182753044462e+01 3.259951181973161738e+01
-6.079073863456461879e+01 3.256327419391305966e+01
-6.099624093784716905e+01 3.250895884639155753e+01
-6.118297962757791453e+01 3.246249255517967214e+01
-6.139231805340494930e+01 3.240900001523986163e+01
-6.155959835448630457e+01 3.236660104541912375e+01
-6.174484403142503908e+01 3.231978135149695674e+01
-6.195356823953470382e+01 3.226766896873510149e+01
-6.211854391460875036e+01 3.222391944576522604e+01
-6.228322391061696095e+01 3.218200164011638265e+01
-6.246316236338777372e+01 3.213637994726813218e+01
-6.267316654013517052e+01 3.208209126763333785e+01
-6.286891673375359346e+01 3.203278973070430879e+01
-6.307604718568201463e+01 3.197946739203803546e+01
-6.318437822442135854e+01 3.195093938695045566e+01
-6.346060731048975612e+01 3.187997688861170431e+01
-6.363404849339568869e+01 3.183438801964464204e+01
-6.385094376553120554e+01 3.177543757266623814e+01
-6.403022875709683603e+01 3.172743324834778278e+01
-6.422494679963446629e+01 3.167804405036360293e+01
-6.443324559295189147e+01 3.162305573962714078e+01
-6.457285159291944865e+01 3.158606028362239826e+01
-6.473816146758737489e+01 3.154038375369104585e+01
-6.491407894937781009e+01 3.149408685998723456e+01
-6.507982189108537341e+01 3.144830722065537998e+01
-6.522453680980186164e+01 3.141036482348457071e+01
-6.544515677923757835e+01 3.135282342815362000e+01
-6.559826320422163803e+01 3.131314628237882758e+01
-6.572769948931878048e+01 3.127902231369530739e+01
-6.589136520494325566e+01 3.123688045392693269e+01
-6.602738997742152094e+01 3.120185678812845609e+01
-6.622687201287484982e+01 3.114685909455748458e+01
-6.642818361145195638e+01 3.109064991557540836e+01
-6.656602965138924333e+01 3.105371592560180005e+01
-6.669564875818910821e+01 3.101915018815145331e+01
-6.684002506684080913e+01 3.097843218143462707e+01
-6.703112541141894098e+01 3.092859760228969535e+01
-6.717894861051460964e+01 3.088797473114640013e+01
-6.731447524349559330e+01 3.085205636105980176e+01
-6.749786009587377578e+01 3.080033193770623257e+01
-6.764741182176462075e+01 3.075943380082957290e+01
-6.778800736383814751e+01 3.071944673626794398e+01
-6.793517168433395170e+01 3.067870471555134770e+01
-6.811975192941953594e+01 3.062740181132238604e+01
-6.830066896630985696e+01 3.057585596383902171e+01
-6.843802797308180175e+01 3.053706784444871758e+01
-6.856213099841873770e+01 3.050271827515920364e+01
-6.874133865909765007e+01 3.045090130381340998e+01
-6.892089120492012455e+01 3.039935231081524591e+01
-6.912092415850348459e+01 3.034306439639746600e+01
-6.929753014292103330e+01 3.029451967422840752e+01
-6.943582537886219086e+01 3.025587540342590032e+01
-6.960991370574853931e+01 3.020614839422114883e+01
-6.978063351470289888e+01 3.015795647314961769e+01
-6.996343324919119766e+01 3.010422617198544160e+01
-7.008301398154645767e+01 3.007068443596144292e+01
-7.019475641004645183e+01 3.003858585359828481e+01
-7.041276730973362419e+01 2.997606637588026501e+01
-7.054711923376505922e+01 2.993563636603560241e+01
-7.077242120727163410e+01 2.986882042272112869e+01
-7.092314725289227795e+01 2.982427006037113415e+01
-7.107369744326651073e+01 2.978159079096563389e+01
-7.126169700105194238e+01 2.972724708412648198e+01
-7.141996816937572135e+01 2.968331667042785682e+01
-7.153494435768335791e+01 2.964833006651615221e+01
-7.169735002674521240e+01 2.959948930524849331e+01
-7.185486837155289663e+01 2.955311464797228282e+01
-7.198076118660463862e+01 2.951555266350784734e+01
-7.213914667512000278e+01 2.947040779847413461e+01
-7.227469524474467732e+01 2.943305775747334607e+01
-7.240371409442920481e+01 2.939412085906479533e+01
-7.258169690815186925e+01 2.934173671164142405e+01
-7.274136363204520705e+01 2.929759419813879973e+01
-7.285763587255958385e+01 2.926178742105880204e+01
-7.298631063302268274e+01 2.922383796290256441e+01
-7.308840278960720127e+01 2.919401870737439708e+01
-7.325060774649705309e+01 2.914546794931065321e+01
-7.337141872534913034e+01 2.910760239859586918e+01
-7.348570082360971867e+01 2.907240351594781558e+01
-7.362244165864120760e+01 2.903118617429261406e+01
-7.377330604494778754e+01 2.898562933524581098e+01
-7.391839007216997004e+01 2.894256212168849984e+01
-7.404048538854168271e+01 2.890486322322587398e+01
-7.419150320382198061e+01 2.885735126874632428e+01
-7.434303960301718917e+01 2.880910606090348125e+01
-7.451394172395866633e+01 2.875728734116340490e+01
-7.462296601361697412e+01 2.872490408008484408e+01
-7.476744863708708522e+01 2.868033307995037973e+01
-7.493428241158716219e+01 2.862869171402556390e+01
-7.503365071300524392e+01 2.859695973571883343e+01
-7.513970211429014512e+01 2.856385582392733369e+01
-7.522920507572621318e+01 2.853725549284911978e+01
-7.533844479875615718e+01 2.850210705509415021e+01
-7.544693741756992722e+01 2.846732844627286951e+01
-7.557022502192134539e+01 2.842775627291259255e+01
-7.571762990141940008e+01 2.838370009938358862e+01
-7.582928308412479623e+01 2.834750537878304755e+01
-7.596034300457060340e+01 2.830609852009250460e+01
-7.605475240798121206e+01 2.827594443085727960e+01
-7.618756285931982575e+01 2.823221981563119343e+01
-7.630515231000723020e+01 2.819350775786134733e+01
-7.641477069212528761e+01 2.815859207398694863e+01
-7.651335682002098793e+01 2.812730793145401620e+01
-7.661658184028358676e+01 2.809533949559465071e+01
-7.674197695735536229e+01 2.805363050237494704e+01
-7.684451421289567463e+01 2.801932727048091820e+01
-7.695867326546756715e+01 2.798545949107566244e+01
-7.711203311864962018e+01 2.793360854959313855e+01
-7.721504818683878568e+01 2.790006880587311855e+01
-7.734695154364590053e+01 2.785531018886840826e+01
-7.743920227426829683e+01 2.782449143663680857e+01
-7.758660593739197964e+01 2.777373627774704801e+01
-7.768545957355094345e+01 2.774031637466256583e+01
-7.776064817832465792e+01 2.771624553461624529e+01
-7.787416266350967931e+01 2.767826731726986011e+01
-7.800150910469409382e+01 2.763541988983306652e+01
-7.812285292444468610e+01 2.759506800176312069e+01
-7.824862864740677537e+01 2.755274533035269258e+01
-7.831890022815643704e+01 2.752987865448837468e+01
-7.846873809644523590e+01 2.747947291887963317e+01
-7.856258598496255274e+01 2.744933475692507585e+01
-7.867770632683328813e+01 2.741297434488744500e+01
-7.875952057898427938e+01 2.738520524922990163e+01
-7.884968913255116263e+01 2.735576513109209884e+01
-7.896503988693164899e+01 2.731813518830384169e+01
-7.908527782021559460e+01 2.727612984562360410e+01
-7.917708533058831222e+01 2.724418153142636356e+01
-7.925411595344566251e+01 2.721761936060953246e+01
-7.934207410245184633e+01 2.718803281520774462e+01
-7.947446034972186624e+01 2.714035239612288208e+01
-7.957643758044605420e+01 2.710486386738615039e+01
-7.971267745451078213e+01 2.705704313932705674e+01
-7.982660358992320937e+01 2.701647072457022247e+01
-7.992750053692815015e+01 2.697992132116874231e+01
-7.998982243309291107e+01 2.695753556549831842e+01
-8.007819431294602452e+01 2.692802631711449379e+01
-8.020298620748879159e+01 2.688450225063087018e+01
-8.026995574159579405e+01 2.685985928194758188e+01
-8.036341953674167371e+01 2.682749466137174110e+01
-8.045206359332652823e+01 2.679730021179083721e+01
-8.051908139376875795e+01 2.677352002761521277e+01
-8.059796608969155329e+01 2.674568757555424980e+01
-8.068763077805957096e+01 2.671351986310085280e+01
-8.080737602547890219e+01 2.666978554039606664e+01
-8.089958313729822237e+01 2.663625248371000964e+01
-8.103137469540178017e+01 2.658721296393857259e+01
-8.113443872005797175e+01 2.655189624292142270e+01
-8.122133036949655605e+01 2.652043916668123202e+01
-8.132437162149899734e+01 2.648375477814271051e+01
-8.141001258635647275e+01 2.645299463683247865e+01
-8.147888073025127653e+01 2.642854774692760245e+01
-8.156145202554860418e+01 2.639990899502426913e+01
-8.164887552515551761e+01 2.636768810219799519e+01
-8.172872127566714084e+01 2.633953786648980611e+01
-8.182602659773790776e+01 2.630316523248215077e+01
-8.191129867083365923e+01 2.627182488819094885e+01
-8.199717026202370107e+01 2.623774191286861779e+01
-8.209027168500384164e+01 2.620354174470418229e+01
-8.215804792415323732e+01 2.617785756072587589e+01
-8.227906327543892928e+01 2.613031426191321316e+01
-8.235827896497629297e+01 2.610143152858985260e+01
-8.242414611821463666e+01 2.607641950348142501e+01
-8.251043165711109850e+01 2.604318049716614070e+01
-8.258558264201093380e+01 2.601572859321077047e+01
-8.265517852486782147e+01 2.599062624511966035e+01
-8.276836317201411930e+01 2.594634217877997884e+01
-8.284392703557467996e+01 2.591645886480047878e+01
-8.293302351225914038e+01 2.588351311715707226e+01
-8.304293982211918035e+01 2.584352148227162971e+01
-8.314976136004985108e+01 2.579948838109338993e+01
-8.323307244513945591e+01 2.576611074811516744e+01
-8.334272790412595100e+01 2.572426212433559911e+01
-8.340274904943781564e+01 2.569951611931579549e+01
-8.347988618827376683e+01 2.566967328504950530e+01
-8.358326129248480640e+01 2.562942719212967901e+01
-8.366060526454185720e+01 2.559964301225905103e+01
-8.373052319084847284e+01 2.557334063373433253e+01
-8.379860595284590374e+01 2.554612499482939114e+01
-8.391883865239800855e+01 2.549912096684852969e+01
-8.399410698810955012e+01 2.547028165650043263e+01
-8.406424871786646236e+01 2.544118073703505445e+01
-8.413814445824478128e+01 2.541253236700940832e+01
-8.420737928447314857e+01 2.538626657249070817e+01
-8.430449375933389433e+01 2.534563358460762927e+01
-8.440755783842843130e+01 2.530374705086965648e+01
-8.449921386884412300e+01 2.526509112679561042e+01
-8.461613746903054789e+01 2.521592270703109051e+01
-8.468550361999855625e+01 2.518783809223678460e+01
-8.472564338250390392e+01 2.517180673686287662e+01
-8.479703494020007781e+01 2.514472019760227539e+01
-8.488304992245159042e+01 2.510970943299778568e+01
-8.495602122926661082e+01 2.508002745196254324e+01
-8.503865615196170324e+01 2.504571544836033326e+01
-8.512547116457666618e+01 2.501062299046551374e+01
-8.520402550742949188e+01 2.497712670858689421e+01
-8.527508118072579180e+01 2.494972028513133466e+01
-8.535131088049598702e+01 2.491882131182440929e+01
-8.542740596798591923e+01 2.488758502541285367e+01
-8.550282731709199879e+01 2.485507862337574636e+01
-8.559108317817212708e+01 2.481815156218375051e+01
-8.563776423905001423e+01 2.479784362137396769e+01
-8.573920388693073846e+01 2.475783729216270146e+01
-8.581224957553165211e+01 2.472617441747364708e+01
-8.587882930847047191e+01 2.469785549142424230e+01
-8.597291995784836161e+01 2.465782341551403078e+01
-8.603323586447744731e+01 2.463259237992701500e+01
-8.610100571490600885e+01 2.460312456794006053e+01
-8.615386623700800328e+01 2.457972372059877486e+01
-8.620119315522497061e+01 2.455926340621742199e+01
-8.625999129143755795e+01 2.453199584461280480e+01
-8.633121739893387314e+01 2.450060468118238433e+01
-8.638958867529177610e+01 2.447516148088280374e+01
-8.645734668636919196e+01 2.444566607691139737e+01
-8.649899657410360021e+01 2.442784077460128245e+01
-8.656148778747618167e+01 2.439956278332208228e+01
-8.661624501782478092e+01 2.437494303413666330e+01
-8.667181644283107289e+01 2.434976296917364280e+01
-8.674268458232685930e+01 2.431967881137473597e+01
-8.681575900770891963e+01 2.428628009283595546e+01
-8.690258258260548985e+01 2.424687301348281210e+01
-8.695512049206290328e+01 2.422514758997047224e+01
-8.702259396733568053e+01 2.419261820299328036e+01
-8.709313909972215129e+01 2.416136108667860327e+01
-8.713849416190433317e+01 2.414077565712827678e+01
-8.720458834423162386e+01 2.411132846384450090e+01
-8.725189544856176838e+01 2.409004415862430548e+01
-8.730178954429749183e+01 2.406719888264927931e+01
-8.736005733852191213e+01 2.403959828184199665e+01
-8.741246070658202427e+01 2.401501800484205518e+01
-8.746889494217440131e+01 2.398968981828565106e+01
-8.753358831814207974e+01 2.395990261060379467e+01
-8.759761820428066414e+01 2.392914816959151381e+01
-8.767724917625379533e+01 2.389156643131972757e+01
-8.773707740592101345e+01 2.386416397367717579e+01
-8.779687547792239855e+01 2.383591443938642840e+01
-8.784469713801458113e+01 2.381385795505839198e+01
-8.791311408561877272e+01 2.378145732866680362e+01
-8.798077711772123166e+01 2.374918818991753966e+01
-8.803162394314591666e+01 2.372562808053255523e+01
-8.809847790899277697e+01 2.369502014763704167e+01
-8.816189102925683585e+01 2.366492032122635791e+01
-8.821387167471461055e+01 2.364061428717978330e+01
-8.828896344479925062e+01 2.360418418594710488e+01
-8.834072732167378206e+01 2.357899445190771814e+01
-8.838685224879490931e+01 2.355627956458011241e+01
-8.845218100373794812e+01 2.352604282608074726e+01
-8.853055254250848805e+01 2.348632707766325822e+01
-8.859116536607632497e+01 2.345698032606284400e+01
-8.863328072420320325e+01 2.343628006663670149e+01
-8.866840660086391779e+01 2.341822550139924886e+01
-8.870517246725768246e+01 2.340067571737061769e+01
-8.875882584637903960e+01 2.337399346511328702e+01
-8.883867414743775726e+01 2.333342432804669642e+01
-8.887940098783580822e+01 2.331302581811586805e+01
-8.893943886528771259e+01 2.328302322831585158e+01
-8.897676251740352882e+01 2.326486387618559704e+01
-8.902202838080586389e+01 2.324266897693064493e+01
-8.906916692216130116e+01 2.321932960237058552e+01
-8.910919887540586615e+01 2.320042676419019045e+01
-8.917601742414431953e+01 2.316808182677095829e+01
-8.922522225769355941e+01 2.314226767714499999e+01
-8.926136257995077017e+01 2.312440209756956122e+01
-8.930682136576767505e+01 2.310129400206015404e+01
-8.935561470075504076e+01 2.307730182847693357e+01
-8.940762552859683865e+01 2.304949461858278426e+01
-8.945054621769565983e+01 2.302747103694343522e+01
-8.949668503347562876e+01 2.300443096083383665e+01
-8.954569885783025995e+01 2.297889003559712862e+01
-8.959506306215314453e+01 2.295321443628842317e+01
-8.962727077028537792e+01 2.293732353408525881e+01
-8.966421987461498588e+01 2.291789386424998298e+01
-8.970929789530207188e+01 2.289344357064207713e+01
-8.975382521782540834e+01 2.287053840977294783e+01
-8.981164171949323816e+01 2.283933749799865254e+01
-8.985047194502843126e+01 2.281851787998019887e+01
-8.989591471894803476e+01 2.279323199842027137e+01
-8.994468738947495012e+01 2.276625265795258457e+01
-8.997226488545960876e+01 2.275258647593839356e+01
-9.001127571293358187e+01 2.273162481427414150e+01
-9.005034482237326188e+01 2.271012491935213262e+01
-9.008968765978970339e+01 2.268993007791291561e+01
-9.012780375416066647e+01 2.266870205175638731e+01
-9.017785941040069986e+01 2.264176482862542272e+01
-9.022138378625879795e+01 2.261974577447884727e+01
-9.025595181768024133e+01 2.260177057952236268e+01
-9.029047830934662500e+01 2.258269682799501510e+01
-9.034243869053898379e+01 2.255444024009538140e+01
-9.040425552895288774e+01 2.252000770156049114e+01
-9.044980929886693843e+01 2.249380148802531565e+01
-9.050302244272654661e+01 2.246258697934890947e+01
-9.054491199368182208e+01 2.243913595149319207e+01
-9.058108886056668041e+01 2.241971458780639281e+01
-9.062625861196035260e+01 2.239450669008238748e+01
-9.066364310982137908e+01 2.237247334521829956e+01
-9.069998477571918727e+01 2.235271174346476641e+01
-9.074122007190449324e+01 2.232968462276148358e+01
-9.078738597267481225e+01 2.230389679990511809e+01
-9.082412144681070743e+01 2.228308582876939070e+01
-9.086755894347500373e+01 2.225920565798183404e+01
-9.091997286281204538e+01 2.222898277530739009e+01
-9.096407933767733311e+01 2.220344871693705358e+01
-9.100151167879295144e+01 2.218163328098775366e+01
-9.105280591410600266e+01 2.215067780618981885e+01
-9.109765067112684278e+01 2.212367874570208670e+01
-9.113273869992046627e+01 2.210230129013559619e+01
-9.118080339929376521e+01 2.207449511923238816e+01
-9.122853983010047330e+01 2.204613213034889085e+01
-9.126484205721759224e+01 2.202397352784931073e+01
-9.131016278837373079e+01 2.199777827714167699e+01
-9.134457860180270927e+01 2.197899845359479087e+01
-9.138194948048212041e+01 2.195932453217812963e+01
-9.141735229835181542e+01 2.193765575714284921e+01
-9.145437734314781153e+01 2.191580706426174530e+01
-9.148076719514135391e+01 2.190003321100596878e+01
-9.152962902849417048e+01 2.187057557755268533e+01
-9.157222498113530662e+01 2.184592270336276698e+01
-9.160681951509684495e+01 2.182501476574369903e+01
-9.163801435717113009e+01 2.180647243914981104e+01
-9.167568006786665080e+01 2.178412629911314013e+01
-9.171030243005544946e+01 2.176245856788177591e+01
-9.175104020980261055e+01 2.173710289241926574e+01
-9.178252168920897702e+01 2.171748736611234065e+01
-9.182623192168692583e+01 2.169124954129070915e+01
-9.186291306219300168e+01 2.166795629767698017e+01
-9.191286344721531520e+01 2.163495279370140523e+01
-9.194271831458532063e+01 2.161745411652909965e+01
-9.196910212070325485e+01 2.160051493055845384e+01
-9.200395963753206274e+01 2.158074934916727017e+01
-9.203230380689211643e+01 2.156192380701849487e+01
-9.207156446945550954e+01 2.153564847903417956e+01
-9.210452548310159671e+01 2.151441313845504766e+01
-9.213584878004992618e+01 2.149391246675120470e+01
-9.216026758267915397e+01 2.147701888609769938e+01
-9.218575402678939668e+01 2.146081101534570834e+01
-9.221133325428473881e+01 2.144326723549467317e+01
-9.223790792262573746e+01 2.142588800470356247e+01
-9.228086729903401420e+01 2.139892210065236000e+01
-9.231658747277029420e+01 2.137404624534962849e+01
-9.234472096350543779e+01 2.135615330970302495e+01
-9.238095897737998996e+01 2.133200902192240989e+01
-9.240860222970941606e+01 2.131377060425825221e+01
-9.243796182178525100e+01 2.129524898626606344e+01
-9.247961902152877656e+01 2.126914364299908655e+01
-9.250542888775987649e+01 2.125147001996527862e+01
-9.253523735216998602e+01 2.123152368156444325e+01
-9.255717552710129326e+01 2.121680632730229732e+01
-9.258167716235863054e+01 2.120044094295821679e+01
-9.261258342432194013e+01 2.117882115118971953e+01
-9.264158509585129764e+01 2.115951836519169404e+01
-9.267615917234164158e+01 2.113761555320082408e+01
-9.270867386356229645e+01 2.111700225723217628e+01
-9.273433503299928304e+01 2.109850346803280274e+01
-9.276050648415565547e+01 2.108009897071458383e+01
-9.278838343913363929e+01 2.106092695849282492e+01
-9.281335085116172934e+01 2.104265746153960137e+01
-9.285347594348874622e+01 2.101411644364969078e+01
-9.287511565561223392e+01 2.099957871834920553e+01
-9.291173468149554537e+01 2.097261279296118985e+01
-9.293739067663051401e+01 2.095449734027464217e+01
-9.296240092150935652e+01 2.093547138174987055e+01
-9.299078774125382552e+01 2.091538585493507085e+01
-9.302169861416571450e+01 2.089349957615235454e+01
-9.305192322654524162e+01 2.087156454629237956e+01
-9.308431114478501911e+01 2.084893690515548315e+01
-9.310756957666670530e+01 2.083241179308643609e+01
-9.313878651500921535e+01 2.080889963089000005e+01
-9.317156119114947899e+01 2.078440992477183258e+01
-9.319206762830984303e+01 2.076908130477328740e+01
-9.321404884415341030e+01 2.075316468821066707e+01
-9.324267253806665678e+01 2.073188914209043432e+01
-9.327784383509739996e+01 2.070668642138186399e+01
-9.330913319622561630e+01 2.068293385339623924e+01
-9.333330224810566733e+01 2.066416101233826552e+01
-9.335664021804775814e+01 2.064630055933456987e+01
-9.338262157367587690e+01 2.062804474743002459e+01
-9.342482719797254731e+01 2.059568381963729067e+01
-9.346053425436112150e+01 2.056838576752480918e+01
-9.348899855657660396e+01 2.054654683735754972e+01
-9.352414043983468162e+01 2.051881794747736265e+01
-9.355482240425895668e+01 2.049487364654791222e+01
-9.358133031698218929e+01 2.047470622945742846e+01
-9.359708257380953000e+01 2.046149364396017845e+01
-9.361484796196398861e+01 2.044760954261579755e+01
-9.363367002152340035e+01 2.043257546024746318e+01
-9.366536019106736433e+01 2.040603297378111591e+01
-9.368916269155288035e+01 2.038559969367936020e+01
-9.371787961592919203e+01 2.036311252292176022e+01
-9.374858075817667213e+01 2.033887845081276780e+01
-9.377159212969418434e+01 2.031917511246564345e+01
-9.379502374778229523e+01 2.030055503656764415e+01
-9.382361820639096095e+01 2.027593088551940426e+01
-9.385126194671160249e+01 2.025420446396057272e+01
-9.387479293874953612e+01 2.023468872531507401e+01
-9.390833354284954737e+01 2.020835640942468103e+01
-9.393447516209261039e+01 2.018500694411194374e+01
-9.395837519687772499e+01 2.016418627629012406e+01
-9.398430788574967210e+01 2.014295838972681096e+01
-9.400183281740110885e+01 2.012918980521451573e+01
-9.403224565866828755e+01 2.010129293471230838e+01
-9.405374734414758109e+01 2.008168253679128767e+01
-9.407651803168553784e+01 2.006176784079809039e+01
-9.410057533226219562e+01 2.003949411621595189e+01
-9.412099363887422498e+01 2.002072018365593919e+01
-9.414229132432291181e+01 2.000262862897250571e+01
-9.416303253702933773e+01 1.998399975289364150e+01
-9.417925164421870932e+01 1.997005566735644067e+01
-9.420151901796104710e+01 1.995115869635216654e+01
-9.422222002719038869e+01 1.993338406002722962e+01
-9.424176012083761123e+01 1.991594308652760859e+01
-9.426820448373892702e+01 1.989311006152407302e+01
-9.429383457435039873e+01 1.986855436447869039e+01
-9.431055045501558709e+01 1.985267763893723014e+01
-9.433048463734243683e+01 1.983340530160155524e+01
-9.434703809465896995e+01 1.981568223793431471e+01
-9.437281083117780156e+01 1.979181234797414390e+01
-9.440532786120303399e+01 1.975974384121326821e+01
-9.442732322996316441e+01 1.973931579001876813e+01
-9.444834736896785898e+01 1.971893199749863612e+01
-9.446393671808279180e+01 1.970517133616286642e+01
-9.448228359564173218e+01 1.968813564827352280e+01
-9.450602845486446313e+01 1.966530819615859116e+01
-9.452865244771938080e+01 1.964267492758300193e+01
-9.454416576598194411e+01 1.962651536060263524e+01
-9.456548927602166543e+01 1.960463515371511178e+01
-9.458655404385271481e+01 1.958523080953424511e+01
-9.460153705229180332e+01 1.957175590592585834e+01
-9.461906910296485762e+01 1.955272666728184205e+01
-9.463645272298504096e+01 1.953414442188162781e+01
-9.465682718857077305e+01 1.951343365673010766e+01
-9.467145088125498376e+01 1.949850891568860689e+01
-9.469282526523367949e+01 1.947498096947225221e+01
-9.471227794531500876e+01 1.945654959310596510e+01
-9.472875722674591259e+01 1.943764348357391825e+01
-9.474531946929303672e+01 1.941878325197297528e+01
-9.476024262843114343e+01 1.940242955575683936e+01
-9.477576247401704279e+01 1.938674531455372829e+01
-9.479053876986016292e+01 1.937109858742165258e+01
-9.480372103952988994e+01 1.935719735962628718e+01
-9.482211272172972372e+01 1.933763767744208550e+01
-9.483652019278362388e+01 1.932243189967806885e+01
-9.485120849793915454e+01 1.930657822721909511e+01
-9.486734363420671912e+01 1.928805181884574438e+01
-9.487687313514686593e+01 1.927823231634564394e+01
-9.489107269096160735e+01 1.926220723994485340e+01
-9.490433666214934760e+01 1.924771545414547802e+01
-9.492377436324403561e+01 1.922579203275397930e+01
-9.493790608336631465e+01 1.921003289816549398e+01
-9.495279610710950635e+01 1.919415509778086104e+01
-9.496679741195798385e+01 1.917851439567353466e+01
-9.498293274976214207e+01 1.915810613631752801e+01
-9.499842362169673038e+01 1.913904005239498218e+01
-9.500971477550938005e+01 1.912619798476499255e+01
-9.502281168220291363e+01 1.911092307452034689e+01
-9.503507880825502241e+01 1.909619165330838797e+01
-9.504818488813161537e+01 1.908126505583981469e+01
-9.506191229242564589e+01 1.906325939169949635e+01
-9.507387898899571610e+01 1.904818847201996590e+01
-9.508689778886184740e+01 1.903201589114332748e+01
-9.509847311703597939e+01 1.901799069221123162e+01
-9.511915661434890978e+01 1.899352933955246669e+01
-9.513221186588846479e+01 1.897645238815127300e+01
-9.514625847317537932e+01 1.895989510391899202e+01
-9.515832402444169702e+01 1.894519375566676800e+01
-9.517511556667327000e+01 1.892331462965026390e+01
-9.518661122562956223e+01 1.890851257668583685e+01
-9.519637613018456079e+01 1.889652944101474219e+01
-9.521322058082904505e+01 1.887572819893108189e+01
-9.522421187595982417e+01 1.886245581061668730e+01
-9.523285303600511043e+01 1.885116260738615068e+01
-9.525156940875001510e+01 1.882733538629904757e+01
-9.526057945095787716e+01 1.881587114684733208e+01
-9.526953471001529294e+01 1.880381237468246169e+01
-9.527927913813169880e+01 1.879086557952403069e+01
-9.528911691011309415e+01 1.877779401612894361e+01
-9.530415873431577722e+01 1.875826922318928780e+01
-9.531600280391575097e+01 1.874174228779349605e+01
-9.532832274508905357e+01 1.872540555265191742e+01
-9.534041500408970649e+01 1.870965220180962874e+01
-9.535182684623367777e+01 1.869252926341393106e+01
-9.536585221012803970e+01 1.867325964149443251e+01
-9.537752926249545737e+01 1.865647218670689966e+01
-9.538861894976722056e+01 1.864040028036676233e+01
-9.540176123390197915e+01 1.862031949288321897e+01
-9.541409093200478253e+01 1.860095254196292558e+01
-9.542529501635237921e+01 1.858502439247573790e+01
-9.543776607491581387e+01 1.856839932198779763e+01
-9.544875552736770885e+01 1.855341441478971731e+01
-9.545983329798708894e+01 1.853676758307843997e+01
-9.546860383278674078e+01 1.852448476418870982e+01
-9.547917694856941750e+01 1.850717244186689570e+01
-9.549291838548400335e+01 1.848706405366217709e+01
-9.550232380073963157e+01 1.847329536981639464e+01
-9.551116257438988555e+01 1.846074592197546949e+01
-9.551688572553493373e+01 1.845238784765517792e+01
-9.553015499288886758e+01 1.843129598609058917e+01
-9.554057064375355424e+01 1.841434859894184939e+01
-9.554992642632215905e+01 1.839896469261643475e+01
-9.555912892692444416e+01 1.838427217124148072e+01
-9.557178997985764113e+01 1.836306876541332045e+01
-9.558325420125648009e+01 1.834416726127142994e+01
-9.559389813071246067e+01 1.832556522232412632e+01
-9.560246077185256297e+01 1.831211959553119684e+01
-9.561246252911421095e+01 1.829466297220097815e+01
-9.562407777430800593e+01 1.827398948682493085e+01
-9.563477935891994264e+01 1.825619100763722713e+01
-9.564655725342265669e+01 1.823572504048018317e+01
-9.565395140988368894e+01 1.822306265135429015e+01
-9.566389558178332209e+01 1.820712533544024225e+01
-9.567160829111887210e+01 1.819296918434136856e+01
-9.568185029304130751e+01 1.817513051733975260e+01
-9.569056187220864729e+01 1.815950797643691672e+01
-9.570235650731581245e+01 1.813747011975916479e+01
-9.570924802635602191e+01 1.812452434871133278e+01
-9.571697005130937441e+01 1.810981831222039062e+01
-9.572469230052205091e+01 1.809557596417263170e+01
-9.573139383427620430e+01 1.808306301006374639e+01
-9.573993974021104236e+01 1.806779415099697061e+01
-9.574940438759244898e+01 1.805024236898471912e+01
-9.576099669030874395e+01 1.802626216300301110e+01
-9.577085397265111055e+01 1.800582564015095244e+01
-9.577613673300672303e+01 1.799443887645054474e+01
-9.578207010909211760e+01 1.798278920902949451e+01
-9.578859688893410862e+01 1.796845647276356672e+01
-9.579652037110628271e+01 1.795191766809679024e+01
-9.580353510963483643e+01 1.793711586741158470e+01
-9.581207796651180786e+01 1.791958977420581434e+01
-9.581946912907500291e+01 1.790513105825465345e+01
-9.582625956156462621e+01 1.789027974593520653e+01
-9.583389208757490962e+01 1.787403151224072673e+01
-9.584067412240008821e+01 1.785952834026125302e+01
-9.584627612596094082e+01 1.784773555600018113e+01
-9.585148328055674938e+01 1.783608425756790794e+01
-9.585946308381099357e+01 1.781929539573732413e+01
-9.586479512752069354e+01 1.780831021052909335e+01
-9.587029226185643438e+01 1.779677903995607480e+01
-9.587483017608404623e+01 1.778601220409546002e+01
-9.588256096049698840e+01 1.776698778688495040e+01
-9.588973985219148233e+01 1.774961584987021723e+01
-9.589701097026741650e+01 1.773178480562789616e+01
-9.590281891885560128e+01 1.771863787466021734e+01
-9.590893403642907344e+01 1.770280344926059257e+01
-9.591670899763947489e+01 1.768400836670118537e+01
-9.592199330483938979e+01 1.767124995727574088e+01
-9.592807595665075837e+01 1.765617830434979751e+01
-9.593348449297364766e+01 1.764164938097752255e+01
-9.593838650836161719e+01 1.762879972778195992e+01
-9.594351905869629604e+01 1.761562111877556447e+01
-9.594910748128198463e+01 1.760072529998865321e+01
-9.595453372599216380e+01 1.758628757072266779e+01
-9.596129215165480275e+01 1.756857011016929349e+01
-9.596759449291496935e+01 1.755084393418357180e+01
-9.597186134385664502e+01 1.753936479772845303e+01
-9.597638815575133719e+01 1.752622708558012476e+01
-9.598166369576307488e+01 1.751023141012959528e+01
-9.598913202886062379e+01 1.748852402393897876e+01
-9.599393949417094518e+01 1.747500796847728566e+01
-9.600020713891964874e+01 1.745741087888151455e+01
-9.600340385480578220e+01 1.744787167023571683e+01
-9.600745871917094121e+01 1.743479515086165677e+01
-9.601210858734553710e+01 1.742186099268957022e+01
-9.601577306763648778e+01 1.740943288518354493e+01
-9.602093541160333245e+01 1.739223434124559375e+01
-9.602577017497537781e+01 1.737720280731305067e+01
-9.603001754287642200e+01 1.736355651821231305e+01
-9.603585182254322206e+01 1.734419200164275310e+01
-9.604013468066288794e+01 1.732911900283341922e+01
-9.604502668467928572e+01 1.731234455829168084e+01
-9.604854945398656696e+01 1.729951679624549143e+01
-9.605338391940946963e+01 1.728218310078800002e+01
-9.605703896548608611e+01 1.726840987232654356e+01
-9.606200637873750736e+01 1.724932408495807579e+01
-9.606555554358878624e+01 1.723557278634443435e+01
-9.606917785581693181e+01 1.722051253237535917e+01
-9.607441155015506240e+01 1.719909905201642530e+01
-9.607719490146718044e+01 1.718764696759089716e+01
-9.608076640756709708e+01 1.717312281022686093e+01
-9.608442524692446796e+01 1.715672319520109568e+01
-9.608885009293953772e+01 1.713861815672155942e+01
-9.609310478381136988e+01 1.712004949756858352e+01
-9.609625132435958506e+01 1.710446108145348632e+01
-9.610012743641085819e+01 1.708567340351838482e+01
-9.610323955406663288e+01 1.707039637601674897e+01
-9.610577797684577206e+01 1.705707485050163896e+01
-9.610851905997360234e+01 1.704304983462684930e+01
-9.611127673828184470e+01 1.702766833356068688e+01
-9.611327750924684210e+01 1.701602646571836175e+01
-9.611612291542520836e+01 1.700158613850276268e+01
-9.611860505874049920e+01 1.698659683304826729e+01
-9.612083375106988115e+01 1.697367171252149021e+01
-9.612297096835061438e+01 1.696027842848401690e+01
-9.612552718642170646e+01 1.694480829183497761e+01
-9.612783725302239191e+01 1.692873585161875383e+01
-9.612970813621652155e+01 1.691696240472682433e+01
-9.613081245453646773e+01 1.690923847746732278e+01
-9.613287786090845088e+01 1.689469901229280424e+01
-9.613458026968167758e+01 1.688256165352431637e+01
-9.613688417863713198e+01 1.686461362833293620e+01
-9.613890005647988346e+01 1.684763110225310001e+01
-9.614083967677969156e+01 1.683376665404982475e+01
-9.614208324682815032e+01 1.682381539094254563e+01
-9.614352196130508332e+01 1.681271305041764563e+01
-9.614515611635177095e+01 1.679792900928073962e+01
-9.614673525877012139e+01 1.678124092172663140e+01
-9.614812919155554027e+01 1.676650995432895286e+01
-9.614938940499429521e+01 1.675208092793647907e+01
-9.615070591083303952e+01 1.673721911406162732e+01
-9.615182898967911740e+01 1.672455757226646611e+01
-9.615261575573664743e+01 1.671472145112182517e+01
-9.615356924915072057e+01 1.670258110323658229e+01
-9.615445794954412406e+01 1.669174479085560137e+01
-9.615523841405311600e+01 1.668047361422281227e+01
-9.615576022029139835e+01 1.667245597920246070e+01
-9.615645335059420518e+01 1.666083425845738475e+01
-9.615725667842916380e+01 1.664678125998010572e+01
-9.615795040433120278e+01 1.663241631877689031e+01
-9.615862965604016210e+01 1.661705174552902875e+01
-9.615896916486418888e+01 1.660844905872736632e+01
-9.615935521795553598e+01 1.659845503349267304e+01
-9.615972723867957939e+01 1.658676124826946463e+01
-9.615997142916891960e+01 1.657688770326263850e+01
-9.616027581703795590e+01 1.656566777273910418e+01
-9.616056242589635872e+01 1.655213946955267446e+01
-9.616074389845145731e+01 1.654024076530126308e+01
-9.616088432039460088e+01 1.652745093675756038e+01
-9.616096628211882091e+01 1.651475533885553659e+01
-9.616098850013905519e+01 1.650291973145558444e+01
-9.616095524601435329e+01 1.648974241118221684e+01
-9.616088964328436361e+01 1.647949583181156186e+01
-9.616071446871364969e+01 1.646402854771616830e+01
-9.616050931561905202e+01 1.645137561783088032e+01
-9.616028708511157674e+01 1.644035575168251739e+01
-9.615993787015902683e+01 1.642698055584190087e+01
-9.615932124529101088e+01 1.640581759767918513e+01
-9.615871041398798980e+01 1.638877821864028661e+01
-9.615816429425730405e+01 1.637739960997132016e+01
-9.615761516239896878e+01 1.636594730587013302e+01
-9.615700135188041031e+01 1.635314307146873247e+01
-9.615644067848459997e+01 1.634260770016160791e+01
-9.615550778351229155e+01 1.632612596874269073e+01
-9.615454505895885973e+01 1.631093561137681291e+01
-9.615366268327086630e+01 1.629881784888005569e+01
-9.615273935395235583e+01 1.628691355690703446e+01
-9.615154211321602418e+01 1.627099922741351889e+01
-9.614999149234209597e+01 1.625319425793425765e+01
-9.614860241083040648e+01 1.623731159699285698e+01
-9.614725821473216172e+01 1.622119169596756194e+01
-9.614630396623161346e+01 1.621257765136031992e+01
-9.614488473226120391e+01 1.619920088132096581e+01
-9.614380436915945438e+01 1.618952398624330868e+01
-9.614266948758387343e+01 1.617911879754368343e+01
-9.614080963645514544e+01 1.616244657684796238e+01
-9.613915887180091602e+01 1.614897408542762847e+01
-9.613807318155130588e+01 1.614085154069172390e+01
-9.613659994268553532e+01 1.612974659181940140e+01
-9.613517876002431706e+01 1.611887392025718668e+01
-9.613379133422459688e+01 1.610881826598291156e+01
-9.613231775415856362e+01 1.609868868303102829e+01
-9.613022411809302525e+01 1.608473373892068992e+01
-9.612784837551140527e+01 1.606917982619598462e+01
-9.612592959043787744e+01 1.605723584786535341e+01
-9.612399783812196574e+01 1.604449155758297962e+01
-9.612154534994894561e+01 1.603092624223143758e+01
-9.611982797942721390e+01 1.601985413738504604e+01
-9.611806625208386379e+01 1.601003254947084997e+01
-9.611607447576098195e+01 1.599873900590351639e+01
-9.611349083980340424e+01 1.598662896269373057e+01
-9.611170511403238947e+01 1.597685739555398854e+01
-9.610969496167706438e+01 1.596666015074545619e+01
-9.610685971707400199e+01 1.595261023034814407e+01
-9.610487884824829052e+01 1.594339849629777461e+01
-9.610240779654508003e+01 1.593140838082595678e+01
-9.610026719213473712e+01 1.592078161357727417e+01
-9.609876632962597398e+01 1.591276962203795087e+01
-9.609608519069280419e+01 1.590077772728773020e+01
-9.609270947345420666e+01 1.588631504858687471e+01
-9.609083530650238458e+01 1.587801527716142758e+01
-9.608861615814657853e+01 1.586835421122595946e+01
-9.608612932343427815e+01 1.585710111188119598e+01
-9.608305012249263655e+01 1.584434258589095279e+01
-9.607892405112566792e+01 1.582782360039987424e+01
-9.607624174389728466e+01 1.581630367733473008e+01
-9.607328520116888626e+01 1.580388226719570355e+01
-9.607016451521285205e+01 1.579236245180174336e+01
-9.606763362817612517e+01 1.578269260686044184e+01
-9.606512542537917909e+01 1.577319766058882600e+01
-9.606030915855654939e+01 1.575516450243986988e+01
-9.605655171803140036e+01 1.574189868364778633e+01
-9.605275615933987865e+01 1.572826302279091237e+01
-9.604907401982832482e+01 1.571538559805067337e+01
-9.604626170994200152e+01 1.570489194730802396e+01
-9.604323886374426422e+01 1.569474974813668666e+01
-9.603976644859004352e+01 1.568356105781257881e+01
-9.603646508392890269e+01 1.567306738338843886e+01
-9.603346684884330386e+01 1.566292221528136963e+01
-9.603025161690025868e+01 1.565222798089153144e+01
-9.602572406167551833e+01 1.563753978498494668e+01
-9.602274631187809462e+01 1.562831019513624042e+01
-9.601973999041271668e+01 1.561846869716570652e+01
-9.601569503031494435e+01 1.560508132523871261e+01
-9.601342560591453434e+01 1.559849157092545902e+01
-9.601008618094483893e+01 1.558826753962963707e+01
-9.600610362723419655e+01 1.557691049270161443e+01
-9.600325109326837492e+01 1.556845529343273782e+01
-9.599912767523919399e+01 1.555610312889092839e+01
-9.599396994031140196e+01 1.554002391077723466e+01
-9.598873946767864140e+01 1.552448690747015547e+01
-9.598428684053550342e+01 1.551295711159698953e+01
-9.597947880500720430e+01 1.549989471234235339e+01
-9.597595109819592096e+01 1.548982428187432347e+01
-9.597225821258888345e+01 1.547985374672463621e+01
-9.596626028673800590e+01 1.546293506576606092e+01
-9.596144552693898788e+01 1.545169781340851145e+01
-9.595768370090610233e+01 1.544203047327651213e+01
-9.595341667994244972e+01 1.543108569844979883e+01
-9.594817035666700633e+01 1.541733201842409606e+01
-9.594354137186630282e+01 1.540680618665743751e+01
-9.593898933594743994e+01 1.539593069941962789e+01
-9.593403561666011115e+01 1.538482371369588719e+01
-9.593017442246309656e+01 1.537554189736187382e+01
-9.592447827170529706e+01 1.536198807687017087e+01
-9.591842370078785507e+01 1.534769848982643303e+01
-9.591316474455472019e+01 1.533449493540851982e+01
-9.590934503959117308e+01 1.532607698364568982e+01
-9.590547674662497002e+01 1.531709843386105696e+01
-9.590063532443035399e+01 1.530672019740457301e+01
-9.589541962612798898e+01 1.529471633672078035e+01
-9.589066404083841633e+01 1.528446184734231750e+01
-9.588444899916436270e+01 1.526985636391853873e+01
-9.588080667045069561e+01 1.526164610645978748e+01
-9.587520082233798746e+01 1.524916018745977730e+01
-9.587033110915469081e+01 1.523768980163411335e+01
-9.586452715246095124e+01 1.522346578962672048e+01
-9.585957305527364269e+01 1.521257890797067347e+01
-9.585526069737082366e+01 1.520299187741728453e+01
-9.585098426334130295e+01 1.519389541510597219e+01
-9.584597653353436897e+01 1.518261318411765082e+01
-9.583970976868668856e+01 1.516977403564422211e+01
-9.583380433288769495e+01 1.515862761444129880e+01
-9.582759917758947665e+01 1.514476667086464978e+01
-9.582233568558103798e+01 1.513557111422397305e+01
