4.000000000000000000e+00 4.000000000000000000e+00
3.924056982765179225e+00 5.854817333637719834e+00
3.767766759087883166e+00 9.672485288010422622e+00
3.544808825809519170e+00 1.511882633876236248e+01
3.177683605104122844e+00 2.408478958902332678e+01
2.711548955960177310e+00 3.470273236723227939e+01
1.170779025562820319e+00 6.148086114453428053e+01
-4.580819110121208126e+00 6.883277360529864097e+01
-1.815662246641281641e+01 3.192918060539878411e+01
-3.264203145040818299e+01 3.040073889299082666e+01
-4.435755140672095109e+01 2.924573188880028951e+01
-5.104296493678700131e+01 2.836929811260577949e+01
-5.488847150892488003e+01 2.751635578485097611e+01
-5.760333146182993858e+01 2.679683300048920103e+01
-6.028404222137852031e+01 2.605457291749355164e+01
-6.230361554416676029e+01 2.547118366248503207e+01
-6.435493668204276219e+01 2.485552092194550511e+01
-6.606985930816513530e+01 2.431537747345710088e+01
-6.759486697940170075e+01 2.381751680571864682e+01
-6.894672587562388344e+01 2.335844375669109496e+01
-7.095129896281419235e+01 2.264103478498935118e+01
-7.186193229590524822e+01 2.229945638808040087e+01
-7.348105215954413438e+01 2.165961423251658502e+01
-7.454890310338647907e+01 2.121042503044021288e+01
-7.563767853698963961e+01 2.072800222835842021e+01
-7.655561678718373742e+01 2.029673312436393928e+01
-7.728468969200895344e+01 1.993518881591168679e+01
-7.812030068543670325e+01 1.949483127920885650e+01
-7.882906093352045218e+01 1.909416909868979673e+01
-7.935722617901953413e+01 1.877599903913871771e+01
-7.994274252089569188e+01 1.839948146079601798e+01
-8.028739905566472146e+01 1.816231873134920605e+01
-8.059045938005800735e+01 1.794173322778972945e+01
-8.104970188814819210e+01 1.758513774979448741e+01
-8.137229424644904441e+01 1.731113772416606977e+01
-8.170547743566741872e+01 1.700243706539345112e+01
-8.209542811937657802e+01 1.659499741855072585e+01
-8.229105645036736405e+01 1.636397608981397056e+01
-8.243687339556505833e+01 1.617507940754391171e+01
-8.257820403191389858e+01 1.597450603241633793e+01
-8.271578706599105146e+01 1.575351719666953798e+01
-8.292528737814710382e+01 1.534132738585297417e+01
-8.301813904978605763e+01 1.509941101840453825e+01
-8.309001872164407132e+01 1.485121500267512040e+01
-8.312761618091964522e+01 1.466457980137588635e+01
-8.315531572213023992e+01 1.443223048423460675e+01
-8.316135786013350639e+01 1.420866196026542916e+01
-8.314969703409070689e+01 1.401198038712694149e+01
-8.311629346622338232e+01 1.378562674021376289e+01
-8.308448303232826504e+01 1.364406512016390138e+01
-8.303234809167599906e+01 1.346651543150344033e+01
-8.297968057745012516e+01 1.332121551769060375e+01
-8.290735017486235847e+01 1.315359178261864059e+01
-8.281249383305636513e+01 1.296814248841781669e+01
-8.272836888891895057e+01 1.282386911361744986e+01
-8.261769695214508147e+01 1.265487502625081540e+01
-8.249529267674630262e+01 1.248803157730389302e+01
-8.238754664658638660e+01 1.235450498272467890e+01
-8.226947882844137894e+01 1.221898296477951362e+01
-8.216234852942211830e+01 1.210416062577266239e+01
-8.202239453667790769e+01 1.196363189962277929e+01
-8.185345931143034193e+01 1.180541275885151897e+01
-8.172341890867146219e+01 1.169097184322696847e+01
-8.163232383701800643e+01 1.161329147511469273e+01
-8.147441651660965078e+01 1.148442510851690379e+01
-8.130163888803933503e+01 1.135144780824439081e+01
-8.112523546595379287e+01 1.122223687271718617e+01
-8.091439672591366161e+01 1.107507864529150332e+01
-8.075680275306389433e+01 1.097088433102908844e+01
-8.057909792350552891e+01 1.085698618672053861e+01
-8.037558785172457476e+01 1.073189693510605203e+01
-8.023020054663577127e+01 1.064517370350641912e+01
-8.006677079956105558e+01 1.055054114634678264e+01
-7.989381141843651335e+01 1.045351217458141768e+01
-7.962298996886048030e+01 1.030738204770319655e+01
-7.941293815487102847e+01 1.019852407473566380e+01
-7.916143486911757066e+01 1.007234416844402425e+01
-7.894879562004598483e+01 9.969134019578511641e+00
-7.872702006942888886e+01 9.863810612332093442e+00
-7.851087437065876884e+01 9.765166234670113354e+00
-7.831953860480625451e+01 9.679343303555537403e+00
-7.813122416333563081e+01 9.596310173566422463e+00
-7.786358639110075330e+01 9.482550438753703403e+00
-7.758981576043558448e+01 9.369063417433258323e+00
-7.731738529437625118e+01 9.259532356059853697e+00
-7.706992624477908294e+01 9.161317759789897153e+00
-7.688363850966193525e+01 9.089690659235477810e+00
-7.662727737846662990e+01 8.994203435509318112e+00
-7.643189744601210123e+01 8.921660005084872225e+00
-7.617850867812457238e+01 8.830880268860530791e+00
-7.594779878949800889e+01 8.748510232087822303e+00
-7.568220606529443728e+01 8.656428131792051062e+00
-7.545061249293389949e+01 8.578062628168844128e+00
-7.526182254711814323e+01 8.514965193996205883e+00
-7.504420092136011533e+01 8.442771837666402490e+00
-7.485768610606997697e+01 8.381666940128523535e+00
-7.469477423123454685e+01 8.329582141465088796e+00
-7.443816733359786042e+01 8.248439101150550457e+00
-7.416182211700308358e+01 8.162703025537313195e+00
-7.397099239838796336e+01 8.104385335237781263e+00
-7.375224086237224697e+01 8.038738675490249008e+00
-7.357700113295024380e+01 7.986515996382681060e+00
-7.334038963318742788e+01 7.917990724720739948e+00
-7.309389356070089150e+01 7.846771662325630281e+00
-7.289292201657463011e+01 7.789409608737750901e+00
-7.266646143466226704e+01 7.725513320271007345e+00
-7.250405070980097832e+01 7.680511991270238425e+00
-7.224861817123532148e+01 7.610584692729321254e+00
-7.201266392302704844e+01 7.546768927631372748e+00
-7.179369848540905252e+01 7.487740461373324052e+00
-7.157149437139683812e+01 7.428698523036798562e+00
-7.132645228347266197e+01 7.365125284394225424e+00
-7.113548047362647253e+01 7.315705638224658358e+00
-7.099500526085000729e+01 7.279745634239036534e+00
-7.079230365281961213e+01 7.228558434486130224e+00
-7.064472799461252350e+01 7.191579924201727536e+00
-7.041650606115734945e+01 7.134874618260789170e+00
-7.018415696881881161e+01 7.077661629851815128e+00
-6.999854709232766936e+01 7.032619182455328577e+00
-6.982100327099004744e+01 6.989759200227834590e+00
-6.962368268596055998e+01 6.942914166932246722e+00
-6.942798905047203561e+01 6.896534919293482169e+00
-6.915479600626498780e+01 6.832173290127936838e+00
-6.892634604791841468e+01 6.779122310203868906e+00
-6.873493496057854202e+01 6.735430885027604120e+00
-6.848621534348232842e+01 6.677878157111891255e+00
-6.824487260142043965e+01 6.623705359171169427e+00
-6.806035761874369427e+01 6.582375782374820794e+00
-6.784139039032487517e+01 6.534292309290069767e+00
-6.771948059725437474e+01 6.507684091931684733e+00
-6.748702171296066865e+01 6.456863194609637091e+00
-6.732138064739231709e+01 6.421534421222392375e+00
-6.712679927725965001e+01 6.379851809443896293e+00
-6.700714716269878579e+01 6.354659154684446420e+00
-6.681397530493447334e+01 6.313882560424252333e+00
-6.658021551968269591e+01 6.264749201958713876e+00
-6.640166373611504014e+01 6.227534361642538485e+00
-6.622372267868772155e+01 6.190836256726944598e+00
-6.601903124713537352e+01 6.149429488718851644e+00
-6.582501082547068449e+01 6.110160192055419159e+00
-6.559351184432388493e+01 6.063699850356889520e+00
-6.536169819600631570e+01 6.017746299761133066e+00
-6.519783856768293617e+01 5.984940031456593701e+00
-6.502262855027760224e+01 5.950838554119944668e+00
-6.484833884020005712e+01 5.916680139144873785e+00
-6.467388211955537258e+01 5.883106986277761408e+00
-6.448987511569465880e+01 5.847664420116618800e+00
-6.430086071510261547e+01 5.811630756108848495e+00
-6.409967562506338368e+01 5.774051570517973353e+00
-6.388660300415669724e+01 5.734207238172979615e+00
-6.374129345363233057e+01 5.706864708041181622e+00
-6.350487065868183123e+01 5.662349386249766248e+00
-6.336677377423642099e+01 5.636617778548868252e+00
-6.322274745804449481e+01 5.610153840835455874e+00
-6.302707299218645431e+01 5.574614609985025560e+00
-6.287318511597654691e+01 5.547013129804277298e+00
-6.268521380949660227e+01 5.512921547211115936e+00
-6.251235583304037391e+01 5.482163195607303585e+00
-6.236824758872270991e+01 5.456681895860397091e+00
-6.218448844866126279e+01 5.424276620347243671e+00
-6.205628806438652134e+01 5.401641746145003253e+00
-6.190727888227137043e+01 5.375066239731015827e+00
-6.172809338254221956e+01 5.343550667024106637e+00
-6.152281383485517097e+01 5.307762635181639155e+00
-6.137846934597013160e+01 5.282647333572028536e+00
-6.122229015627979720e+01 5.255819952592639233e+00
-6.105314833815010900e+01 5.226543520150809918e+00
-6.087402581292999315e+01 5.196285548794582709e+00
-6.072726373050967652e+01 5.171131900364415834e+00
-6.055960796250089118e+01 5.142993188451622899e+00
-6.039993400523776046e+01 5.116098879687055678e+00
-6.023296550298317698e+01 5.088235036895681240e+00
-6.006279716016184267e+01 5.059849259238218266e+00
-5.991235715233844417e+01 5.035097449365714795e+00
-5.980952537017368797e+01 5.018242500551296281e+00
-5.959780721443149787e+01 4.983699436499870572e+00
-5.945576883407144209e+01 4.960403782506169534e+00
-5.930402878666345856e+01 4.935973967561319675e+00
-5.914403685884762041e+01 4.910100157083430616e+00
-5.902659723323569096e+01 4.891235907355981460e+00
-5.890737321168312235e+01 4.872181044093769842e+00
-5.878480739394314014e+01 4.853035344177708765e+00
-5.861458207975897494e+01 4.826273520924976523e+00
-5.849719386979549540e+01 4.807725824250230318e+00
-5.838446449969298868e+01 4.789983956626841177e+00
-5.820450180123770423e+01 4.761513602097495301e+00
-5.807286665624025801e+01 4.741197876545398593e+00
-5.788230266086608822e+01 4.711929134199084324e+00
-5.776989659077775485e+01 4.694425805168662258e+00
-5.759470271038592415e+01 4.667502696897210868e+00
-5.749362379057778583e+01 4.651927439193459080e+00
-5.738756539150227809e+01 4.635526734554684225e+00
-5.720687348464173994e+01 4.607871668937276510e+00
-5.707450386045127999e+01 4.587788273081222279e+00
-5.692311938353247314e+01 4.564727813719459348e+00
-5.678112048943343382e+01 4.543298719916129436e+00
-5.666478816105328775e+01 4.525781110619342407e+00
-5.655029385418676924e+01 4.508565264341270584e+00
-5.644508073189938102e+01 4.492837514035389113e+00
-5.631741566424622647e+01 4.473786928231309190e+00
-5.618907186609384041e+01 4.455067746580092525e+00
-5.603839207708077197e+01 4.432363476937969615e+00
-5.588092257814852815e+01 4.409505178592413976e+00
-5.573527235008830161e+01 4.388178407169450956e+00
-5.560871723252213172e+01 4.369603667911688305e+00
-5.549781327244620144e+01 4.353261631911149898e+00
-5.532674164014921558e+01 4.328305449634228808e+00
-5.524532385573839122e+01 4.316445669959024123e+00
-5.512717407080174326e+01 4.299742693278930439e+00
-5.505549173552912379e+01 4.289330876517042590e+00
-5.489840303964354007e+01 4.266764428505672058e+00
-5.479204834554345638e+01 4.251507672736734911e+00
-5.470957343249126126e+01 4.239870946441211430e+00
-5.454546038563984212e+01 4.217212305992211974e+00
-5.439223766002817229e+01 4.195634257493875197e+00
-5.427891708543239702e+01 4.180067561887685912e+00
-5.417418443834384334e+01 4.165386117834941615e+00
-5.404027108317165329e+01 4.147034875849431756e+00
-5.393647682876285643e+01 4.132863313430968688e+00
-5.383841597561123393e+01 4.119484701659880344e+00
-5.369951120791442634e+01 4.100291529924201761e+00
-5.356318440440085027e+01 4.081507974021454821e+00
-5.344373616488447709e+01 4.065029185080200946e+00
-5.333924712633760379e+01 4.050901263103439121e+00
-5.325368503016777311e+01 4.039208298958612886e+00
-5.312937736953021073e+01 4.022279022795528292e+00
-5.301473332789309012e+01 4.007083923462406716e+00
-5.291104499130831584e+01 3.993178939414096185e+00
-5.280116058332954054e+01 3.978306681248022336e+00
-5.269344095495549141e+01 3.963658559241646451e+00
-5.255616698996927028e+01 3.945446558101878942e+00
-5.243086911731057143e+01 3.928659957814960357e+00
-5.229001970689409973e+01 3.909647425973794110e+00
-5.219635555699016294e+01 3.897402406122405516e+00
-5.210647494908527477e+01 3.885463182323638076e+00
-5.195250821894054383e+01 3.864711304173158890e+00
-5.185161692071383044e+01 3.851548735625172082e+00
-5.173713391592262667e+01 3.836589287497012890e+00
-5.164815910373030050e+01 3.824997475213880893e+00
-5.156276861902994568e+01 3.814194808864005637e+00
-5.143126297217553855e+01 3.797300277951061176e+00
-5.131551182601634764e+01 3.782132326700284430e+00
-5.122166474735826114e+01 3.770233542205157384e+00
-5.110230426480130461e+01 3.755075425898612984e+00
-5.102538435865465516e+01 3.745162239233772450e+00
-5.091243636729972621e+01 3.730588111090181958e+00
-5.083452837322532503e+01 3.720556188382730500e+00
-5.073514169683513586e+01 3.708220735680070934e+00
-5.060970115309619644e+01 3.692048559427544951e+00
-5.051423876262737878e+01 3.679988100764857606e+00
-5.044180500720986515e+01 3.670941161751795967e+00
-5.035306062936729177e+01 3.659768313657000949e+00
-5.027051667435812732e+01 3.649327224968476280e+00
-5.014365675287024970e+01 3.633334452560657901e+00
-5.001782063842414772e+01 3.617690623181841758e+00
-4.987430075701346510e+01 3.599772756087951997e+00
-4.978540807917641331e+01 3.588887855614643740e+00
-4.970186390714911084e+01 3.578483110219036423e+00
-4.957290553625584550e+01 3.562352963393713878e+00
-4.946520453560171404e+01 3.548765850899335383e+00
-4.939006552377425407e+01 3.539498444875757599e+00
-4.927215969693406095e+01 3.524972194763345001e+00
-4.918593270528592143e+01 3.514375451976614162e+00
-4.909836921850686764e+01 3.503661625538561974e+00
-4.900792954747415564e+01 3.492571520777182581e+00
-4.889734904438977736e+01 3.479146007917487182e+00
-4.879525888020552316e+01 3.466665633112565370e+00
-4.866771003039245613e+01 3.451019905120544795e+00
-4.857765606969624628e+01 3.440147319609636600e+00
-4.847763263539403766e+01 3.428023263315674640e+00
-4.839926612922582905e+01 3.418412626564764079e+00
-4.828095232818103710e+01 3.404214693302669570e+00
-4.819290506651314843e+01 3.393556348211453688e+00
-4.804941242852783034e+01 3.376842239898210085e+00
-4.796381301948467524e+01 3.366519771053030130e+00
-4.786713983538248129e+01 3.355118551919834324e+00
-4.776262068418237305e+01 3.342742882900767043e+00
-4.766999289341291757e+01 3.331960132348354531e+00
-4.759841532844119882e+01 3.323301011750808609e+00
-4.750355465708393865e+01 3.312269660649835412e+00
-4.741585713969821825e+01 3.302063974357888565e+00
-4.734877189997618530e+01 3.294240317175470611e+00
-4.724544011746724692e+01 3.282074008650381902e+00
-4.715786590618890983e+01 3.271865317729562683e+00
-4.707919915670573374e+01 3.262695737430266085e+00
-4.699965283810301031e+01 3.253545526153489131e+00
-4.690898108637757957e+01 3.242884491453198681e+00
-4.680263564420628342e+01 3.230796387961582194e+00
-4.673185847645261504e+01 3.222663593897142853e+00
-4.664482092541070557e+01 3.212685548148891623e+00
-4.655356564433182598e+01 3.202478538360754357e+00
-4.646409293786553008e+01 3.192355786899654380e+00
-4.635620422588652900e+01 3.179814688576121817e+00
-4.626319355143353107e+01 3.169115293938403966e+00
-4.617970890128402317e+01 3.159631698894957541e+00
-4.610557531554809430e+01 3.151245639186538661e+00
-4.601198668950885917e+01 3.140807345154907004e+00
-4.589370679282790633e+01 3.127231665136913641e+00
-4.582868638154248941e+01 3.119778258284763517e+00
-4.575470443268908838e+01 3.111527194537922369e+00
-4.568433223505915919e+01 3.103617796885597357e+00
-4.559239787603308258e+01 3.093365823084712751e+00
-4.550938416899550987e+01 3.083895240355824630e+00
-4.539486216740658620e+01 3.071330861229477183e+00
-4.530555061153724949e+01 3.061127064521518282e+00
-4.520666874256878742e+01 3.050083173049526142e+00
-4.511816352300517252e+01 3.040499368042087536e+00
-4.504939925673642165e+01 3.032535942333765000e+00
-4.498944174623280645e+01 3.025875151113017303e+00
-4.490319674177404607e+01 3.016327115381804536e+00
-4.482053214609197767e+01 3.007456611833319027e+00
-4.471588179126101892e+01 2.995926131889250499e+00
-4.465006650862823534e+01 2.988706889302372716e+00
-4.455899098239312650e+01 2.978578714681106021e+00
-4.448592211192189438e+01 2.970564060304976550e+00
-4.442043625007941898e+01 2.963331315127751608e+00
-4.436554326207631505e+01 2.957243413682974609e+00
-4.427416842367512828e+01 2.947214331703877477e+00
-4.416284795671067798e+01 2.934938481554554723e+00
-4.409046167258954085e+01 2.927014104032659159e+00
-4.399408670004802246e+01 2.916615691554386824e+00
-4.393513939278774671e+01 2.910119408083248871e+00
-4.385437498653122645e+01 2.901377976681536186e+00
-4.377466483620993642e+01 2.892824518770542142e+00
-4.370969165677880142e+01 2.885726229703121870e+00
-4.363744617509217960e+01 2.877864428342093550e+00
-4.355273008666828360e+01 2.868788298755414079e+00
-4.350173446534322608e+01 2.863347550464820035e+00
-4.343952736345026011e+01 2.856618955237828938e+00
-4.336982013991884344e+01 2.849592028431780388e+00
-4.329601982805794336e+01 2.841626125267871839e+00
-4.321648274885969698e+01 2.833137729195566390e+00
-4.314260619321836998e+01 2.825413926089007877e+00
-4.305342322189330417e+01 2.815949255572571808e+00
-4.299478506974021030e+01 2.809709944245766255e+00
-4.291995485145405809e+01 2.801921665705978004e+00
-4.285277298135408586e+01 2.794824282102325697e+00
-4.279364439491346417e+01 2.788414231330717197e+00
-4.267935914592372626e+01 2.776478475881968944e+00
-4.259046167957435358e+01 2.767143307291995313e+00
-4.254226430480584753e+01 2.762050501429474725e+00
-4.244811724559717447e+01 2.752268503699326629e+00
-4.239720658936646913e+01 2.746957841162099623e+00
-4.233210279777590301e+01 2.740363353215638842e+00
-4.224976203962425814e+01 2.731767232528047984e+00
-4.218567292636453914e+01 2.725148501669270029e+00
-4.213393839093834714e+01 2.719752008528994569e+00
-4.207302794086467657e+01 2.713624674147820492e+00
-4.201912091956610595e+01 2.708021385548192494e+00
-4.194286240071064498e+01 2.699946037943583121e+00
-4.187458847095419401e+01 2.693003839373708352e+00
-4.181868573471562911e+01 2.687329084678448776e+00
-4.173161037009448648e+01 2.678529867238529594e+00
-4.168985168873792446e+01 2.674233657718346535e+00
-4.162007350522064542e+01 2.666874457748647842e+00
-4.153450651011804240e+01 2.658059543615498566e+00
-4.147697406015406330e+01 2.652359409836117177e+00
-4.139476636286772049e+01 2.643939777898199672e+00
-4.134358463705016362e+01 2.638707515984346497e+00
-4.129085706769568986e+01 2.633359430221106301e+00
-4.121362827514159477e+01 2.625472660352909049e+00
-4.113122690645082713e+01 2.617009027477361638e+00
-4.106361884979520482e+01 2.609997688534906324e+00
-4.100705620371978455e+01 2.604279232483520889e+00
-4.095035728829027732e+01 2.598671626305973259e+00
-4.089804180597196392e+01 2.593381759811108189e+00
-4.082746391216223714e+01 2.586172098955655585e+00
-4.076721981320450539e+01 2.580121010106023682e+00
-4.071449175871007498e+01 2.574994981729123111e+00
-4.064401098780358268e+01 2.567998043652282902e+00
-4.058779866313044948e+01 2.562524819584242053e+00
-4.052543829869225789e+01 2.556246843503632959e+00
-4.046733054161378362e+01 2.550424629659483244e+00
-4.039093843891281210e+01 2.542599738729561576e+00
-4.034378058272524470e+01 2.537863168083318577e+00
-4.027620184167574280e+01 2.531256502795540264e+00
-4.019456688809810174e+01 2.523305803948526105e+00
-4.012915498243648216e+01 2.516810270841046027e+00
-4.008343781813993445e+01 2.512252648511952291e+00
-4.002175144352356284e+01 2.506106453792446231e+00
-3.996291054965602285e+01 2.500308572440049115e+00
-3.990189892991619303e+01 2.494273928979388710e+00
-3.981683150834500395e+01 2.486141335864182178e+00
-3.977351561151184001e+01 2.481910749911427239e+00
-3.968656933423737598e+01 2.473303448599906584e+00
-3.961696882433527378e+01 2.466469843981767163e+00
-3.955805289374961120e+01 2.460547031014405750e+00
-3.949220806663264938e+01 2.454008262925284622e+00
-3.942181434874331813e+01 2.447021864259841362e+00
-3.936227980632290979e+01 2.441174947521775440e+00
-3.928766173344232726e+01 2.433883808952814309e+00
-3.924230252117099127e+01 2.429420852692027566e+00
-3.919154548312084785e+01 2.424354234655692775e+00
-3.914785988456553412e+01 2.420028891918493130e+00
-3.910163792449142761e+01 2.415504088509078162e+00
-3.905202161913642556e+01 2.410801245206040999e+00
-3.898252010985079608e+01 2.404020332906298130e+00
-3.890881155068876751e+01 2.396898174110877022e+00
-3.885965595511560622e+01 2.392213661378613132e+00
-3.878903086797663491e+01 2.385557465717885517e+00
-3.872821176867631721e+01 2.379701686014643158e+00
-3.867191819385364226e+01 2.374255660920976396e+00
-3.861663674164432081e+01 2.369078808446367201e+00
-3.854432376327432763e+01 2.362335268294236013e+00
-3.848654655810868519e+01 2.356635507503568761e+00
-3.843373049975007660e+01 2.351551908467127472e+00
-3.837235659367680540e+01 2.345831025347598686e+00
-3.830648753682625340e+01 2.339765215155269473e+00
-3.825914154053578642e+01 2.335164173541134147e+00
-3.819573649267819349e+01 2.329173226943624719e+00
-3.814982716832555099e+01 2.324773412366893499e+00
-3.812090093712232175e+01 2.322089310003208951e+00
-3.804473719111868490e+01 2.314832097287411017e+00
-3.797236468401173681e+01 2.308087655839587082e+00
-3.791891516581272015e+01 2.303013437095194238e+00
-3.785234454352958267e+01 2.296867512829949387e+00
-3.781628606305077511e+01 2.293453299628308351e+00
-3.776043629433812754e+01 2.288056298284731671e+00
-3.769650887751561186e+01 2.282138764251624430e+00
-3.762552024962691632e+01 2.275608693376447444e+00
-3.755043324285846040e+01 2.268574426468211946e+00
-3.749322914081491831e+01 2.263089461794861812e+00
-3.742844073156724249e+01 2.256985639342099503e+00
-3.738508541497505888e+01 2.252957242425935203e+00
-3.733458239442327908e+01 2.248136358606324769e+00
-3.726806138387952672e+01 2.241957817519191654e+00
-3.722442012921452914e+01 2.237963915229669976e+00
-3.717193976906391839e+01 2.232914614450490998e+00
-3.712816802965557628e+01 2.229000812741245063e+00
-3.705443736386080644e+01 2.222084632446092112e+00
-3.699779727274839303e+01 2.216743629850019826e+00
-3.695366296816398233e+01 2.212624364912498809e+00
-3.688724154631183438e+01 2.206588391553479855e+00
-3.684132380270072815e+01 2.202318496319226160e+00
-3.676615942052500685e+01 2.195583124171776479e+00
-3.671496390915807950e+01 2.190850403410888436e+00
-3.667271251742274529e+01 2.186999785989216072e+00
-3.661907792537548545e+01 2.182078663764728699e+00
-3.655776586870836553e+01 2.176453435743594955e+00
-3.650622819960659626e+01 2.171910917680788700e+00
-3.642895188009094909e+01 2.164646611293591150e+00
-3.639021070028265115e+01 2.161216237814024499e+00
-3.633527852219861387e+01 2.156138276088612749e+00
-3.628837829778898794e+01 2.151935966814162438e+00
-3.623534888438049961e+01 2.147136795636373385e+00
-3.619156752346852812e+01 2.143180193823996493e+00
-3.614863608744587964e+01 2.139243301371000605e+00
-3.609261207475355349e+01 2.134119421633776881e+00
-3.604694341506736066e+01 2.130019839477070853e+00
-3.599216564431707610e+01 2.125091549218474540e+00
-3.593677243838806135e+01 2.120145679522211779e+00
-3.588277578248013100e+01 2.115095374518241478e+00
-3.584770773295479529e+01 2.111938854306589342e+00
-3.579381085918411998e+01 2.107330523929150878e+00
-3.574976496248329738e+01 2.103333009915436147e+00
-3.569325597885045198e+01 2.098320777216344357e+00
-3.564726074070799200e+01 2.094238304563968978e+00
-3.560620556559677397e+01 2.090566354329877807e+00
-3.555660654201137305e+01 2.086082126652992752e+00
-3.551141325741780719e+01 2.082150124932968360e+00
-3.545894920073176593e+01 2.077437420986405048e+00
-3.539885936981215053e+01 2.072188252103468020e+00
-3.533567308192149170e+01 2.066738426451573130e+00
-3.529081782544350432e+01 2.062640796982159408e+00
-3.523263251485872161e+01 2.057433208450195394e+00
-3.517999826637487359e+01 2.052737964066917886e+00
-3.511876682096850288e+01 2.047260162599173317e+00
-3.507051342840043873e+01 2.043104611945240290e+00
-3.501396277264357337e+01 2.038184670253165187e+00
-3.497544742373152360e+01 2.034725081070398733e+00
-3.495054413138520744e+01 2.032541110035247289e+00
-3.491191719632573154e+01 2.029226667502062043e+00
-3.486519015946556976e+01 2.025138047514158046e+00
-3.481579043739235146e+01 2.020608399571536484e+00
-3.478257561279392007e+01 2.017627503273897283e+00
-3.472214667267234489e+01 2.012213127985931660e+00
-3.467133990015481260e+01 2.007872540667925421e+00
-3.461077518468282932e+01 2.002605368104793726e+00
-3.458529052779255153e+01 2.000398781500605683e+00
-3.453513889523657099e+01 1.996010648574956470e+00
-3.447241930945520494e+01 1.990579857074471715e+00
-3.443306793611287020e+01 1.987248397148315471e+00
-3.438362589041529560e+01 1.983059196210289477e+00
-3.433422542068785077e+01 1.978866210823762017e+00
-3.430198251612785043e+01 1.976051297776329596e+00
-3.425558647483794061e+01 1.972014929296282304e+00
-3.421521267048149184e+01 1.968461494799792710e+00
-3.418194623916986785e+01 1.965554521150454814e+00
-3.414800008612503035e+01 1.962488513816031510e+00
-3.411778566264640489e+01 1.959823674208377442e+00
-3.407353281673562861e+01 1.955850520201193765e+00
-3.401779396066153538e+01 1.950949851540106028e+00
-3.397720426347652989e+01 1.947583394428187065e+00
-3.392965605570611842e+01 1.943472845563375628e+00
-3.388282318406116644e+01 1.939510328099211423e+00
-3.383863166419542523e+01 1.935599676985702899e+00
-3.378282873980784728e+01 1.930869870898998419e+00
-3.373397798318860197e+01 1.926714706765483731e+00
-3.368315978823626011e+01 1.922129442974900515e+00
-3.365315347464383677e+01 1.919677286763658897e+00
-3.361511613612580618e+01 1.916374813165191204e+00
-3.357377931098408652e+01 1.912814814328981150e+00
-3.353987705366957783e+01 1.909928414403531338e+00
-3.350619355719187098e+01 1.907041325917847141e+00
-3.346065681502287958e+01 1.903135414242444146e+00
-3.341680464004033269e+01 1.899543982895256056e+00
-3.337797004858527572e+01 1.896323391201680808e+00
-3.331820615750402226e+01 1.891296581354861672e+00
-3.328132200350108150e+01 1.888119577435132479e+00
-3.323229570155310597e+01 1.883898597411770570e+00
-3.320313901645406673e+01 1.881428748967983733e+00
-3.315991398339604501e+01 1.877669865345356071e+00
-3.309865298927647359e+01 1.872184776036346587e+00
-3.305096228740835329e+01 1.868208714912942492e+00
-3.300892158236442953e+01 1.864555311742744914e+00
-3.295831632562141067e+01 1.860290203312026991e+00
-3.291553116882752050e+01 1.856651005076969785e+00
-3.287013655903268017e+01 1.852873007805456718e+00
-3.281690334893158933e+01 1.848479779767115527e+00
-3.276613862610119554e+01 1.844236877396693952e+00
-3.271865133884894306e+01 1.840244194265898692e+00
-3.267078860800230444e+01 1.836260411751417632e+00
-3.262606698444231057e+01 1.832497446873416092e+00
-3.258833519644946364e+01 1.829391063440244158e+00
-3.254410794250529904e+01 1.825799966328426782e+00
-3.251013522502192643e+01 1.822922037069898638e+00
-3.246861380497456651e+01 1.819589747099845223e+00
-3.242001279495921295e+01 1.815598378428202153e+00
-3.237194395197971630e+01 1.811708436820707480e+00
-3.232863817322240152e+01 1.808210109417151656e+00
-3.229522102958112129e+01 1.805628474213383461e+00
-3.225718233091217968e+01 1.802623891385267907e+00
-3.222443135599726105e+01 1.799983768421903996e+00
-3.218308323490096967e+01 1.796600957736836257e+00
-3.214207069237659198e+01 1.793216468767626859e+00
-3.211673984098538170e+01 1.791094121640133929e+00
-3.208675261285055313e+01 1.788639887453177257e+00
-3.204914240376513135e+01 1.785493005859100313e+00
-3.201598860516825340e+01 1.782733005852588315e+00
-3.197226098823244911e+01 1.779214709930946992e+00
-3.193649303954310881e+01 1.776170774163704058e+00
-3.189124033264902280e+01 1.772568109539157888e+00
-3.185331796675730942e+01 1.769564465634817285e+00
-3.182499016154758209e+01 1.767213222547416640e+00
-3.178405030790461439e+01 1.763849712438823936e+00
-3.171984119125681190e+01 1.758588865116128552e+00
-3.167912920125977294e+01 1.755397087463654193e+00
-3.164140941710308752e+01 1.752189337086345278e+00
-3.161009918077327896e+01 1.749521587786438959e+00
-3.157098287581936447e+01 1.746312324655088011e+00
-3.153868985818321846e+01 1.743634181526248161e+00
-3.149169725066210646e+01 1.739950117406132035e+00
-3.145532399182545191e+01 1.737005945530501583e+00
-3.142464562487929314e+01 1.734545868321078377e+00
-3.139095675650115425e+01 1.731685761396529077e+00
-3.136451354911994116e+01 1.729480878572827285e+00
-3.132646152801374129e+01 1.726418201524619445e+00
-3.128533439677846317e+01 1.722966723613046147e+00
-3.124441064336748042e+01 1.719626192059653391e+00
-3.119846390301320582e+01 1.715939976870263006e+00
-3.115578190950799353e+01 1.712497631002146914e+00
-3.111367230639022097e+01 1.709153880840741380e+00
-3.106476555557826558e+01 1.705273191821592427e+00
-3.103510901585979909e+01 1.702808883425081854e+00
-3.098445605018484272e+01 1.698677256840088079e+00
-3.093272605157888577e+01 1.694406425522012150e+00
-3.089895956115066156e+01 1.691804176633960877e+00
-3.086525465848012217e+01 1.689011176487171584e+00
-3.082024817566909292e+01 1.685412948126140398e+00
-3.078290478034389110e+01 1.682514327021356504e+00
-3.073607180962354235e+01 1.678789830966197494e+00
-3.069720584739815195e+01 1.675635849148402023e+00
-3.064583812030781829e+01 1.671530714814576157e+00
-3.060456757690344176e+01 1.668272894562081277e+00
-3.057562124221379207e+01 1.666034248802934492e+00
-3.054146294186112343e+01 1.663305287056467296e+00
-3.051768359022406685e+01 1.661440036648227814e+00
-3.048885914864311886e+01 1.659185305945123812e+00
-3.046249773128842975e+01 1.657047798484005741e+00
-3.042835653184481259e+01 1.654204627159117980e+00
-3.039369672957069568e+01 1.651389460691093269e+00
-3.035677479450344407e+01 1.648491668318401215e+00
-3.031091636986042204e+01 1.644881699805486264e+00
-3.028150274612678317e+01 1.642396460806486713e+00
-3.025666279045469054e+01 1.640456841904925467e+00
-3.022949410041003304e+01 1.638405279201730735e+00
-3.019247177544635363e+01 1.635488725432547419e+00
-3.016559370921024907e+01 1.633343745888116372e+00
-3.013854542647665724e+01 1.631253012873644215e+00
-3.011675984849259180e+01 1.629507959814687101e+00
-3.007098849244784944e+01 1.625904286754934702e+00
-3.004029732677224374e+01 1.623437807179300973e+00
-3.000829378992847296e+01 1.620927936098664368e+00
-2.996965866341268026e+01 1.617888674072872401e+00
-2.993660532111922379e+01 1.615200859248978160e+00
-2.989919970556623596e+01 1.612189608514431605e+00
-2.986074856667575261e+01 1.609181389620206959e+00
-2.982046505083643595e+01 1.606061195410651621e+00
-2.978722364666250044e+01 1.603410823741800995e+00
-2.974538192098004075e+01 1.600249981668621979e+00
-2.971979467722325907e+01 1.598270744217195283e+00
-2.969026567762842461e+01 1.596019913259175471e+00
-2.965569545087705450e+01 1.593229804910752723e+00
-2.962382260927655508e+01 1.590744381065801960e+00
-2.958651917000726428e+01 1.587875152228735098e+00
-2.955522161779953905e+01 1.585519364959965039e+00
-2.952050892321036457e+01 1.582789692862338393e+00
-2.949782191522210439e+01 1.581074416945106975e+00
-2.946250436722250754e+01 1.578376106339391294e+00
-2.942838242902448442e+01 1.575774750247118661e+00
-2.940025697767105584e+01 1.573544726407022587e+00
-2.937135826876571443e+01 1.571411482147814898e+00
-2.933510123225308774e+01 1.568655857516882302e+00
-2.930193621231667223e+01 1.566099645988802580e+00
-2.927688755189522496e+01 1.564123052340945508e+00
-2.924024603826200774e+01 1.561396481199166297e+00
-2.920491378081421985e+01 1.558660342313667124e+00
-2.917857220761591464e+01 1.556541747211171778e+00
-2.913859522577332228e+01 1.553498112918796137e+00
-2.910917357679044315e+01 1.551118980545379555e+00
-2.907377209867104639e+01 1.548456720086307969e+00
-2.904057657194490005e+01 1.545936425336232434e+00
-2.900959867558809080e+01 1.543446766986648733e+00
-2.896732592757586744e+01 1.540228015976168541e+00
-2.893872779030542119e+01 1.538045051040549005e+00
-2.891380339952330658e+01 1.536020765019423528e+00
-2.888239031647048449e+01 1.533619569643404956e+00
-2.884874184561167709e+01 1.531083409001822160e+00
-2.882412270082422978e+01 1.529101004005057662e+00
-2.879570467309867610e+01 1.527033655493894138e+00
-2.874956942200739007e+01 1.523469201915152116e+00
-2.872844121191574374e+01 1.521840663382983960e+00
-2.870213577426872220e+01 1.519845480575487517e+00
-2.868026576727712396e+01 1.518167676569156077e+00
-2.865830693314674349e+01 1.516512636655325208e+00
-2.863050876324470195e+01 1.514327846578895631e+00
-2.860488113149881784e+01 1.512324392612625745e+00
-2.858619775722048928e+01 1.510974800389299322e+00
-2.856065020490891015e+01 1.508911516998266089e+00
-2.852228952341908297e+01 1.506024762941570172e+00
-2.848749087899119203e+01 1.503417685596553754e+00
-2.845703475174446950e+01 1.501149822597417582e+00
-2.843188808488096697e+01 1.499268292382526901e+00
-2.840050437024330421e+01 1.496936588901805365e+00
-2.836886934595692367e+01 1.494544514495006249e+00
-2.833029451674007504e+01 1.491671843578945111e+00
-2.830139656131524362e+01 1.489530777389316274e+00
-2.826609500199666414e+01 1.486941821976468070e+00
-2.823915349905092143e+01 1.484806342413288016e+00
-2.820555531723256593e+01 1.482229915596605441e+00
-2.817518788783348782e+01 1.479957663518428834e+00
-2.814074574126182071e+01 1.477388832459857415e+00
-2.810914949553207620e+01 1.475037262739936850e+00
-2.807525296261037440e+01 1.472350724723087589e+00
-2.804466061487385886e+01 1.470047353598734841e+00
-2.801815551242545510e+01 1.468079327601495843e+00
-2.799283252362070940e+01 1.466161613775373018e+00
-2.796094323651642100e+01 1.463686705696974233e+00
-2.793694547357696223e+01 1.461958078424948404e+00
-2.790913427294287175e+01 1.459966358118133023e+00
-2.787437643666013898e+01 1.457344894666669610e+00
-2.785376296000927354e+01 1.455843620123523419e+00
-2.782366975965114264e+01 1.453467276941845521e+00
-2.779844241570265950e+01 1.451567257187805993e+00
-2.778118810761863244e+01 1.450289226298845158e+00
-2.775433362849867791e+01 1.448283952355261306e+00
-2.772443718745541474e+01 1.446020251761862996e+00
-2.769336585035783216e+01 1.443752043492890991e+00
-2.766429931310242551e+01 1.441623761586575236e+00
-2.763865450384693645e+01 1.439595882175299213e+00
-2.761125932531795257e+01 1.437530596981601017e+00
-2.758043492075813319e+01 1.435127785993476790e+00
-2.754743585536575523e+01 1.432649344985350792e+00
-2.750428181901968472e+01 1.429436617815997845e+00
-2.747494179492345978e+01 1.427215073341772777e+00
-2.744747442366690393e+01 1.425070512497706998e+00
-2.741626842404669162e+01 1.422791136928964972e+00
-2.739356449864957455e+01 1.421110051232993277e+00
-2.737271470289186226e+01 1.419542349743632581e+00
-2.733490354073534689e+01 1.416634023756145000e+00
-2.730198773938724699e+01 1.414190847833114217e+00
-2.727318593208944719e+01 1.412061300674905651e+00
-2.724177210331010457e+01 1.409700298280308406e+00
-2.722295840593961813e+01 1.408292689314223800e+00
-2.718819756675724619e+01 1.405683236816047232e+00
-2.716905458461878808e+01 1.404212301409883734e+00
-2.713944353926067521e+01 1.401966170821874913e+00
-2.711373518810415817e+01 1.400107744747915772e+00
-2.708839836367086562e+01 1.398276637713643300e+00
-2.706089211151254403e+01 1.396229211637119327e+00
-2.704288763987442934e+01 1.394849564823835930e+00
-2.702210756803761882e+01 1.393240764738229664e+00
-2.699536620010972499e+01 1.391321162620774432e+00
-2.695795722801988958e+01 1.388641315037256518e+00
-2.693306021126347360e+01 1.386783338143751987e+00
-2.690843560516409383e+01 1.385020642896235943e+00
-2.688099142641994277e+01 1.383063516047206676e+00
-2.685078447989716821e+01 1.380817608015970643e+00
-2.682599503549559827e+01 1.379012103170293102e+00
-2.680600926940805095e+01 1.377484339140820246e+00
-2.677703685358019214e+01 1.375415882996765760e+00
-2.674786503971283480e+01 1.373299748132079001e+00
-2.672476949915411382e+01 1.371698154534733538e+00
-2.670097063760999845e+01 1.370006134110226093e+00
-2.667689313579565891e+01 1.368267407270532754e+00
-2.665618123509668180e+01 1.366695589551062850e+00
-2.662985263479366793e+01 1.364724689301139993e+00
-2.660827513328353433e+01 1.363232759413357753e+00
-2.658240845111525985e+01 1.361418463915537780e+00
-2.655456604656549047e+01 1.359395814476365594e+00
-2.653174620317929211e+01 1.357732721035614043e+00
-2.651376258703275113e+01 1.356467343710924256e+00
-2.648332434314168893e+01 1.354240437501416316e+00
-2.645726186909245214e+01 1.352369035461642222e+00
-2.643357484122892487e+01 1.350571012628611900e+00
-2.641060275114518063e+01 1.348917998261434326e+00
-2.638751928311894446e+01 1.347221816396441563e+00
-2.636231067076162660e+01 1.345278530117270055e+00
-2.634001881823397895e+01 1.343628387879292729e+00
-2.631215206193642331e+01 1.341657279274828918e+00
-2.627855517093084003e+01 1.339156476199194090e+00
-2.625835479417261098e+01 1.337719945415000167e+00
-2.622867149114945207e+01 1.335639922042410888e+00
-2.620421202331484878e+01 1.333830254751394051e+00
-2.618105585821745862e+01 1.332161721457901793e+00
-2.615056611719048263e+01 1.330005136876487359e+00
-2.612946312028467233e+01 1.328457407459300521e+00
-2.610737421258484758e+01 1.326820268674665515e+00
-2.608212301758937812e+01 1.324989903217800080e+00
-2.604920396713330533e+01 1.322597401552649821e+00
-2.602747828987030942e+01 1.321055842799443436e+00
-2.599797800487399257e+01 1.318888718110545755e+00
-2.596516039103206097e+01 1.316426683895137284e+00
-2.593910355352250008e+01 1.314503930782418673e+00
-2.590472086053121714e+01 1.311931325896525058e+00
-2.587881158525980752e+01 1.310138177599769360e+00
-2.585752388899640763e+01 1.308668223100936334e+00
-2.583439037789347381e+01 1.307035848715525583e+00
-2.581039629660294210e+01 1.305287326713603147e+00
-2.578845523326449296e+01 1.303616611534965664e+00
-2.576864364284607589e+01 1.302185515299382645e+00
-2.574197814728591638e+01 1.300208518076279907e+00
-2.571789507340314884e+01 1.298535831688895748e+00
-2.570099145347202807e+01 1.297380271081144620e+00
-2.568000944640255057e+01 1.295848635382944147e+00
-2.565906198580763942e+01 1.294399622621134949e+00
-2.563369433388623619e+01 1.292588149663633557e+00
-2.561064527245374478e+01 1.290889214823189191e+00
-2.558207092181378783e+01 1.288927419450140111e+00
-2.555576404160755288e+01 1.287065236196710982e+00
-2.553356632090076062e+01 1.285491338516356885e+00
-2.550947889123072798e+01 1.283838622377081684e+00
-2.549479189557684933e+01 1.282802088472071889e+00
-2.546920561296595764e+01 1.280882139430990607e+00
-2.544634009917602668e+01 1.279250747938733390e+00
-2.542603143173449709e+01 1.277745262180922659e+00
-2.539101083622267296e+01 1.275203017023419649e+00
-2.536856153839805117e+01 1.273605368668351501e+00
-2.533771664959985159e+01 1.271334826696108866e+00
-2.531597657246414812e+01 1.269778728434360238e+00
-2.529870106306539768e+01 1.268539268132304221e+00
-2.527794951399731715e+01 1.267053832409207548e+00
-2.526061312650176660e+01 1.265796827979130068e+00
-2.523797505023313192e+01 1.264211610048081358e+00
-2.522305723391085408e+01 1.263086907782929647e+00
-2.520567750174230781e+01 1.261746442414477976e+00
-2.518599650560427605e+01 1.260387790478137759e+00
-2.516499805477201335e+01 1.258894108973335646e+00
-2.514655556750484777e+01 1.257581611140680344e+00
-2.512214630093235357e+01 1.255881038893041035e+00
-2.509979415140208658e+01 1.254265116494147403e+00
-2.508445107225866622e+01 1.253228844963836019e+00
-2.506236661772608443e+01 1.251672448724788111e+00
-2.504283235461874924e+01 1.250332909518150126e+00
-2.502379613881897669e+01 1.249083874375157555e+00
-2.500094842323663258e+01 1.247372955234443248e+00
-2.497176872717218998e+01 1.245367674903344657e+00
-2.495588458480112948e+01 1.244210524022880904e+00
-2.493917757785419909e+01 1.242978803651551001e+00
-2.491451389554084628e+01 1.241327309671927059e+00
-2.489336132999500961e+01 1.239802394744733638e+00
-2.487691313768401358e+01 1.238703480204319529e+00
-2.485565723484981859e+01 1.237177654510700942e+00
-2.482929977667380683e+01 1.235278525300593788e+00
-2.480865722932112050e+01 1.233926002664113231e+00
-2.478813996215912496e+01 1.232577277459244947e+00
-2.476747009044184367e+01 1.231151892660821145e+00
-2.474640000827623254e+01 1.229720450153244382e+00
-2.472441777388057815e+01 1.228188396413449235e+00
-2.470501635425373976e+01 1.226787982331365212e+00
-2.467960525886060452e+01 1.225123805390510912e+00
-2.465690153470715629e+01 1.223591567189726836e+00
-2.463353239620521151e+01 1.221906781316035584e+00
-2.461675922657891036e+01 1.220754683915483030e+00
-2.459872073164093820e+01 1.219468001746144781e+00
-2.457432219122856765e+01 1.217796838860592645e+00
-2.455400683102104509e+01 1.216345319633967970e+00
-2.453716673607066312e+01 1.215193703285711191e+00
-2.451575350065297698e+01 1.213732780265640132e+00
-2.448462490330505048e+01 1.211604356878393851e+00
-2.446404699287630180e+01 1.210207254938634902e+00
-2.443938413161770029e+01 1.208539510012734297e+00
-2.440800075486752618e+01 1.206297491410748046e+00
-2.438756641897716904e+01 1.204867569385403625e+00
-2.436157391211232337e+01 1.203116379020378934e+00
-2.434133775353726747e+01 1.201702941898752819e+00
-2.432675638198535495e+01 1.200678324273608100e+00
-2.430891123001668319e+01 1.199479754813891130e+00
-2.429401461867594847e+01 1.198517323335541507e+00
-2.427425124007387325e+01 1.197268494839735409e+00
-2.425318563649791415e+01 1.195863367385935128e+00
-2.423614615146439988e+01 1.194674908810559488e+00
-2.422135703645792049e+01 1.193707430280319226e+00
-2.420015619357531378e+01 1.192224743023944544e+00
-2.417961817469056740e+01 1.190803025194813847e+00
-2.416452403247623337e+01 1.189849429696659744e+00
-2.415020719308587260e+01 1.188913808253209359e+00
-2.412828636749808098e+01 1.187333725305985910e+00
-2.411105007198623440e+01 1.186149890116726446e+00
-2.409123379206957338e+01 1.184841509258391934e+00
-2.407181915628463997e+01 1.183530578914657960e+00
-2.404016197770690511e+01 1.181241563825361052e+00
-2.401994547849183448e+01 1.179883549061250925e+00
-2.399994182303847268e+01 1.178554587675401111e+00
-2.398041795537035270e+01 1.177265868815776440e+00
-2.396091737569732061e+01 1.175967549964901160e+00
-2.393299466342395476e+01 1.174035060674350817e+00
-2.391044714796305470e+01 1.172430731684510175e+00
-2.389396891663997735e+01 1.171330971467416937e+00
-2.387363792217993463e+01 1.169927900715297842e+00
-2.385146298195230230e+01 1.168324776788290054e+00
-2.383618176777893183e+01 1.167290961087783296e+00
-2.381772116064227163e+01 1.165975592593589960e+00
-2.379981094027670352e+01 1.164693990132468437e+00
-2.377877524293483802e+01 1.163264887215804233e+00
-2.375574434932496715e+01 1.161722350383275426e+00
-2.374284523780884726e+01 1.160909511191699162e+00
-2.372491183870758391e+01 1.159639046107773908e+00
-2.370628565129333865e+01 1.158437158613850881e+00
-2.369201063560659648e+01 1.157482269439282341e+00
-2.367216033543634879e+01 1.156131621776299356e+00
-2.365278872626041107e+01 1.154874776157917671e+00
-2.363234451126583124e+01 1.153408185441116007e+00
-2.361557677962471047e+01 1.152252079331450130e+00
-2.359264532440964146e+01 1.150601615573992875e+00
-2.357317392164713610e+01 1.149283297166949103e+00
-2.355846490970357010e+01 1.148237830111206614e+00
-2.354046401414966283e+01 1.146942882052684576e+00
-2.351399238448335538e+01 1.145152053474457032e+00
-2.349048293700177936e+01 1.143433673002729245e+00
-2.347169336308304466e+01 1.142242923718735481e+00
-2.345051343707001124e+01 1.140846850240401444e+00
-2.343428521707745560e+01 1.139785544622403224e+00
-2.341443947096367140e+01 1.138347168193314829e+00
-2.339580612504886403e+01 1.137033445315504876e+00
-2.336690710900750290e+01 1.135001543443165284e+00
-2.334879100572272748e+01 1.133783426648514725e+00
-2.332058032077445375e+01 1.131790407473606042e+00
-2.330317928200631883e+01 1.130663717551978920e+00
-2.328204462458872825e+01 1.129144996560043301e+00
-2.326447217404764700e+01 1.127917206113155935e+00
-2.324221264229957384e+01 1.126474625193765400e+00
-2.321745477922351597e+01 1.124806599237345273e+00
-2.319855028838891897e+01 1.123499542592027556e+00
-2.317962569744046775e+01 1.122243834384508032e+00
-2.316442326008011676e+01 1.121176634960770579e+00
-2.314609268145937548e+01 1.119844006021524008e+00
-2.312906935142957821e+01 1.118618007826805760e+00
-2.311152854401926504e+01 1.117453205833825347e+00
-2.308806995379745075e+01 1.115695528169133643e+00
-2.306441989319500507e+01 1.114087924847608324e+00
-2.305021149011506054e+01 1.113138142502923422e+00
-2.303505827165751541e+01 1.112147896668689517e+00
-2.301906441365728995e+01 1.111150905968659952e+00
-2.300103364426566799e+01 1.110037522535424870e+00
-2.298510707781886353e+01 1.109011857741242890e+00
-2.296928716601849629e+01 1.107887605475228687e+00
-2.295223602870011703e+01 1.106712890617489897e+00
-2.293219324890034372e+01 1.105314605436951592e+00
-2.291443633236314525e+01 1.104204177348073079e+00
-2.289972644862254114e+01 1.103262930887001447e+00
-2.288650904915509443e+01 1.102363917224953527e+00
-2.286976845796514368e+01 1.101303826872249259e+00
-2.284946015030415012e+01 1.100036034836482157e+00
-2.283096882065269639e+01 1.098699009463697918e+00
-2.281231897174019707e+01 1.097479084090943191e+00
-2.279488755424755553e+01 1.096320610418876074e+00
-2.278069175196031892e+01 1.095356886212992764e+00
-2.275806264377279220e+01 1.093907768032260419e+00
-2.273945480979817546e+01 1.092676487080890269e+00
-2.272508824149661777e+01 1.091646844940669325e+00
-2.270423052638339811e+01 1.090277527547033998e+00
-2.268990846698987696e+01 1.089301348231337618e+00
-2.267277913674992718e+01 1.088201453316507417e+00
-2.265894284993940744e+01 1.087312769814059443e+00
-2.263769000453110536e+01 1.085912996564236010e+00
-2.262115414285412029e+01 1.084803531126882215e+00
-2.260101058172705990e+01 1.083392023149173378e+00
-2.258629716039032331e+01 1.082362807863566312e+00
-2.257267781818371688e+01 1.081410326035335601e+00
-2.255175742867752220e+01 1.080062439007418940e+00
-2.253119096577744074e+01 1.078680713722665052e+00
-2.251698360282912503e+01 1.077765906798853646e+00
-2.250278671327311031e+01 1.076840293599772957e+00
-2.247955475815095383e+01 1.075330866939221641e+00
-2.245932460077131410e+01 1.073947981557728859e+00
-2.243268981996071787e+01 1.072190275831206074e+00
-2.241964800076830500e+01 1.071300461720527952e+00
-2.240621262469127828e+01 1.070419699828279558e+00
-2.239136046955158577e+01 1.069502882704305602e+00
-2.237098013440657240e+01 1.068131197030429247e+00
-2.235579367446434063e+01 1.067105032017195088e+00
-2.233960575636172052e+01 1.065940359967478601e+00
-2.232478744420518879e+01 1.065004424126891669e+00
-2.230173794191728831e+01 1.063456275291313036e+00
-2.228671158170271127e+01 1.062434157403632229e+00
-2.226346084317815155e+01 1.060835739139561973e+00
-2.224764552157969533e+01 1.059851203151393806e+00
-2.223051177973182746e+01 1.058786347540198625e+00
-2.221334542503883824e+01 1.057690658920910076e+00
-2.219778891013163857e+01 1.056598039980809034e+00
-2.218251646993847004e+01 1.055567679545443616e+00
-2.216457256945563969e+01 1.054405588507958180e+00
-2.214975688653580477e+01 1.053394581694707233e+00
-2.213679311052073828e+01 1.052494918503981802e+00
-2.212282575333303924e+01 1.051632774462012865e+00
-2.210505564936683598e+01 1.050582063862730564e+00
-2.208516271373714090e+01 1.049306873054458578e+00
-2.206589845574341524e+01 1.048048353101393326e+00
-2.205330991286855991e+01 1.047181907747724683e+00
-2.204182484522481644e+01 1.046430435276954451e+00
-2.203134139882478593e+01 1.045631227504875582e+00
-2.201167323704625645e+01 1.044330841242375962e+00
-2.198780634155193425e+01 1.042822799259945032e+00
-2.197268603989212110e+01 1.041841153800949105e+00
-2.195454000969543884e+01 1.040635484378492404e+00
-2.193250533780985023e+01 1.039248969919131405e+00
-2.192128734814474811e+01 1.038550283412569497e+00
-2.190762162937447854e+01 1.037616810917820098e+00
-2.189535985297609599e+01 1.036855199215261925e+00
-2.188010792998645826e+01 1.035921486590193563e+00
-2.186769854566355065e+01 1.035101558171094949e+00
-2.184818119946955406e+01 1.033780917350966888e+00
-2.183573071545153255e+01 1.032957391932324942e+00
-2.181869670601211197e+01 1.031866115914351845e+00
-2.180261608649637850e+01 1.030769545091809070e+00
-2.178095203890466180e+01 1.029329048159321358e+00
-2.176592563733952801e+01 1.028386828261670827e+00
-2.174984326666466572e+01 1.027282627214332944e+00
-2.173646901586212010e+01 1.026373159125238521e+00
-2.172077585446570325e+01 1.025350491518469020e+00
-2.170501446781445054e+01 1.024383851478435803e+00
-2.169352880185519084e+01 1.023631776272171168e+00
-2.167336250142099274e+01 1.022368966282809488e+00
-2.165613974006194198e+01 1.021221604111971937e+00
-2.163704990465571143e+01 1.019940488230793640e+00
-2.161805662576753662e+01 1.018668406428601791e+00
-2.159948423341180046e+01 1.017474925078572179e+00
-2.158218923787665133e+01 1.016286041718785116e+00
-2.156915116841960867e+01 1.015430720842164236e+00
-2.155176120128342276e+01 1.014372169212755193e+00
-2.153702874757142993e+01 1.013449877126595178e+00
-2.152366754436419427e+01 1.012551689352923168e+00
-2.150356123524170116e+01 1.011341743262961224e+00
-2.149180241998163865e+01 1.010618254126300242e+00
-2.147785084624588592e+01 1.009720684254010736e+00
-2.146414022150031897e+01 1.008846702335066681e+00
-2.144763765721291193e+01 1.007823226173116149e+00
-2.143285293225439858e+01 1.006822392119141263e+00
-2.141747873439773286e+01 1.005821465399827641e+00
-2.139950323365036766e+01 1.004661799267786870e+00
-2.138540355311180718e+01 1.003728332592175754e+00
-2.135962078460083191e+01 1.002013763908611743e+00
-2.133939300232745850e+01 1.000701091369448292e+00
-2.132424367208405158e+01 9.998239652437577174e-01
-2.130907229256593283e+01 9.988821439761279564e-01
-2.129004779485586241e+01 9.976303678035267630e-01
-2.127606618112789150e+01 9.967423786915523554e-01
-2.126128318144516527e+01 9.958102145355502977e-01
-2.124425848335345179e+01 9.947106815994966045e-01
-2.123038846324383044e+01 9.937818558918865008e-01
-2.121575500550227744e+01 9.928414533370426565e-01
-2.120349746413748093e+01 9.920683107442718196e-01
-2.118926043392131930e+01 9.910581482407549991e-01
-2.117200890157146631e+01 9.899502106734135998e-01
-2.115264468041202761e+01 9.886774319913809173e-01
-2.113029961391602995e+01 9.872311237643812687e-01
-2.111867499203073706e+01 9.864626530071741728e-01
-2.110217918592481112e+01 9.854260542443403770e-01
-2.108805235526477873e+01 9.845603225141639214e-01
-2.107618347290786787e+01 9.838313487429063420e-01
-2.106654029060186417e+01 9.832287566113006028e-01
-2.105113990774458799e+01 9.822709653277204023e-01
-2.104074731427203204e+01 9.816432803936023799e-01
-2.102940815831263066e+01 9.809330497887908118e-01
-2.101561200635520521e+01 9.801054294123671129e-01
-2.100775544032367748e+01 9.796054192980365727e-01
-2.098965970958138882e+01 9.783926978975577837e-01
-2.097513960695509283e+01 9.774439379617319013e-01
-2.096107765095500852e+01 9.764736940591860481e-01
-2.094586041013858591e+01 9.754441860949295551e-01
