4.000000000000000000e+00 4.000000000000000000e+00
-1.226666666666666927e+01 4.013333333333333712e+02
-1.086095014026664103e+03 2.739544504563909868e+02
-1.790478828531916406e+03 5.458533422613216146e+01
-1.577676876351710007e+03 -7.749313404718671450e+01
-5.315312118719460841e+02 -1.029675661023139384e+02
1.755320094918341169e+02 -3.444022646227684703e+01
3.367328559485054598e+02 -1.029582480739478001e+00
1.718779049161837236e+02 5.312621662041431492e+00
1.457461536309160977e+01 2.950921110006015091e+00
-3.952604593411608391e+01 5.045849610402425300e-01
-2.951285232401866665e+01 -3.690796250907444342e-01
-7.268925057236566012e+00 -3.295651982900156263e-01
4.380415130428124471e+00 -9.986351464549649004e-02
5.260866383678001412e+00 2.606854024493937914e+02
-5.029489534197070384e+02 6.498911928050846427e+02
-1.929047710219577539e+03 5.742884065547052614e+02
-3.175891422424149823e+03 1.672132251525876256e+02
-2.747279815701177540e+03 -8.148309242111028539e+01
-9.358764501724847378e+02 -1.151673059951620388e+02
6.873349068473135048e+02 -5.087419684629691119e+01
1.158004887621473245e+03 7.951142253280675476e+00
6.704861318847840721e+02 2.642833462609745254e+01
-3.193144437827504589e+01 1.658822388430494499e+01
-3.965136823500208720e+02 1.221659965832133210e+00
-3.376708414193865906e+02 -6.577730337948285211e+00
-8.120619707682409683e+01 -5.868709440525488930e+00
1.198345841110986214e+02 -1.610151552275407738e+00
1.578900457475937742e+02 1.613417886698191861e+00
7.557359758567750418e+01 2.219472002073180406e+00
-2.501472979476708502e+01 1.066159307493456554e+00
-7.107969009252748549e+01 -2.849786777787122194e-01
-5.301608956516039939e+01 -8.678716313898079404e-01
-5.835755328405628717e+00 -6.324987098728702684e-01
2.950375376425567353e+01 -5.353944439742913630e+01
1.860492618196305443e+02 -2.911752921493144441e+01
3.484142035947191971e+02 6.575433716687978603e+00
3.673501532132652869e+02 2.848379713489094911e+01
1.127175428467133429e+02 2.410017465709896101e+01
-1.419150675198386296e+02 1.971655217930697646e+01
-1.513931592112270152e+02 7.721317972488025205e+00
-1.111717470977687583e+02 -3.275798508663532616e+00
-3.649545539674338102e+01 -8.423343823655550011e+00
2.200227639028916826e+01 -5.548839061865455058e+00
6.413759869150058535e+01 -3.589786457543198139e-01
6.833546724165034902e+01 3.340247395489316595e+00
2.981876897055268216e+01 2.897401864894945334e+00
-2.231689269822240362e+01 7.224641938746376724e-01
-5.204723835256700681e+01 -1.209137049388659069e+00
-3.704936800894451210e+01 -1.354148364547306249e+00
5.297923235224172300e-01 -5.355468730851599135e-01
2.976574289032693166e+00 7.658297046808414166e+00
4.444238775173960043e+00 1.620125391301608531e+01
5.911903261315226032e+00 2.474421077922376000e+01
7.379567747456491134e+00 3.328716764543143114e+01
-1.607862115937353309e+01 3.542282111840434311e+01
-1.282005773132389095e+02 1.221607277504935496e+01
-2.379190883428979646e+02 -1.139914130388686431e+01
-3.476375993725570765e+02 -3.501435538282310489e+01
-4.573561104022161317e+02 -5.862956946175933837e+01
-4.917177970264482383e+02 -7.454889297687583394e+01
6.085566525202784760e+01 -2.880426095011097232e+01
6.421337660577046336e+02 2.089500103447292645e+01
1.223411866863381420e+03 7.059426301905681100e+01
1.804689967669058206e+03 1.202935250036407098e+02
2.304804766399743585e+03 1.651862357168236599e+02
2.116388288577791172e+02 5.519008092462946991e+01
-1.886530883512583614e+03 -5.493407621991963197e+01
-8.447942862695073245e+02 -3.493528517707304104e+01
5.747044579883561255e+01 -7.793221408220505353e+00
3.053677660551872464e+02 4.175822192098332053e+00
1.822856874750928000e+02 5.060618737486458407e+00
4.595119968272456390e-01 2.008468283994761627e+00
-8.966370722608505162e+01 1.631743730422396066e+00
-7.937573903483038862e+01 4.717168052182579174e+00
-2.859171780331053014e+01 3.221027192432265540e+00
5.034083826713438903e+00 1.890296771106674545e-01
8.747771808085835765e-01 4.981631774513541586e+02
-3.123979605843312246e+00 1.001445540337957596e+03
-3.229574691492682177e+03 8.953243391200931001e+01
-6.632406875571175988e+03 -8.904958868976270878e+02
-3.269130364619930333e+03 -8.893546247942982745e+02
4.180160234546118772e+03 -2.956907001958801970e+02
7.650574411632986084e+03 1.270470537123453028e+02
5.869149302601565068e+03 3.241741871762654910e+02
3.316163092832659459e+03 4.226963610634209090e+02
-1.698795345301020461e+03 2.065802362792439340e+02
-6.462312895076572204e+03 -5.915772396938184130e+00
-2.869715593452694520e+03 -2.870766631312789841e+01
1.458606629414608960e+03 -2.476381804850244350e+01
2.528104851673001122e+03 -1.297024751969582468e+01
1.639897413428170012e+03 3.538964512639141802e+00
6.578471760390891632e+02 1.189176663079403440e+01
-4.474502455893306205e+02 9.532456955701272605e+00
-1.223880772339025043e+03 6.214823863911362878e+00
-9.579909622621889866e+02 -1.401474398894846374e-01
-6.744070173972472730e+02 -6.189426242729029859e+00
-1.721683228881734067e+02 -2.819293188569712783e+00
2.984804046019366979e+02 1.306990973249639865e+00
7.691291320920468024e+02 5.433275135068990735e+00
1.239777859582157134e+03 9.559559296888343383e+00
1.710426587072267239e+03 1.368584345870769603e+01
2.181075314562377571e+03 1.781212762052705045e+01
1.370275668280309446e+03 1.161004185761029284e+01
4.062438862672261166e+02 3.791262412965263451e+00
-5.467473682355216624e+02 -3.948765492108263331e+00
-1.499738622738269669e+03 -1.168879339718179367e+01
-2.101026071373517425e+03 -1.668719125419748295e+01
-7.318009885750893773e+02 -6.265732037331616766e+00
7.256195092715270221e+02 4.859062132133370682e+00
2.183040007118143876e+03 1.598385630159836168e+01
3.054786947693575712e+03 2.280941250343072468e+01
1.055656001320835230e+03 8.468568943350662792e+00
2.735515735586222945e+02 2.484558690309242479e+00
-4.590122283959934748e+02 -3.161153938591200863e+00
-2.872244844992686126e+02 -2.124584295827160574e+00
2.953159115593716422e+01 -1.714833676635990622e-02
8.565127372171949105e+01 4.662733431143435414e-01
6.602185062943367200e+01 4.777055676252501826e-01
2.650787124244409654e+01 2.369220057215530306e-01
-1.913089477377086567e+01 -8.154837269528043830e-02
-2.051976677132971361e+01 -1.188194519770193330e-01
-7.488572454985185978e+00 -6.445387018016571212e-02
-2.745751515496994699e-01 -1.856623310975501207e-02
4.936949643719654723e+00 2.440301367702212704e-02
3.849765068488106401e+00 3.622083326129494480e+02
4.754950595064612040e-01 8.558870283091303008e+02
-2.105563417694789223e+03 5.844643221191896600e+02
-5.015896310652169632e+03 2.038132228465053686e+01
-3.516208644733917936e+03 -1.511860581511374733e+02
-2.415742667336162413e+02 -1.647736063409045073e+02
1.238757143123981223e+03 -9.161930851331092640e+01
1.960036915838800724e+03 1.822976238062540233e+01
1.234181343714988543e+03 4.360141866352506668e+01
-1.344911256050048110e+02 3.144824374310813653e+01
-5.813317233491151228e+02 1.328395218239798581e+01
-5.985950016723462568e+02 -7.681543646340771581e+00
-3.186122384617477792e+02 -1.112138943842150596e+01
1.065683443840418079e+02 -6.000360340860992459e+00
2.169769383141185983e+02 -1.620765595694668715e+00
1.663326005503514295e+02 2.379474631545993368e+00
7.118691004510932885e+01 2.741579777935227558e+00
-4.779170406904801638e+01 1.155263356904565608e+00
-7.260986335833611349e+01 9.203742266366821134e-02
-4.467662272577962312e+01 -6.781381486060422681e-01
-1.412193918815635385e+01 -6.775114620944517885e-01
1.796814566762393639e+01 -2.254193630237570078e-01
2.319625440119119375e+01 3.944808944799149675e-02
1.198391645705600972e+01 1.897276647971628538e-01
2.344241806971522735e+00 1.711709392402627206e-01
-6.290109891376172158e+00 4.468582937548749162e-02
-7.322301033163006956e+00 -3.772648929436418257e+02
-3.280826258788882122e+00 -1.006305672634176062e+03
2.016394644343352411e+03 -1.062513564189044700e+03
5.440021148805410121e+03 -7.197257416451489007e+02
6.197729703070188407e+03 -2.975788169706590907e+02
5.018116458793421771e+03 1.822383441261067674e+02
2.254049423486051637e+03 3.200061861408797768e+02
-1.710971919071658704e+03 1.985139567234753031e+02
-3.201248503442696347e+03 7.096131721868621867e+01
-2.735548010254739893e+03 -6.138132059696400233e+01
-1.410917459282426535e+03 -9.873337311982834308e+01
6.214777042504109659e+02 -5.781249272185233679e+01
1.443415889522995258e+03 -1.817150044478573534e+01
1.225659895277019359e+03 2.037016136978249392e+01
6.551149232551221075e+02 3.140997743514750340e+01
-2.312502222534846510e+02 1.782986985529250745e+01
-6.106613069175099326e+02 5.125904349428576978e+00
-5.171160495898479894e+02 -6.760675554099760731e+00
-2.845456154027817206e+02 -1.033485320078782976e+01
8.318471454105610974e+01 -5.827736164721322609e+00
2.505397605464524418e+02 -1.629577545492989721e+00
2.148975871458008555e+02 2.255579897654558685e+00
1.231715411352151364e+02 3.519310973169961443e+00
-2.776248861401094814e+01 2.015591041400255357e+00
-1.012791779241738084e+02 5.880519888369151182e-01
-8.962386172226071324e+01 -7.556753720965880827e-01
-5.436688559125254017e+01 -1.238732528223203788e+00
7.951651822049669249e+00 -7.349489468254783997e-01
4.060406295315031855e+01 -2.374600529847764596e-01
3.780178815765716394e+01 2.525059115655423625e-01
2.464398734256360513e+01 4.493580562381636612e-01
-1.415724861864022799e+00 2.810207818611353825e-01
-1.614562979132677967e+01 -5.668498684567768464e+01
-1.615728387507862607e+01 -1.874353351439542053e+02
2.590370839509037069e+02 -2.095972629938175089e+02
9.070887460237336199e+02 -8.464037289784803875e+01
1.155282462956768768e+03 1.192040473186281702e+01
8.383339001269630444e+02 6.834731999709484285e+01
3.297301110117904273e+02 8.356324901635562696e+01
-4.615400437296408427e+02 3.799836901829240077e+01
-8.709509359782057345e+02 4.003534938093267215e-01
-6.924520281539726057e+02 -2.493189251838560594e+01
-3.728749521420726296e+02 -3.417646185210142562e+01
1.735281678564201115e+02 -1.755520017317768477e+01
4.951359332419185080e+02 -2.769090924995314396e+00
4.391381685931092420e+02 8.934375857123143305e+00
2.862048724782124509e+02 1.422971359288709259e+01
-3.693078449807904917e+01 8.273463021471663126e+00
-2.473762924990607814e+02 2.472557074448079817e+00
-2.508855437733450628e+02 -3.043084939866361971e+00
-1.924053920758670415e+02 -5.976519729655622726e+00
-1.480187409809143162e+01 -3.947796436411382004e+00
1.115741787973629755e+02 -1.718847850597326143e+00
1.348646027465559882e+02 9.130164403435951925e-01
1.207431220873520772e+02 2.502488272679849857e+00
2.772913102581318867e+01 1.893810645784119728e+00
-4.408376097795467530e+01 1.081537419664741151e+00
-6.900880452416281230e+01 -1.810030108580051866e-01
-7.239304685302587927e+01 -1.027093917252426714e+00
-2.577176693333345270e+01 -9.064252433470899595e-01
1.318515950084662336e+01 -6.451328906672494368e-01
3.344818328378237027e+01 -4.084939510252288963e-02
4.181253086651906870e+01 4.015843958679234937e-01
1.965262995401272761e+01 4.288173259362720868e-01
-4.538663565221447982e-01 3.714542560794164561e-01
-1.501359856738062071e+01 8.557603878856834267e-02
-2.326400273407537256e+01 -1.408344517391540984e-01
-1.354589555436942483e+01 -1.978851442648663084e-01
-3.831457384800849297e+00 -2.077714032493735707e-01
5.871949141945980166e+00 -7.584797373946271237e-02
1.237850074535021960e+01 1.405422222796705682e+02
8.721751094767073553e+00 7.277877017900948431e+02
-5.620451548012060812e+02 1.069462136846027533e+03
-3.042337841617372760e+03 5.842703356526309335e+02
-4.971106287385468022e+03 1.200019669030559726e+02
-4.929400200859498000e+03 -2.695115901986980020e+02
-4.020617939112830754e+03 -5.404139581729260726e+02
4.778532615420372167e+02 -1.814026417659840718e+02
4.995672678738537797e+03 1.788733303492999767e+02
9.513492095935040197e+03 5.391493024645839114e+02
1.403131151313154260e+04 8.994252745798679598e+02
1.854913093032804682e+04 1.259701246695152122e+03
6.728583234496953082e+03 6.936581184666420086e+02
-9.920488291151923477e+03 -1.461427126634589513e+02
-2.656955981680080731e+04 -9.859435437935603659e+02
-4.321863134244969115e+04 -1.825744374923661780e+03
-5.986770286809857498e+04 -2.665545206053763195e+03
-3.005229692012449959e+04 -1.652514921208509804e+03
1.892235869252399425e+04 1.245152161606647496e+02
6.789701430517251720e+04 1.901545353529840213e+03
1.168716699178210256e+05 3.678575490899015676e+03
1.658463255304695340e+05 5.455605628268191140e+03
1.000959249704094254e+05 3.744847546265822530e+03
-2.901735118601541035e+04 1.077771274203623761e+02
-1.581306273424403043e+05 -3.529293291425099596e+03
-2.872439034988651983e+05 -7.166363710270560659e+03
-4.163571796552900341e+05 -1.080343412911602172e+04
-2.881269889234383591e+05 -8.149716912926236546e+03
2.617614021908282302e+04 -9.474274935155553976e+02
3.404792693616038887e+05 6.254861925895125751e+03
6.547823985041250708e+05 1.345715134530580690e+04
9.690855276466462528e+05 2.065944076471648805e+04
7.510558818426996004e+05 1.702746988489542491e+04
1.881679480933540617e+05 5.612800632220321859e+03
-3.704293707437567646e+05 -5.738845957709959293e+03
-2.004063331497678009e+05 -3.684607098984919048e+03
-4.064754034642378974e+04 -1.073400449743168792e+03
1.054843458899701363e+05 1.383004282913444058e+03
3.398674067363288486e+04 5.127120320012974162e+02
-3.968753133610495570e+04 -3.938090499495287986e+02
-1.219849220486160266e+04 -1.341590385292073506e+02
1.075888605352096056e+04 8.476543393442233310e+01
1.934735492109466577e+04 1.742047929538939002e+02
1.215088101454493335e+04 1.166717636808591152e+02
-4.513675189670211694e+02 7.358522832440243633e+00
-8.948638858511896615e+03 -7.042265295479916176e+01
-8.023640410515340591e+03 -6.826921652080750391e+01
-1.883232559840629392e+03 -2.146984163978461879e+01
-2.944180279692719751e+02 -5.258042201058275467e+00
7.339236504039965894e+02 6.144092367471554184e+00
9.480796792004426834e+02 9.649453834843738420e+00
5.099014538985986746e+02 5.779404599619042848e+00
-8.936010898001831038e+01 -9.915211637890752883e-02
-4.489443872177889148e+02 -3.952088516124935502e+00
-3.462067454047609658e+02 -3.343758065827531656e+00
-4.479278943830230020e+01 -7.740921893899047612e-01
-1.145680536958869311e+01 -2.525319981220121024e-01
3.177340604206882357e+00 4.753881398062737018e-03
4.391605711115682986e+00 2.177054910192600232e+02
-4.614391669496728809e+02 5.206008704297395298e+02
-1.612079024826098703e+03 4.514149299347356532e+02
-2.565995494582023639e+03 1.277473198985985903e+02
-2.248013538639951548e+03 -7.650738123110548372e+01
-7.840727058985760323e+02 -1.087208047524609213e+02
6.891209536064627628e+02 -5.063677292994031376e+01
1.262511629087111714e+03 1.137290742460624315e+01
8.500146361339640180e+02 3.640071775436024382e+01
-1.472024851479318386e+00 2.628347845894788648e+01
-6.360879623799539786e+02 -1.033199956910974393e+01
-1.902720488398367706e+02 -6.856930539029313820e+00
2.355154806891590624e+01 -1.808380632734040816e+00
4.737746331483964468e+01 1.005997913008557232e-01
2.019313920379953942e+01 3.032961062352934056e-01
1.952482614463458166e+00 1.301449284305931098e-01
-2.570073971310815164e+00 1.527109180386888454e+02
-4.061378909686118277e+02 -8.372695483203111166e+01
-9.092580441577899819e+01 -1.207406881259655762e+02
3.993336002139209313e+02 -4.584507756405825063e+01
4.226382289432303878e+02 -3.805230392970193165e+00
1.907140821467244507e+02 5.256993157338012423e+00
1.650332446273302622e+01 3.176968688796369733e+00
-3.472243891297431873e+01 7.278644396577705900e-01
-2.431863663228429573e+01 -1.521241788018413144e-01
-6.623720876164499671e+00 -1.942925592903000376e-01
1.339538965732694820e+00 -4.983546873841333991e+02
1.271545216019156442e+03 -3.281850316400783072e+02
1.901281834457037121e+03 -5.107138778731570739e+01
1.156990262365434546e+03 3.039399184100643225e+01
2.254054766893433737e+02 2.423297605919829678e+01
-1.758663651912166870e+02 6.998947603952953678e+00
-1.690366591879131022e+02 -7.187032728999043218e-01
-5.972683921912975791e+01 -1.621490170537077002e+00
4.560723536428062275e+00 -7.039433016310895352e-01
1.653692214456324905e+01 3.307909396399688831e+02
-8.041616381977817127e+02 2.981706965088448555e+02
-1.466421529024423080e+03 9.329002446288448880e+01
-1.128633798358382364e+03 -7.624444812868837573e+00
-3.840679847734769510e+02 -2.181415009597053256e+01
7.585749935856460979e+01 -1.000952733927874050e+01
1.607192826478915890e+02 -1.035154869291064816e+00
8.281915248034493970e+01 1.422364468191350984e+00
9.767123148515423736e+00 9.629885915495570714e-01
-1.516631633638763610e+01 2.287012577648031286e-01
-1.165186484313012549e+01 -7.275349888917835572e-02
-3.231524478711650161e+00 -8.601538334572539357e-02
9.432340436724594435e-01 -2.229061548279474607e+02
5.217217017711676590e+02 -1.937096255508066349e+02
9.737203500593736862e+02 -4.534707919446757529e+01
7.359948537274420914e+02 1.646090404312941757e+01
2.060121233379983892e+02 1.876460396136736009e+01
-1.074859003359895979e+02 6.754327259873308620e+00
-1.407865468396482242e+02 -3.763357934740543254e-01
-6.103045309723300704e+01 -1.699759132175894250e+00
1.699206613190298754e+00 -8.614021663127203743e-01
1.855489234142427080e+01 1.121079744593668295e+02
-2.405248615200850395e+02 1.205562760570931289e+02
-5.394699664514655524e+02 4.211778582157946005e+01
-4.842888649047963554e+02 -4.057626762113352825e+00
-1.895928413602880198e+02 -1.209761163451028487e+01
3.747270927750258807e+01 -5.919423653020428944e+00
9.381489357708920807e+01 -5.109215542457097303e-01
5.303853796808873255e+01 1.120492558777726577e+00
6.059334027863895855e+00 7.660939562715307627e-01
-1.242226963593902944e+01 3.855721259907096510e+02
-8.395349455753002985e+02 4.449921847722063717e+02
-1.922058388409140889e+03 1.629841936285449151e+02
-1.821481177103469236e+03 -1.577764641010197977e+01
-7.567650773827909916e+02 -5.005362112236168315e+01
1.426898920950662273e+02 -2.534156105430940897e+01
3.947672040308536907e+02 -2.156611236862567615e+00
2.339241742349921367e+02 5.229033714120733478e+00
2.835146501457388979e+01 3.652409533602906322e+00
-5.861722663092402286e+01 8.067355699781559863e-01
-4.892107909319783232e+01 -4.780824670209251059e-01
-1.385010660551944994e+01 -4.991803316484326736e-01
6.397380784046643676e+00 -1.720155003387760506e-01
8.600930379193080455e+00 3.821506696699422605e+02
-7.685163976384620810e+02 4.903065361540476488e+02
-1.984654612902997769e+03 1.929009842882975931e+02
-2.067384488978698300e+03 -1.731429053682195729e+01
-9.494639994160829701e+02 -6.387675728090898275e+01
1.458067279746845770e+02 -3.425502853649445001e+01
5.145211974270065411e+02 -3.112940374335863680e+00
3.310516547088307107e+02 7.755907486071783374e+00
4.757203563904555210e+01 5.675919326888841709e+00
-8.765046588816730377e+01 1.296384675081550641e+00
-7.905309662249732128e+01 -8.306183215016873511e-01
-2.418024055780398740e+01 -8.943750093974346393e-01
1.092521473837547497e+01 -3.167612326981208981e-01
1.591680334720361856e+01 6.439833556674703918e-02
7.141468051251269600e+00 1.343944542641262452e-01
-5.873311978467961048e-01 9.863854944588981155e-01
-4.565424369400640003e+00 -4.382901262888997174e+00
3.901498749347661388e+00 -2.573672723018030979e+02
4.864108865640933459e+02 -1.589771793479785629e+02
1.004060842704711831e+03 1.563368521665722142e+02
4.582897934681489005e+02 1.492908115803319049e+02
-5.352606006212423608e+02 4.757804381356986312e+01
-8.122748546544011106e+02 -1.589226879429505068e+01
-4.054421995557631817e+02 -2.523701122771178973e+01
6.420887719294032081e+01 -1.136661054729867715e+01
2.319635031616576839e+02 6.237142076645154631e-01
1.484768428869373906e+02 4.046202685854572323e+00
1.446609842450221350e+01 2.451127935576169481e+00
-4.957973239945506805e+01 3.000953811026423335e-01
-4.200787961961177075e+01 -6.013691308158926052e-01
-1.098218594833623207e+01 -4.961936152865885630e-01
8.443390858629662432e+00 -1.306847134972437263e-01
1.032774014648123995e+01 7.780072969127782567e-02
4.162632778422539204e+00 9.557255566472527830e-02
-9.784850143461447658e-01 2.064982155852636936e+02
-3.483644396002528083e+02 3.266774400637606846e+02
-1.136549647812918238e+03 1.259989461794411909e+02
-1.426774816569410405e+03 -2.662638646994666658e+01
-7.526190276174841074e+02 -6.137197725789395264e+01
1.297094538997687891e+02 -3.247733597775410885e+01
5.119200524150626279e+02 -7.724609854791175678e-01
3.635880899277261733e+02 1.083658412862823539e+01
5.298794319127475205e+01 7.697459408836172301e+00
-1.240927136322080457e+02 1.454914006999198151e+00
-1.206599300807178849e+02 -1.736607059690417731e+00
-3.891190494904390107e+01 -1.720998617068670633e+00
2.232646724991339227e+01 -5.680495009491349778e-01
3.365945821327616727e+01 2.278299714335317028e-01
1.604516546496245510e+01 3.655032522550393237e-01
-2.080968786145284355e+00 1.721967562029355081e-01
-8.308465497426729129e+00 -9.330426915077197236e+01
1.358750959737569701e+02 -1.810937127404117746e+02
5.481620840311161373e+02 -9.300211171304277968e+01
8.209401012931263040e+02 1.924182476760364580e+00
5.515059793345262733e+02 3.630938842669833377e+01
2.485043118327757838e+01 2.509148085256954630e+01
-2.987320338429134949e+02 4.104191031249548871e+00
-2.779001644763869763e+02 -6.642873354248170159e+00
-8.308473002273088071e+01 -6.337842197003838329e+00
6.958969204735507219e+01 -1.994970370779621582e+00
9.775213300704231756e+01 1.018586424296051840e+00
4.608297658649024697e+01 1.513764377450693477e+00
-9.032354319614356086e+00 6.985185092894947712e-01
-2.871708409337680123e+01 -8.806121672992417437e-02
-1.864746891437498277e+01 -3.405334682287006753e-01
-1.566301910316221679e+00 -2.138935887366568978e-01
7.288585752767561488e+00 -6.152001708685253334e+01
8.959767914422128854e+01 -1.375927678860553556e+02
3.743289821540519711e+02 -7.656402248100508245e+01
6.267896936458365644e+02 -7.714556271850057101e-01
4.719665689226699783e+02 3.063070080946648943e+01
5.535966752983938477e+01 2.306998604879066761e+01
-2.472879671247370084e+02 4.578724629940710500e+00
-2.621337248172269483e+02 -6.119738773393230247e+00
-9.540827847798408357e+01 -6.484891848079930909e+00
5.907046844782909290e+01 -2.314069231516430847e+00
1.012765988615770709e+02 9.781021140408736603e-01
5.529658393028137198e+01 1.713481400728623871e+00
-5.274706049823400633e+00 8.825385071693903072e-01
-3.232942147385245590e+01 -1.909415909604119861e+02
2.087365242269719943e+02 -4.837927660116449715e+02
1.176679979628157298e+03 -2.870102198321586684e+02
2.218526008949521838e+03 -1.078360805831862024e+01
1.838162355050872065e+03 1.161106501660497230e+02
3.340934322292026764e+02 9.394637388162998093e+01
-9.152657909090003159e+02 2.162230964480448137e+01
-1.089515309476705625e+03 -2.456588131714523371e+01
-4.604988530356820320e+02 -2.857172811814611890e+01
2.134259501362358264e+02 -1.129966989993505067e+01
4.488688443627899005e+02 3.924326100770738179e+00
2.763125084528026036e+02 8.117278222284316058e+00
-3.409070415397479792e+00 4.589452775640404880e+00
-1.510804344404915867e+02 -1.102232853895583560e+02
-7.913467506763026904e+00 -3.205389354208374471e+02
6.641006290284437910e+02 -2.025846079816727467e+02
1.492434743461693415e+03 -1.359958689747541882e+01
1.366650287177062182e+03 8.224604948717178843e+01
3.433322076796048350e+02 7.161672592398807069e+01
-6.281196915892485322e+02 1.894917240703251338e+01
-8.506076538941932768e+02 -1.818170903342544165e+01
-4.141092135026920573e+02 -2.340561746438366697e+01
1.338143247783181380e+02 -1.025250916304011284e+01
3.691956176676521295e+02 2.779006321589050366e+00
2.564158700496151368e+02 7.091451519194230002e+00
1.823032212564947940e+01 4.412571493475580198e+00
-1.290740619374419964e+02 1.928540208333648920e-01
-1.245564728494662887e+02 -1.957183299984397218e+00
-3.796595276549390974e+01 -1.686647585107430292e+00
3.557123278091385998e+01 -4.315399866852712707e-01
5.209539988519392750e+01 4.648968944381803858e-01
2.605822828471702124e+01 5.915301703177009429e-01
-5.741148877893017755e+00 2.590986807625269006e-01
-1.923968897074141537e+01 -1.513792282232874413e+02
1.203886919044635420e+02 -5.497347600889241903e+02
9.727963172134161596e+02 -3.804096300929788299e+02
2.470378711376878528e+03 -4.265991558062034983e+01
2.575078542253690557e+03 1.542901161391244784e+02
8.893512878293836366e+02 1.500836310363492885e+02
-1.072363666248884329e+03 4.791246334228122095e+01
-1.773867203030976498e+03 -3.561337089510911369e+01
-1.041688506787846563e+03 -5.420759879803428305e+01
1.613931892937117709e+02 -2.753093833438027715e+01
8.314857858890942452e+02 4.450532469545029457e+00
6.893165646919433129e+02 1.788447123119227200e+01
1.310458018587622178e+02 1.287746568563792593e+01
-3.018128629953295103e+02 1.704866217613653312e+00
-3.605229385312602517e+02 -5.227911552190714239e+00
-1.513871679276679743e+02 -5.353046149221343697e+00
7.673226889091222347e+01 -1.849764140887594444e+00
1.609471796031924100e+02 1.221749405613880679e+00
1.021051004382764660e+02 2.025120160782031942e+00
-1.795126597630591903e+00 1.099798740869825320e+00
-6.198278539504642737e+01 -3.670350376419455074e+01
-3.063235206574664460e+01 -1.756901735333483430e+02
2.248994460365835835e+02 -1.328768878696602656e+02
7.810636365613150929e+02 -2.131579880520126835e+01
9.388819304706619278e+02 5.298757905295992998e+01
4.230002548985394242e+02 5.783396946823178553e+01
-3.221551332744475076e+02 2.190777493430667633e+01
-6.874799384241583766e+02 -1.226332728441828834e+01
-4.824091586532043152e+02 -2.276573434467553980e+01
-2.838535280548057926e-01 -1.335006951607990366e+01
3.371799993349093825e+02 2.557437918371761043e-01
3.363352314168718635e+02 5.326943729329865818e+00
1.078740078325619862e+02 4.587870835923429702e+00
-1.088850499563574061e+02 1.117970686434304195e+00
-1.710445224366456500e+02 -1.565356064574024320e+00
-9.420404159491435792e+01 -2.025811346447152328e+00
1.738785326343473514e+01 -9.342740878204769395e-01
7.510640640071930818e+01 3.047277534821262179e-01
6.027457290274472257e+01 8.034309123362891603e-01
1.037443243828251127e+01 5.513005027968449490e-01
-2.761489918090829576e+01 3.994118608591978870e-02
-3.257978545862256681e+01 -2.794027670281591380e-01
-1.369738703640347310e+01 -2.765701847547530345e-01
7.266714809747533366e+00 -9.055735657002775274e-02
1.540422213857528000e+01 7.740542158268004513e-02
1.009152356131438921e+01 1.233066034766338581e-01
-1.298511237705923804e-02 6.783329358680553756e-02
-6.304835880928530756e+00 -2.242067394223440369e-02
-5.984402291686075515e+00 -7.612179655749264384e+01
2.867609706775849077e+01 -6.968628018128904387e+02
5.305660383194913265e+02 -1.128612942911103801e+03
3.007216172830133473e+03 -6.319278880191016015e+02
6.128160818946917971e+03 8.452835604893874688e+01
5.794967701759903321e+03 4.553765543535312190e+02
4.100634633863253384e+02 1.522533232910413403e+02
-1.519188162233291905e+03 9.707528182654066029e-01
-1.047560643865200291e+03 -2.980440444660304067e+01
-1.741942094977937359e+02 -1.713852864287738953e+01
2.525197091562636729e+02 -2.305701191587712806e+00
2.446939378931998021e+02 3.739533903713986973e+00
7.664551723619025836e+01 3.294956763178229053e+00
-4.931472177895101794e+01 9.321455346571139167e-01
-7.601302936163473589e+01 -6.549755539631126888e-01
-3.854580347791685568e+01 -9.224193308879182762e-01
7.565035048963281383e+00 -4.354597679997910253e-01
2.895450773152476032e+01 1.048912255895028400e-01
2.253629422642584501e+01 3.312958012436016952e-01
3.315293873232338484e+00 2.425010206091709475e-01
-1.188292007227099489e+01 2.409935236343958920e+01
-8.201298401270663874e+01 2.198004812689671894e+01
-1.560288353335539000e+02 5.913813217936995770e+00
-1.648646781558737757e+02 -5.148737434357363085e+00
-8.095241954115695648e+01 -9.091279579648693598e+00
2.967240331034405543e+00 -1.295720761536417420e+01
4.540707236376587730e+01 2.821680417564448362e+02
8.748341803531447169e+01 5.875302132701281153e+02
1.295597637068630661e+02 8.928923847838115080e+02
-5.555033460467070654e+02 9.912948940125055515e+02
-3.574234258101863816e+03 3.406331009145142161e+02
-6.574301333713245185e+03 -3.202301617604898638e+02
-9.574368409324626555e+03 -9.810934244354934890e+02
-1.257443548493600792e+04 -1.641956687110497114e+03
-1.557450256054738929e+04 -2.302819949785500739e+03
-2.869076058487858973e+03 -1.337745123708848951e+03
1.534351347781443474e+04 1.974681761481506328e+02
3.355610301411672117e+04 1.732681476005151126e+03
5.176869255041901488e+04 3.267894775862151619e+03
6.998128208672131586e+04 4.803108075719152112e+03
3.557602602777600987e+04 3.268445766387914773e+03
-2.740872948748327326e+04 6.637371590848124470e+01
-9.039348500274261460e+04 -3.135698334570953193e+03
-1.533782405180019559e+05 -6.337770385050388541e+03
-2.163629960332612682e+05 -9.539842435529822978e+03
-1.461757803089987719e+05 -7.428661481633389485e+03
3.050168132731004152e+04 -1.068766524613507499e+03
2.071791429636190296e+05 5.291128432406376305e+03
3.838566045999279595e+05 1.165102338942625647e+04
5.605340662362368312e+05 1.801091834644613846e+04
4.538515394147601910e+05 1.586118534316223486e+04
9.085020726176444441e+04 5.169108003875830036e+03
-2.656455158481607214e+05 -5.405015558232329568e+03
-6.221412389580857707e+05 -1.597913912034048553e+04
-2.368608956836247235e+05 -7.476755223149937592e+03
3.066514181761305372e+04 -8.221372106511059883e+02
9.108954822061373852e+04 1.449351086692493936e+03
4.858816626947146142e+04 1.213459970908821560e+03
-4.715476315751810034e+03 3.138868297023011564e+02
-2.849472248123169993e+04 -2.971414502276091980e+02
-2.218238991725161759e+04 -4.101656274865055138e+02
-2.720229480458136095e+03 -2.013401237998536715e+02
1.279756484813258794e+04 6.533820621415080154e+01
4.823402251090785285e+03 3.397532740328890100e+01
-3.391511968909002917e+03 -7.505452457320763493e+00
-1.567686781369270193e+03 -4.774758730780394700e+00
1.006688590353054451e+02 -6.896566126642083017e-01
9.255599241590199426e+02 1.921647326706947378e+00
8.607921839518745628e+02 2.381418401816419728e+00
3.225943680925177546e+02 9.670019948583531422e-01
5.093132578797894894e+01 1.840965012674817824e-01
-1.674193930562179276e+02 -4.605714953047536087e-01
-3.363011747429134743e+02 -9.632299593585634812e-01
-1.241075935453746268e+02 -3.658727025064785199e-01
-4.525059733423169916e+00 -2.315618183460381452e-02
2.294763952437348919e+01 -3.160710449484279820e+02
7.076894565567322388e+02 -3.405644397108293333e+02
1.546062456632518206e+03 -1.201825605664987506e+02
1.527335565750927799e+03 2.770063644513611933e+01
6.671925238969459997e+02 5.995629163581506305e+01
-2.447608645025591159e+02 3.219454581761257828e+01
-6.272445935300921747e+02 -7.626730717369056833e-01
-4.539944303079162182e+02 -1.507009701334608920e+01
-5.144945926796481217e+01 -1.196343239878792808e+01
2.413334612651035513e+02 -2.370523391898252896e+00
2.785292094226476252e+02 4.544493203065922415e+00
1.202622630875962813e+02 5.605922276609305754e+00
2.106992507184222063e+01 1.868844242742786044e+00
-7.816505272702694640e+01 -1.868437274996751274e+00
-1.348434701646883127e+02 -4.261023492575456650e+00
-3.064193664699143937e+01 -1.421018377112226005e+00
7.374119000422399495e+01 1.419663951271411984e+00
4.203536081812930547e+01 1.005638811656984544e+00
-1.756463298375159354e+00 1.840234519492202070e-01
-2.966454159338684704e+01 -1.980378417982181816e+01
5.362101972259222293e+01 -1.287691280370437141e+01
1.407302469962443183e+02 3.256099828435061738e-01
2.278394742698963853e+02 1.352813276939138554e+01
2.901661868477583539e+02 2.479836334579156087e+01
3.749027099621559955e+01 1.062568411682778446e+01
-2.402682889446480203e+02 -5.906558113699929891e+00
-5.180268488855115265e+02 -2.243880034422763714e+01
-7.957854088263751464e+02 -3.897104257475534439e+01
-1.617774248555898566e+02 -1.426495793534135359e+01
5.012477257828282973e+02 1.171573711449554089e+01
1.994504760899180269e+02 6.233171304606797136e+00
-4.888979853506010897e+01 5.118775756510545172e-01
-1.385750762739903621e+02 -2.314372113095124472e+00
-9.902088724741471992e+01 -2.419385065422097636e+00
-2.464035413148002363e+01 -8.068583590709197395e-01
4.959947992256496718e+01 8.060650178771453511e-01
1.238393139766098443e+02 2.418988394825209554e+00
1.980791480306548067e+02 4.031911771773274644e+00
2.723189820846997691e+02 5.644835148721339735e+00
3.465588161387447030e+02 7.257758525669404825e+00
1.403623682170406823e+02 3.387352303806047793e+00
-1.164443909351672346e+01 3.254380892112190837e-01
-5.303056240094171869e+01 -7.691011393377708005e-01
-3.223239111557156633e+01 -6.565044907228505533e-01
9.888905545471580183e-01 -1.687810494085549284e-01
1.959715466336393774e+01 1.055222314236785053e+01
1.480703304824989175e+01 5.354584841415234564e+01
-1.714787312011231393e+02 1.852326535831533860e+01
-3.311328151884219437e+02 -1.407644326461651119e+01
-7.405971454047653424e+01 -5.717289855999084125e+00
1.945554026848342346e+02 3.667005653745256666e+00
4.631705199101450035e+02 1.305130116348959746e+01
7.317856371354557723e+02 2.243559667323393825e+01
4.995538419031549893e+02 1.718014725777159413e+01
-6.458427820947758846e+01 2.223082808948973366e+00
-6.287223983221101662e+02 -1.273398163987365450e+01
-1.192860518434742971e+03 -2.769104608869628237e+01
-1.215111923689396917e+03 -3.018970526252762809e+01
-3.043242167394955686e+02 -1.019692883928357219e+01
6.083953969460294502e+02 9.929541335734850094e+00
1.521115010631554469e+03 3.005601151075326882e+01
1.394997817911025777e+03 2.961869741104649734e+01
2.787307050200954563e+02 9.581356403877656192e+00
-8.375364078708353190e+02 -1.045598460329119384e+01
-1.603271096451384210e+03 -2.495753047635039934e+01
-5.332386251208257590e+02 -9.763103562361886034e+00
3.033239281060447752e+02 2.675976561392426234e+00
6.797478953522810343e+02 9.015223220681027883e+00
1.975568341931415262e+02 3.023908855553583130e+00
-2.862601883253612982e+02 -2.986239958233768199e+00
-5.811639561407907877e+02 -6.789222535685344617e+00
-3.801706147325551228e+02 -4.798395896862833077e+00
-1.791772733243194580e+02 -2.807569258040321092e+00
-3.250196732739505023e+01 -9.066089936153951534e-01
9.649528369948833983e+01 9.651038450781521671e-01
1.796720477377706686e+02 2.250658706497866479e+00
5.451538723583318813e+01 7.820124736902573925e-01
-6.905238263528354992e+01 -6.756246836934246547e-01
-3.325357129436307702e+01 -3.645765563356289096e-01
7.330087806455470201e+00 2.137257224111638321e-02
3.073869562757199247e+01 2.644236097982023415e-01
1.741439758426113826e+01 1.636498096558728355e-01
-3.977106440767400386e+00 -1.263259687626205885e-02
-2.536861046579595325e+01 -1.889150034083969532e-01
-4.676011449082449900e+01 -3.651974099405318475e-01
-6.815161851585304476e+01 -5.414798164726667418e-01
-3.183303235204818549e+01 -2.662195084299011083e-01
1.544241136786090784e+01 9.476703588521005750e-02
5.663180666037677113e+00 3.757288847955050914e-02
-4.885457957551059494e+00 5.753585666760923090e+00
-2.075339325086163811e+01 -4.795886107743425555e+02
1.364003040251034690e+03 -2.860438283160150377e+02
3.008439912384374111e+03 3.368191220021333265e+01
4.652876784517713531e+03 3.534076527164417030e+02
6.297313656651052952e+03 6.731333932326700733e+02
6.486786920285678207e+03 8.553519153967897637e+02
-5.071895970584155293e+02 3.240019735136015697e+02
-7.739910722931286728e+03 -2.462326367509249394e+02
-1.497263184880415611e+04 -8.164672470154514485e+02
-2.220535297467702912e+04 -1.386701857279977958e+03
-2.795110158530396075e+04 -1.873852648750164690e+03
-3.121921136784756527e+03 -6.335764849641161618e+02
2.188324559250177845e+04 6.156586142026601465e+02
1.368621881118002784e+04 5.430305275357484334e+02
-2.995850872110199816e+03 1.325914514006416880e+02
-5.025830346991508122e+03 -1.898744377758441715e+01
-3.479407367013556268e+03 -1.073817447113455330e+02
-1.932984387035605323e+03 -1.957760456451066489e+02
-3.865614070576539234e+02 -2.841703465788677363e+02
1.021052055371071447e+03 -2.529904629392588333e+02
1.245116647153689655e+03 -8.346890990315512227e+01
7.723566102688942010e+02 -1.685021776075598154e+01
2.260731391704953239e+02 3.879572217468080453e+01
-3.202103319279033258e+02 9.444166211011753376e+01
-8.664938030263024302e+02 1.500876020455542914e+02
-1.412777274124701307e+03 2.057335419809910491e+02
-1.959060745223100184e+03 2.613794819164277783e+02
-2.056630564662938923e+03 2.099735573371689838e+02
-1.451687398383979144e+03 6.252711285896566551e+01
-7.945104502217277513e+02 -7.745525869914695249e+01
-1.373335020594763591e+02 -2.174376302572596273e+02
5.198434461027752604e+02 -3.574200018153723022e+02
1.177020394265026653e+03 -4.974023733734849770e+02
1.834197342427278045e+03 -6.373847449315976519e+02
2.620279720544000156e+03 -5.237585033017642218e+02
2.867695743896399108e+03 -1.568221677889534931e+02
2.901621508093064222e+03 1.923501677455558365e+02
2.935547272289729335e+03 5.415225032800653935e+02
2.969473036486394449e+03 8.906948388145748368e+02
3.003398800683059562e+03 1.239867174349084280e+03
3.037324564879724676e+03 1.589039509883593837e+03
-1.538689525759916705e+02 1.329398942443694750e+03
-5.327458570499158668e+03 3.996495312785864371e+02
-9.744835673090390628e+03 -4.866164303505433963e+02
-1.416221277568162623e+04 -1.372882391979673230e+03
-1.857958987827286182e+04 -2.259148353608803063e+03
-2.299696698086409742e+04 -3.145414315237932897e+03
-2.741434408345533302e+04 -4.031680276867062730e+03
-1.670607904151824914e+04 -3.432839525460401092e+03
8.561110206808400108e+03 -1.037318502553811413e+03
3.137015062105259858e+04 1.251241181086455981e+03
5.417919103529679705e+04 3.539800864726723375e+03
7.698823144954099553e+04 5.828360548366991679e+03
9.979727186378519400e+04 8.116920232007259074e+03
1.226063122780293925e+05 1.040547991564752738e+04
8.961081209075616789e+04 9.014735781744931955e+03
-8.386682425501523539e+03 2.741014847554572043e+03
-9.877732547727174824e+04 -3.268809006942050473e+03
-1.891679685290419729e+05 -9.278632861438672990e+03
-2.795586115808121394e+05 -1.528845671593529551e+04
-3.699492546325824223e+05 -2.129828057043191802e+04
-4.603398976843525888e+05 -2.730810442492854054e+04
-3.634467738822398242e+05 -2.406506607513130803e+04
-1.654012287214770913e+04 -7.370191910329434904e+03
3.075789510381252039e+05 8.673185473091434687e+03
6.316980249483983498e+05 2.471656285651231155e+04
9.558170988586711464e+05 4.075994023993318115e+04
1.279936172768944409e+06 5.680331762335405801e+04
1.604055246679217089e+06 7.284669500677492761e+04
1.328488907818183536e+06 6.528226404974876641e+04
1.542620069104293361e+05 2.015687367714231368e+04
-9.533569627375062555e+05 -2.336463568935685907e+04
-2.060975932385441381e+06 -6.688614505585606094e+04
-3.168594902033375576e+06 -1.104076544223552337e+05
-4.276213871681310236e+06 -1.539291637888544064e+05
-5.383832841329245828e+06 -1.974506731553535792e+05
-4.619602326783511788e+06 -1.798965926196329528e+05
-7.376881613261625171e+05 -5.604802646618906874e+04
2.953695138102930039e+06 6.388303528023289982e+04
6.645078437532022595e+06 1.838140970266548684e+05
1.033646173696111888e+07 3.037451587730768370e+05
1.402784503639021143e+07 4.236762205194988055e+05
1.771922833581930399e+07 5.436072822659207741e+05
1.564983043601452932e+07 5.034094304655360756e+05
2.972110499718084931e+06 1.583845387561174575e+05
-9.172701854541100562e+06 -1.772217482209065929e+05
-2.131751420880027860e+07 -5.128280351979308762e+05
-3.346232656305945665e+07 -8.484343221749549266e+05
-4.560713891731863469e+07 -1.184040609151978977e+06
-5.775195127157781273e+07 -1.519646896129003027e+06
-5.230014433858484775e+07 -1.430035549333175644e+06
-1.112097140343355946e+07 -4.546838947420630720e+05
-1.912577173556812108e+06 -1.476277552295934875e+05
7.047329004188574851e+06 1.554948412651151884e+05
1.600723518193396181e+07 4.586174377598238643e+05
2.496714135967934877e+07 7.617400342545325402e+05
3.392704753742473572e+07 1.064862630749241216e+06
1.111770530835919827e+07 4.534939316154124681e+05
-1.512085932780471072e+07 -2.564144888840816566e+05
-2.232097538637591153e+07 -5.154055280600075494e+05
-1.136859323896689527e+07 -3.444625354706197977e+05
-8.826784229446784593e+05 -1.610857587996523071e+05
5.255460338222263381e+05 -4.946364526853253483e+04
1.661689895704163238e+06 5.792686059790234140e+04
1.239682736550573725e+06 7.211230519690319488e+04
-6.506185328506969381e+04 3.349439813163496729e+04
-8.002215341038139304e+05 2.393333900554207503e+03
-8.707279188946596114e+05 -1.993626485386910645e+04
-7.366565807503312826e+05 -3.212757377954558615e+04
-8.838800098406989127e+04 -1.883673054363284973e+04
5.032781248880742933e+05 -5.624872692802578058e+03
2.421410624334170134e+05 -7.697170230596343572e+02
-4.482287717489068746e+04 2.375701236651363160e+03
-2.036332142520992784e+05 2.888845918691119550e+03
-1.985391251210220507e+05 1.998027243418692251e+03
-7.260572507650566695e+04 7.212996429127919384e+01
-2.177321229486120865e+04 -4.265201578616446909e+01
2.638536254421886406e+04 -9.073865864701724604e+01
7.454393738329895132e+04 -1.388253015078700514e+02
1.227025122223790386e+05 -1.869119443687228284e+02
1.708610870614591404e+05 -2.349985872295756337e+02
6.428675016838603187e+04 -8.663078385192386577e+01
-4.882164600933948532e+04 7.003494096779326128e+01
-1.619300421870650607e+05 2.267006657875103883e+02
-2.750384383647905779e+05 3.833663906072274585e+02
-3.881468345425160951e+05 5.400321154269445287e+02
-1.488756382238602964e+05 2.046720815550479529e+02
1.080528089453654829e+05 -1.553493287295818845e+02
3.649812561145912623e+05 -5.153707390142113809e+02
6.219097032838170417e+05 -8.753921492988411046e+02
8.788381504530428210e+05 -1.235413559583470715e+03
3.432050972394025885e+05 -4.768248802405350943e+02
-2.384865969600419048e+05 3.467841594817787154e+02
-8.201782911594866309e+05 1.170393199204092525e+03
-1.401869985358931357e+06 1.994002238926406335e+03
-1.983561679558376083e+06 2.817611278648720145e+03
-7.884646617055190727e+05 1.107096735433317917e+03
5.243299129859926179e+05 -7.713107836658282395e+02
1.837124487677503843e+06 -2.649718302764974851e+03
3.149919062369015068e+06 -4.528125821864121463e+03
4.462713637060526758e+06 -6.406533340963268529e+03
1.805129517517080531e+06 -2.561908642674225121e+03
-1.148230693830663338e+06 1.709113584634618746e+03
-4.101590905178406276e+06 5.980135811943466251e+03
-7.054951116526149213e+06 1.025115803925231194e+04
-1.000831132787389308e+07 1.452218026656115762e+04
-3.701344014204089530e+06 5.301181461298649083e+03
2.921488124805531465e+06 -4.380272049742123272e+03
2.359963933013739530e+06 -3.479830406893653617e+03
4.271981081125083729e+05 -5.596490403989048446e+02
-1.284035498671246314e+05 2.344647315277889277e+02
-1.758329027080903179e+05 2.685437227372474922e+02
-7.567977446196968958e+04 1.011655219767100675e+02
1.851954151663787343e+04 -4.059596502725852218e+01
5.736254543809275492e+04 -9.095387145824699360e+01
4.444444909916156030e+04 -6.296360173302466023e+01
1.421211733119775272e+04 -1.919713533428630114e+01
-5.579049306841964608e+03 8.742016416380485211e+00
-1.058572170095776528e+04 1.527960574410960604e+01
-6.289602248525770847e+03 8.654364140709114750e+00
6.311365758335334704e+02 -1.400760163337759767e+00
6.446752686564057058e+02 -1.095929232009091869e+00
2.286801359893984511e+02 -1.620891231172519875e-01
-8.380633468529833863e+01 4.480941087342494855e-01
-2.357086556596320008e+02 5.561535241457508105e-01
-3.876109766339656062e+02 6.642129395572521355e-01
-1.325594646487440968e+02 2.228945373705650823e-01
1.235895291127383189e+02 -2.199140890009363414e-01
3.797385228742207346e+02 -6.627227153724377651e-01
6.358875166357031503e+02 -1.105531341743939189e+00
8.920365103971855660e+02 -1.548339968115440612e+00
3.585747756427920194e+02 -6.137601737872304675e-01
-2.308518753970726038e+02 4.184664716230630521e-01
-8.202785264369371134e+02 1.450693117033356572e+00
-9.114368164400053729e+02 1.602362474891289024e+00
-3.695168220799606615e+02 6.352337302023847165e-01
1.724031722800839361e+02 -3.318950144865195906e-01
6.747351606161171276e+02 -1.227277326342840702e+00
3.292266910492079433e+02 -5.892286159125414979e-01
-1.164240064519711950e+02 2.289562683160191181e-01
-5.620747039531502196e+02 1.047141152544579512e+00
-7.281160628302228588e+02 1.346273404833235876e+00
-2.494400139144550508e+02 4.527119277318965018e-01
2.313933650625937730e+02 -4.448036754902606194e-01
4.243402938919964527e+02 -7.997683298989531897e-01
2.715903830136007855e+02 -5.032325462387794435e-01
1.075632894119897855e+02 -1.901822498194253308e-01
-7.178597527319890048e+01 1.453061143397610111e-01
-1.652239833052580309e+02 3.169547804822668846e-01
-1.178607072452139590e+02 2.200840375890928402e-01
-6.032540047705366248e+01 1.065666034564219378e-01
1.750011862528606343e+01 -4.015608826963995570e-02
6.951062338825593656e+01 -1.367562546054934547e-01
5.798040833818200923e+01 -1.099855290924001694e-01
3.992652341133277361e+01 -7.186143880981031573e-02
1.646868651458934352e+00 1.462247251789790259e-03
-2.923982695818620314e+01 3.255640130611369898e+01
-1.168258112578439523e+02 1.460070726120748930e+01
-2.080243577265064232e+02 -7.103560276201644541e+00
-2.289314834600236566e+02 -2.149185196725371583e+01
-6.609647336993378985e+01 -1.675614511645261828e+01
9.673853672015607685e+01 -1.202043826565152074e+01
1.228028739737449371e+02 -4.880310931948866227e+00
9.918000626352272775e+01 3.133314578485480340e+00
6.544050900503826540e+01 9.224033439228854547e+00
-9.551505955117789881e+00 3.408221875038654147e+00
-8.454022565185475457e+01 -2.741133751113917327e+00
-1.595289453485917193e+02 -8.890489377266485249e+00
-1.669439876298947922e+02 -1.118274293450874879e+01
-1.842596086169054104e+01 -3.813872944543169830e+00
8.861477592281927684e+01 1.967286533819502914e+00
1.138659178420597442e+02 4.509868496848282504e+00
3.569732598470692153e+01 2.124547936623417232e+00
-4.943968299382428455e+01 -7.207676568185834576e-01
-1.944445841492609617e+01 -3.929053721552074885e-01
1.999582250189895660e+00 -5.699193543378082427e-02
8.129616694646038866e+00 1.058896422876771197e+02
-1.375347104557619105e+02 1.985379063356839424e+02
-5.605678748575808186e+02 1.116204403259882270e+02
-1.067742127717310723e+03 -1.309651578466517208e+01
-1.073539708253950039e+03 -8.751014266865730917e+01
-6.589457092618431489e+01 -2.924181170674367536e+01
9.473330529832173852e+02 2.909828340569451655e+01
1.960560676892619085e+03 8.743837851813272266e+01
2.171795107946739336e+03 1.100435143134739775e+02
3.658084343708687811e+02 3.774625752122189937e+01
-8.629763378191328229e+02 -1.589446784345534525e+01
-1.207508824309565625e+03 -4.007044360917460324e+01
-3.040712405639421831e+02 -1.529715946746697597e+01
5.561767210255492273e+02 9.467927450722397609e+00
1.946269897700800300e+02 4.175674739457779339e+00
-3.635764008788758872e+01 2.063861108382556431e-01
-9.096870160706269814e+01 -1.165904082862777358e+00
-5.088681029552385837e+01 -9.349689362310664720e-01
6.234740070621143104e+00 -1.996125763398513553e-01
3.758960586789378766e+01 8.867296474663930894e+01
3.053455533849948011e+01 7.047205033062817847e+02
-2.328659821270462089e+03 2.386508997470590430e+02
-4.745065902737485885e+03 -2.311627691237954423e+02
-1.595395864393360398e+03 -1.549911306276572134e+02
9.602269333788171934e+01 -4.956269360898397736e+01
1.686589780400823656e+03 5.376472680945414595e+01
3.277156867463764684e+03 1.570921472278922693e+02
4.867723954526706621e+03 2.604195676463303926e+02
6.458291041589648557e+03 3.637469880647685159e+02
8.048858128652589585e+03 4.670744084832066392e+02
9.639425215715531522e+03 5.704018289016447625e+02
4.698815742642660553e+03 3.564956656757467499e+02
-1.084856747641683796e+02 1.025178459548636312e+02
-1.480845969113129740e+03 -1.144590226936803745e+01
-8.994978381864860921e+02 -2.976306475932753770e+01
-6.409006597179256914e+01 -1.497202655712058394e+01
3.244911498939218291e+02 -2.010295640492962832e-01
2.813714841527321369e+02 5.426161878547081763e+00
6.928534529137422737e+01 4.171900467754615427e+00
-9.334489538571737910e+01 8.036072028973773040e-01
-1.266452807042090143e+02 -1.470485833906803430e+00
-6.254532977776658242e+01 -1.773118617673077990e+00
2.347914877173389669e+01 -7.763204481385237443e-01
1.253035488500689354e+01 -2.367021758471516413e-01
2.119282423540722604e+00 1.095331909491237266e-01
-4.589625759617264933e+00 3.111642037524393345e+01
-6.374893557871433636e+00 2.429715567632747764e+02
-6.766313156967199802e+02 -3.696493824407684201e+02
-1.597057335426097779e+01 -5.561868185540986360e+02
1.762327877515401951e+03 -2.645743587307469511e+02
3.357985822857870517e+03 7.888875874169792723e+01
3.082653390865475558e+03 2.552716645621959231e+02
3.813247093114709969e+02 1.135643062401249495e+02
-7.404192895678432933e+02 1.793115311526684863e+01
-5.466785016595405295e+02 -8.218494589415405116e+00
-1.448475922370487012e+02 -6.826115097080541538e+00
4.203964726838782440e+01 -2.046856217149573443e+00
5.730089333421079800e+01 1.395524632008523502e-01
2.337468083525874363e+01 4.396334669498071501e-01
2.180439864429040142e-01 2.028518247729113044e-01
-5.379758715357350951e+00 1.392803041760527494e+00
-6.433029225735551471e+00 -3.726046531143799712e+02
8.617209689160054040e+02 -8.131169679671959329e+02
2.749951645505499982e+03 -5.788401622396659150e+02
3.584074959494987979e+03 -1.398025703844152474e+02
2.391254806463070054e+03 5.643424388585007989e+01
5.586407761759725190e+02 6.640366903756192585e+01
-4.856520568574875938e+02 2.463055336318188893e+01
-5.702792532645623851e+02 -2.575875521317681383e+00
-2.407645422005201681e+02 -8.096796910830279970e+00
2.981229346705528371e+01 -4.211040708661423437e+00
1.060670159972899569e+02 -3.089556333638714403e-01
6.424964974227535208e+01 1.026934342040349391e+00
7.514380211708072466e+00 7.396168031861637404e-01
-1.777559469513982293e+01 1.588354472897927361e-01
-1.531064273346499505e+01 -1.288916420463790680e-01
-4.345173745547026734e+00 -1.353042841906899607e-01
2.606020429352922108e+00 -2.202794457103932473e+02
3.742328634950953870e+02 -2.379055268723012091e+02
1.030666942578171529e+03 4.927427040161177274e+01
9.232543193386543408e+02 1.175961559929003784e+02
-5.272881292510987805e+00 6.380371684845586344e+01
-6.613147318235747889e+02 -2.347719090264570809e+02
-2.410302955636257138e+02 -4.877103143385584190e+02
1.244206114958700482e+03 -2.596112525052386673e+02
2.334306670182977541e+03 2.762750630469568591e+00
1.738380788935992996e+03 1.056964162521786363e+02
1.911974611238543957e+02 7.714436281803972406e+01
-9.010996759797449158e+02 1.386518234046280185e+01
-9.458614107296314160e+02 -2.213639366964465083e+01
-3.383819862713578459e+02 -2.288463361880959468e+01
2.297439419658408895e+02 -7.956343901572816790e+00
3.912177460871362769e+02 4.011575148701307825e+00
2.178352679460726904e+02 6.773266846019917686e+00
-2.402270274107982573e+01 3.533826116917209603e+00
-1.414353798066086938e+02 -3.442768728681293577e-01
-1.115165378443591777e+02 -1.967493015153599867e+00
-1.997447456563791235e+01 -1.444037083877773187e+00
4.473783270779448173e+01 -2.230602162696116997e-01
5.123033686897058203e+01 5.376785035580694538e-01
2.052924452375649267e+01 5.665218433274634702e-01
-1.087783543056745827e+01 2.037510438124290613e-01
-2.177161435428209302e+01 -1.224599885196601678e-01
