4.000000000000000000e+00 4.000000000000000000e+00
3.982375742462456625e+00 4.430718583529006160e+00
3.967909796205761452e+00 4.783974158380020825e+00
3.950749870207837411e+00 5.203051210247243041e+00
3.938914583347328247e+00 5.492398090417776935e+00
3.925847710391995982e+00 5.811404300849162041e+00
3.909021649711260871e+00 6.222103598201981889e+00
3.891923544853066019e+00 6.639690257560697084e+00
3.875353183683775793e+00 7.044689537295443671e+00
3.859047739047161141e+00 7.442793835352726539e+00
3.836348928808038572e+00 7.997312004667136875e+00
3.815815754250374336e+00 8.499082744772813669e+00
3.779196012105349389e+00 9.393626929317768770e+00
3.754403857419405188e+00 9.999620379775244317e+00
3.735438292390143911e+00 1.046286286837353785e+01
3.712270011663844738e+00 1.102856959154417993e+01
3.672513974284989935e+00 1.200022277936133186e+01
3.635364006765499312e+00 1.290741022441628516e+01
3.583027458225505057e+00 1.418553077741740687e+01
3.538640631175976825e+00 1.526971073987963301e+01
3.502078609439470469e+00 1.616314225000273197e+01
3.443877972736962612e+00 1.758350406857309878e+01
3.364251610359058731e+00 1.952618494875396493e+01
3.276416953039671842e+00 2.167092071105623319e+01
3.220324634781459583e+00 2.304204486748731995e+01
3.143378341015390376e+00 2.491087753937054217e+01
3.092379584197333831e+00 2.612903570875890935e+01
3.049077241951270612e+00 2.714932798458504593e+01
2.982882701140895598e+00 2.868522835375394209e+01
2.889626822536313977e+00 3.080095035552028904e+01
2.799888672287604852e+00 3.278181476235879188e+01
2.690314735788550404e+00 3.512974907139138736e+01
2.570072323009454873e+00 3.761337963010680596e+01
2.476480331552095127e+00 3.947665363537297623e+01
2.378978608716589616e+00 4.135648859073074135e+01
2.251513499846602429e+00 4.371543553174601016e+01
2.156823931828139695e+00 4.539643610601505230e+01
2.029553042786086170e+00 4.755877514400518891e+01
1.869746301334065164e+00 5.011529917454479488e+01
1.753558448662503544e+00 5.186212938159479791e+01
1.573878275203108190e+00 5.437759926542707234e+01
1.460207865157301166e+00 5.585299784729244266e+01
1.326260916706144544e+00 5.747467922292472053e+01
1.165323566378558384e+00 5.925459955236988208e+01
1.014666667030698299e+00 6.075152869402495526e+01
8.199882383682430831e-01 6.217567601295871782e+01
3.819854856745963367e-01 6.350634597012116700e+01
-3.492449057387339573e-01 6.437435442746523506e+01
-1.210288749009825526e+00 6.463567105451528505e+01
-2.594270089739703522e+00 6.439861349621492081e+01
-3.744642599793735815e+00 6.398042209632675537e+01
-5.177505880792226733e+00 6.342887658236348614e+01
-6.310891330808171773e+00 6.276278537834178195e+01
-7.770463368073333044e+00 6.071283272666786246e+01
-9.410655963652541089e+00 5.736845790729949357e+01
-1.067141337525969114e+01 5.413926452365421937e+01
-1.174057547138998636e+01 5.094201819802144371e+01
-1.370599072251858530e+01 4.401017566133142367e+01
-1.458067304881554271e+01 4.048177118763483406e+01
-1.587032367306207981e+01 3.973102363362037437e+01
-1.717344845254550734e+01 3.953781113200837183e+01
-1.847974003605846605e+01 3.935072112587873505e+01
-1.945899808582703727e+01 3.921025007116676875e+01
-2.115401870821779085e+01 3.897332284898459420e+01
-2.238676080482367681e+01 3.880581471410300765e+01
-2.336359044718227196e+01 3.867387610956144073e+01
-2.454613958725545686e+01 3.851696885651574576e+01
-2.593549246223465232e+01 3.833612333722324195e+01
-2.734540441740190531e+01 3.815310430788936458e+01
-2.863994460817298560e+01 3.798775791862861695e+01
-2.986240693890283993e+01 3.783278916461068775e+01
-3.156469286039911992e+01 3.761907290011432536e+01
-3.295513287283164772e+01 3.744278146984392919e+01
-3.413255161910772273e+01 3.729450119953984455e+01
-3.522059713378145318e+01 3.715719991388704102e+01
-3.649921846704994266e+01 3.699497499168340653e+01
-3.828667010087816180e+01 3.676623542039398984e+01
-3.942631255369044396e+01 3.661949536128733484e+01
-4.078035937395330990e+01 3.644668846590000300e+01
-4.187337095416480537e+01 3.630589513632396859e+01
-4.338819898744806380e+01 3.611013971724212723e+01
-4.469664664841550916e+01 3.593082958509442904e+01
-4.550661175644913214e+01 3.581680800161500144e+01
-4.672250244586768275e+01 3.564113795135052243e+01
-4.770127816925509023e+01 3.549540719776674536e+01
-4.875636255397351704e+01 3.532108206465851197e+01
-4.935481812452417927e+01 3.521857523391982880e+01
-5.019156930904567560e+01 3.505891884386018376e+01
-5.072156216598997247e+01 3.494663504575732560e+01
-5.149819783198338996e+01 3.477224337585396086e+01
-5.201514036707991551e+01 3.465213509287410432e+01
-5.270581797401202806e+01 3.449567535048907274e+01
-5.354366185159484104e+01 3.430088427973075937e+01
-5.415300194309706683e+01 3.415605564990990928e+01
-5.472374708385963515e+01 3.402042889044745522e+01
-5.520356126407017427e+01 3.390676098231632096e+01
-5.587680046496776498e+01 3.374921202079433158e+01
-5.642567810239317083e+01 3.361733834377105268e+01
-5.700063627115333986e+01 3.347722807274517010e+01
-5.760362317615414440e+01 3.332881431163303887e+01
-5.805613760148253277e+01 3.321737637160315160e+01
-5.852591202879620624e+01 3.310120587044072948e+01
-5.900283474747512003e+01 3.298372046669112478e+01
-5.944802648618634322e+01 3.287633941775503388e+01
-6.009336742477331228e+01 3.271629217788236588e+01
-6.053495578658115761e+01 3.260745476523764097e+01
-6.102313329645291162e+01 3.248580568917737565e+01
-6.141049104561971461e+01 3.238788220090351899e+01
-6.184395466866728697e+01 3.227880247964832705e+01
-6.260026576496929351e+01 3.208866033897363224e+01
-6.330758273435829153e+01 3.190692270141918740e+01
-6.368484783604928623e+01 3.180813712713553443e+01
-6.417060645954924780e+01 3.168125475883486786e+01
-6.464285419436862412e+01 3.155726187953160888e+01
-6.502391435365643702e+01 3.145483386491767064e+01
-6.538821938226007546e+01 3.135848883635662077e+01
-6.586430467470968608e+01 3.122924029598702234e+01
-6.648268456346153243e+01 3.106347236829387271e+01
-6.698778629345810032e+01 3.092662003912490221e+01
-6.747497433393236577e+01 3.079252378730197748e+01
-6.785830815690246709e+01 3.068461075849218744e+01
-6.813510173586153940e+01 3.060641618624202920e+01
-6.845969432107426655e+01 3.051676984833164141e+01
-6.878408218514080374e+01 3.042602384551429040e+01
-6.919469342501271569e+01 3.031013925646507090e+01
-6.951713248015614965e+01 3.022073650309925696e+01
-6.984873351592808888e+01 3.012687094927084175e+01
-7.014714668133619568e+01 3.004050195105948262e+01
-7.053458558146004975e+01 2.993096484011210379e+01
-7.096647315542401202e+01 2.980858290166091962e+01
-7.130170407050840709e+01 2.971220606657473695e+01
-7.160661673731615906e+01 2.962173864769957277e+01
-7.203707837508785872e+01 2.949464666659090284e+01
-7.239588917893887299e+01 2.938926569935667388e+01
-7.265192324841714822e+01 2.931325353474389672e+01
-7.299889996001641634e+01 2.920887189008193729e+01
-7.339538309935957727e+01 2.908742498750097027e+01
-7.372539970517564711e+01 2.898747912894940271e+01
-7.399768898304090214e+01 2.890351307996527197e+01
-7.433577397770386597e+01 2.880138237308161564e+01
-7.459620827923208708e+01 2.872142944274913035e+01
-7.488557869359468100e+01 2.863240578441661555e+01
-7.513174168741872450e+01 2.855498144874102096e+01
-7.549578867523898396e+01 2.843876218953835178e+01
-7.578709828612953459e+01 2.834749098453081828e+01
-7.601157594280229546e+01 2.827564538992872656e+01
-7.642905062789711224e+01 2.814053493619122293e+01
-7.667708153701292417e+01 2.806028538210457057e+01
-7.698903829325179515e+01 2.795884719174064514e+01
-7.722370909890202029e+01 2.788162570406612772e+01
-7.756136436609583029e+01 2.776993534406148711e+01
-7.779497266015567902e+01 2.769147807661048688e+01
-7.806615513407543006e+01 2.760183040737163651e+01
-7.836197712923539882e+01 2.750340637169387747e+01
-7.859483070907059243e+01 2.742327611322611958e+01
-7.883052104497139112e+01 2.734435368780681230e+01
-7.902161292782210467e+01 2.727936787187983469e+01
-7.927427208200107600e+01 2.719268003581850479e+01
-7.954322109625920234e+01 2.709828608603782740e+01
-7.975308582072761965e+01 2.702433652348466353e+01
-7.999965905623336937e+01 2.693810842908100511e+01
-8.020819618150247265e+01 2.686421507730598890e+01
-8.043065351959401710e+01 2.678509313004955672e+01
-8.063982227133001857e+01 2.671072467814608586e+01
-8.083588295595815509e+01 2.663892277990591495e+01
-8.101533876497020970e+01 2.657632907429713143e+01
-8.130169188351204923e+01 2.647312516874296406e+01
-8.157328584522436188e+01 2.637518094203768371e+01
-8.178895921914434552e+01 2.629683210854841136e+01
-8.208322276709620269e+01 2.618781997358348690e+01
-8.224275705220212274e+01 2.612867978049325046e+01
-8.243842506529348668e+01 2.605512633647141385e+01
-8.262188108958682164e+01 2.598613408293222093e+01
-8.283106554848448866e+01 2.590547463212477552e+01
-8.309172406015042611e+01 2.580896732430187512e+01
-8.329737907230700955e+01 2.572837608525200181e+01
-8.351752271687581697e+01 2.564361042167564619e+01
-8.377079630239262542e+01 2.554586360356015717e+01
-8.399562070234794930e+01 2.545969162324619361e+01
-8.418330359427643828e+01 2.538452920724754236e+01
-8.437408615176983062e+01 2.530769093657179880e+01
-8.456364377287337675e+01 2.523176363138594880e+01
-8.472583808202284672e+01 2.516603211554306085e+01
-8.488878527528142115e+01 2.510057138522207509e+01
-8.517250670256804312e+01 2.498363940015013895e+01
-8.536897902811220717e+01 2.490127800164991712e+01
-8.561630607791487080e+01 2.479964492323532710e+01
-8.575269491150547196e+01 2.474202462082484999e+01
-8.591652326294737918e+01 2.467257929787730220e+01
-8.606680004654801053e+01 2.460927332057345396e+01
-8.626109170309300112e+01 2.452727905828592370e+01
-8.644736579897950435e+01 2.444657542224703306e+01
-8.657194633493308800e+01 2.439227251074386871e+01
-8.674047851882140492e+01 2.431788054475042671e+01
-8.691435870974802924e+01 2.423987388474014182e+01
-8.706275262085982547e+01 2.417373291062257934e+01
-8.721714420435402815e+01 2.410385598984180078e+01
-8.739128670996990422e+01 2.402346856191381619e+01
-8.753090083581113845e+01 2.395965511453573527e+01
-8.768017807899728666e+01 2.389095074160259102e+01
-8.779532592464788365e+01 2.383689855676720981e+01
-8.794038680848869660e+01 2.376953011082441236e+01
-8.808477197167333372e+01 2.370145412083115133e+01
-8.826379060162712165e+01 2.361581417413507467e+01
-8.838055933076806525e+01 2.356113631897952843e+01
-8.854103527739412982e+01 2.348502044992506299e+01
-8.864898492404955732e+01 2.343103173164033848e+01
-8.881147656157676806e+01 2.334858575464212294e+01
-8.893288980882408623e+01 2.328983843645364615e+01
-8.904119927332457962e+01 2.323609496132276675e+01
-8.916445548821535283e+01 2.317341138107321541e+01
-8.926372945972056527e+01 2.312381979364721829e+01
-8.938369073123868702e+01 2.306299477099300077e+01
-8.951267428777690327e+01 2.299559729072606729e+01
-8.964529668161986820e+01 2.292793723835325537e+01
-8.979637094062503877e+01 2.284888363100572661e+01
-8.991874322005114095e+01 2.278369170067120919e+01
-9.007026891975782235e+01 2.270287295338779998e+01
-9.024206817525677593e+01 2.261324714029145611e+01
-9.032878352240417996e+01 2.256637142325131506e+01
-9.043762061813308151e+01 2.250669057850003085e+01
-9.058815794728680260e+01 2.242241238027134642e+01
-9.070658914473840184e+01 2.235478770779659996e+01
-9.081396127595910173e+01 2.229399470776368730e+01
-9.087919005127677963e+01 2.225594432517169352e+01
-9.100861677991107968e+01 2.218168839892435074e+01
-9.109475316982207005e+01 2.213151561803933021e+01
-9.121651867382556134e+01 2.205969248582837494e+01
-9.129468317030809033e+01 2.201328113329363845e+01
-9.138079103467970299e+01 2.196125640360896725e+01
-9.147848832783512307e+01 2.190367652282401423e+01
-9.154576770945357111e+01 2.186301744378864953e+01
-9.161875258589357429e+01 2.181738521019928356e+01
-9.172800118519839430e+01 2.174972529112352149e+01
-9.183534199763396089e+01 2.168205667456003383e+01
-9.191241964353336868e+01 2.163473678255325083e+01
-9.203022317374484373e+01 2.156152214801572597e+01
-9.212744184656457946e+01 2.150011879194027031e+01
-9.221588682546698124e+01 2.144197465624819188e+01
-9.232215831937244843e+01 2.137211461126756262e+01
-9.238737296203105132e+01 2.132850156843278455e+01
-9.247726777635676854e+01 2.126865680064430464e+01
-9.254257951589899278e+01 2.122532364235500069e+01
-9.261059990215366611e+01 2.117796995266419202e+01
-9.267719224720461568e+01 2.113155776839996491e+01
-9.274934179579925342e+01 2.108232032245407694e+01
-9.281855222398201022e+01 2.103432992159709158e+01
-9.286950822518808479e+01 2.099833475019027063e+01
-9.295605105700197157e+01 2.093753329305709343e+01
-9.303730868513723351e+01 2.087975355259083798e+01
-9.312211643539397699e+01 2.081756266349815832e+01
-9.319581817029461490e+01 2.076288299371326929e+01
-9.326452427847516446e+01 2.071137530770957369e+01
-9.332532348989323623e+01 2.066473622441208846e+01
-9.339633294229598448e+01 2.060911654894621492e+01
-9.345099590926541566e+01 2.056738716020427660e+01
-9.351603438437740579e+01 2.051754986459632590e+01
-9.358741567107765036e+01 2.046155944641483515e+01
-9.363780799928147758e+01 2.042112997033587263e+01
-9.369536105355454936e+01 2.037545309562725393e+01
-9.374736081394750897e+01 2.033253358814707923e+01
-9.381297933503550723e+01 2.027956991458129110e+01
-9.388161457874169002e+01 2.022326850318417257e+01
-9.393927430460874461e+01 2.017426253378529921e+01
-9.401758204268925567e+01 2.010679584533569653e+01
-9.408343440436779304e+01 2.004869654762991971e+01
-9.413682850248625300e+01 2.000096417792627435e+01
-9.418847620459473546e+01 1.995501419045433877e+01
-9.424173570754369678e+01 1.990600012090011006e+01
-9.429223664953070738e+01 1.985992042508489064e+01
-9.435408342082433819e+01 1.980330359033779430e+01
-9.440746572998568809e+01 1.975149141062368230e+01
-9.444698197275170060e+01 1.971390114043064301e+01
-9.451048702530320611e+01 1.965252384299684962e+01
-9.455434680623189081e+01 1.961135373328011511e+01
-9.459645118162755750e+01 1.956928149657912996e+01
-9.463613815112481120e+01 1.952881835448422976e+01
-9.469344546200031232e+01 1.947089284660411579e+01
-9.473672280990689387e+01 1.942451553165222933e+01
-9.477814448322014584e+01 1.938008023668910695e+01
-9.483289057752951123e+01 1.932365946837338200e+01
-9.486403468136649053e+01 1.928924394619005867e+01
-9.489662321822090973e+01 1.925270612479654631e+01
-9.494182434604019249e+01 1.920244811283016517e+01
-9.497267665460655905e+01 1.916771042439033934e+01
-9.500899041396857569e+01 1.912628745644588690e+01
-9.504144949777949591e+01 1.908680436980300499e+01
-9.506937243105652158e+01 1.905374954937117238e+01
-9.510626183604824746e+01 1.900908809713157055e+01
-9.514099991130653677e+01 1.896719437425074872e+01
-9.517702865086354791e+01 1.892168693055155515e+01
-9.521058014231321920e+01 1.888018783732355388e+01
-9.525307922422889817e+01 1.882483059606709830e+01
-9.528999983048345257e+01 1.877604331409891714e+01
-9.532205824213120593e+01 1.873226328824792830e+01
-9.535994780493636824e+01 1.868028377217045843e+01
-9.538202867043074207e+01 1.864976548560156999e+01
-9.540561265519781387e+01 1.861634664585449528e+01
-9.544030799796358622e+01 1.856549813091030998e+01
-9.546989153714017107e+01 1.852179859086303892e+01
-9.550693620132243211e+01 1.846564791282148832e+01
-9.553679751985781365e+01 1.841965586083533069e+01
-9.555785607689433903e+01 1.838632998195306456e+01
-9.557976831000286211e+01 1.835186821426130166e+01
-9.560735342131940229e+01 1.830679985422759870e+01
-9.563395653318261225e+01 1.826136595919694727e+01
-9.566239801352271854e+01 1.821129671328794331e+01
-9.569962452330931058e+01 1.814504408049635842e+01
-9.571839968420668754e+01 1.810976773280511409e+01
-9.573584238315585537e+01 1.807578913705859236e+01
-9.575542466318943013e+01 1.803718439285148989e+01
-9.577156296785024381e+01 1.800626594634369582e+01
-9.578766524400279536e+01 1.797370237510048696e+01
-9.581433141798656550e+01 1.791765083910078005e+01
-9.583544570244566785e+01 1.787294917631182756e+01
-9.585354797133440741e+01 1.783401691660167288e+01
-9.586987598820097389e+01 1.779718460909521127e+01
-9.588791280125975902e+01 1.775624712144438888e+01
-9.590410786062506077e+01 1.771775346901238279e+01
-9.592034645314956265e+01 1.767879017956747134e+01
-9.593695519318684717e+01 1.763691751210158998e+01
-9.594778994396439487e+01 1.760906554831974447e+01
-9.596267568725191666e+01 1.756924968283773225e+01
-9.597759155819863963e+01 1.752771499218539475e+01
-9.598800367527128685e+01 1.749662319002469602e+01
-9.600181716070076732e+01 1.745633053576936433e+01
-9.601291542808510826e+01 1.742142994371213405e+01
-9.602255121330713905e+01 1.739050852931939417e+01
-9.603234886844067830e+01 1.735784574499272637e+01
-9.603989745983238890e+01 1.733213651792636867e+01
-9.605199022006704013e+01 1.728985181590709885e+01
-9.606149637346325676e+01 1.725365363276209862e+01
-9.607014236674449137e+01 1.722005355332876064e+01
-9.607714088103767835e+01 1.719033722524690333e+01
-9.608712206210269358e+01 1.714601006480835110e+01
-9.609760382845263393e+01 1.709691370139697852e+01
-9.610760626710792565e+01 1.704543339518092182e+01
-9.611667222864915061e+01 1.699646057178011560e+01
-9.612234376822709692e+01 1.696197899896620243e+01
-9.612709634774468270e+01 1.693250126812553447e+01
-9.613063547043239510e+01 1.690750434845224248e+01
-9.613444062494168918e+01 1.688035742955187857e+01
-9.613924982157377030e+01 1.684153894435846155e+01
-9.614267999917990437e+01 1.681135240681005172e+01
-9.614672647598352739e+01 1.677210126703148774e+01
-9.614928352034368686e+01 1.674423640593797558e+01
-9.615164782770553131e+01 1.671521877389327670e+01
-9.615400897793918489e+01 1.668241940039927229e+01
-9.615599951798284906e+01 1.664821494642002264e+01
-9.615753096663934230e+01 1.661632034567455207e+01
-9.615856049256510119e+01 1.658938079659641929e+01
-9.615936531889080641e+01 1.656095904626299031e+01
-9.615993942092323721e+01 1.652777537032926958e+01
-9.616013064740678828e+01 1.649166778109202269e+01
-9.615992167966633986e+01 1.646063287472202674e+01
-9.615942876024890040e+01 1.643282298349132020e+01
-9.615813580760868717e+01 1.639078304688921151e+01
-9.615694753637113479e+01 1.636339478854457852e+01
-9.615499292659809782e+01 1.632708394348604841e+01
-9.615275397341311248e+01 1.629332921201515205e+01
-9.614996801072607013e+01 1.625772585361306000e+01
-9.614560008347520181e+01 1.621213173468087376e+01
-9.614254374960940197e+01 1.618313340631550545e+01
-9.613915405982184836e+01 1.615278437313785886e+01
-9.613549282361658754e+01 1.612502215662608407e+01
-9.613154085456008602e+01 1.609631946583257900e+01
-9.612472668645662566e+01 1.605323383018935601e+01
-9.611881787910563446e+01 1.601674388746734223e+01
-9.611410607564091890e+01 1.599005387148344681e+01
-9.610925506801868323e+01 1.596390840638842690e+01
-9.610410521630865333e+01 1.593694084432391911e+01
-9.609739894056968978e+01 1.590433782833395604e+01
-9.609136476542840910e+01 1.587678013303852076e+01
-9.608477733313570468e+01 1.584844378310179813e+01
-9.607856674545145381e+01 1.582213794659624462e+01
-9.606913305610903819e+01 1.578430268670977021e+01
-9.606234169942190704e+01 1.575874093663196795e+01
-9.605728452431208098e+01 1.574033292798559280e+01
-9.604763329850526077e+01 1.570653974951532206e+01
-9.603620843412991803e+01 1.566945828809972063e+01
-9.602953844621795554e+01 1.564786555669702572e+01
-9.602062810856546093e+01 1.561932932401930252e+01
-9.600958520835519039e+01 1.558527917386852657e+01
-9.600176098746160847e+01 1.556267594025087675e+01
-9.599370696220553612e+01 1.553967705758308604e+01
-9.598389448828542925e+01 1.551173007155025907e+01
-9.597514911887573419e+01 1.548795217673310809e+01
-9.596812854561629536e+01 1.546964995301197554e+01
-9.595821608023530302e+01 1.544475001886013921e+01
-9.594553072081002654e+01 1.541185212987748621e+01
-9.593464693820111222e+01 1.538402639333299504e+01
-9.592061498334136616e+01 1.535097694331591356e+01
-9.590861212360100296e+01 1.532305930676769457e+01
-9.589152411912731111e+01 1.528431123936904079e+01
-9.587395898505940295e+01 1.524512661405894676e+01
-9.586431612294077809e+01 1.522394092733410709e+01
-9.584901925990250504e+01 1.519131727408049670e+01
-9.583129197730991677e+01 1.515586547925133232e+01
-9.581462924114426016e+01 1.512217307649433984e+01
-9.580054651770957719e+01 1.509524601186818771e+01
-9.578804768873244768e+01 1.507151433461175571e+01
-9.577074591856145958e+01 1.503935402048765724e+01
-9.575999196194561591e+01 1.502061465270909935e+01
-9.574840759207644680e+01 1.499934974815474398e+01
-9.573276544209061001e+01 1.497161956747035383e+01
-9.571906544965706587e+01 1.494752973158793985e+01
-9.569866054714499626e+01 1.491208727727004835e+01
-9.568147473231287847e+01 1.488318665794600726e+01
-9.566794817457304134e+01 1.486147269175674168e+01
-9.564768899054922713e+01 1.482891469622970959e+01
-9.563037738176734592e+01 1.480193608411397577e+01
-9.561425306102346156e+01 1.477605898635877679e+01
-9.559592210961240255e+01 1.474882567949749834e+01
-9.558147557413326467e+01 1.472736946984887574e+01
-9.556896563648174947e+01 1.470780638379596894e+01
-9.555228726632452663e+01 1.468332931086852078e+01
-9.553471056397575012e+01 1.465748427297630840e+01
-9.551762435909151350e+01 1.463237765300690896e+01
-9.550013970869677848e+01 1.460724714149860404e+01
-9.548653848085956497e+01 1.458808991671624966e+01
-9.546439664498102218e+01 1.455713358183678352e+01
-9.544721397759796844e+01 1.453365312209093752e+01
-9.542424033412790152e+01 1.450273154556306920e+01
-9.541073740885053667e+01 1.448458414731773303e+01
-9.538497031250834368e+01 1.445119008697263041e+01
-9.536063103212337921e+01 1.442008183325973292e+01
-9.533755933465228338e+01 1.439029233347692660e+01
-9.531751702743274279e+01 1.436461164420332359e+01
-9.528903584992973208e+01 1.432991450118860399e+01
-9.526691932236535365e+01 1.430349977870991651e+01
-9.524668432069285018e+01 1.427986310846480755e+01
-9.522444317010308623e+01 1.425532874087622304e+01
-9.520739752163034098e+01 1.423583218739417511e+01
-9.518361303748390867e+01 1.420791045024945731e+01
-9.516105302857368997e+01 1.418234930571738772e+01
-9.514170845964373768e+01 1.416049706608145264e+01
-9.512430898985510908e+01 1.414111971785517774e+01
-9.510062923072591445e+01 1.411527909545258730e+01
-9.507627553509023244e+01 1.408918950899099265e+01
-9.505214805795947086e+01 1.406354948258507065e+01
-9.503686396768840439e+01 1.404623842773203535e+01
-9.501627237072356991e+01 1.402447373350565130e+01
-9.499012741646994584e+01 1.399733130615700638e+01
-9.496444253899586840e+01 1.397015329422323582e+01
-9.493563617982142944e+01 1.394002878566042547e+01
-9.491458974802040416e+01 1.391843666743088548e+01
-9.488111551979631031e+01 1.388541509049190559e+01
-9.486333133204851720e+01 1.386806948662364469e+01
-9.483237115444916299e+01 1.383773547033151985e+01
-9.480849118473120996e+01 1.381434233629920882e+01
-9.478884936129188077e+01 1.379476844111234080e+01
-9.476242399668223015e+01 1.376936424635209555e+01
-9.473825937043997669e+01 1.374538971781273133e+01
-9.471849580918285483e+01 1.372726541703631398e+01
-9.468379374729887843e+01 1.369528059047864232e+01
-9.466306525459391707e+01 1.367622356372715231e+01
-9.464043535631677173e+01 1.365503718442639247e+01
-9.461966804343363435e+01 1.363712905899696182e+01
-9.459991440288524700e+01 1.361882518747925630e+01
-9.457065087951266946e+01 1.359185598999058442e+01
-9.454926594573912269e+01 1.357219042354168614e+01
-9.452517299064417955e+01 1.355070560589403428e+01
-9.449740919627372193e+01 1.352683852498980599e+01
-9.447244323975490943e+01 1.350466681328902219e+01
-9.444536875584084612e+01 1.348155004743576946e+01
-9.442140007433656024e+01 1.346091024791334512e+01
-9.438782443717363435e+01 1.343227822528731430e+01
-9.436431209113646901e+01 1.341268315200772676e+01
-9.433830766583011496e+01 1.339203755636914295e+01
-9.431438142018522797e+01 1.337250936919289934e+01
-9.429288852199164239e+01 1.335568173836336747e+01
-9.426404532659606161e+01 1.333243798202762065e+01
-9.424106817849025219e+01 1.331410478123277841e+01
-9.421752233937418453e+01 1.329542489811405304e+01
-9.419051763941763511e+01 1.327404525960445270e+01
-9.416400874015538136e+01 1.325321622385163600e+01
-9.413047242967753903e+01 1.322709900778123426e+01
-9.409794275302388655e+01 1.320132771787149650e+01
-9.407160119091896888e+01 1.318080000971139221e+01
-9.404572654727452630e+01 1.316091849214913800e+01
-9.402048128770238122e+01 1.314194743837226653e+01
-9.399602195418181338e+01 1.312434893615621689e+01
-9.396817779106586954e+01 1.310419350260184146e+01
-9.393836897619974025e+01 1.308234824869975910e+01
-9.389855504129644714e+01 1.305341830123361468e+01
-9.387633993090804552e+01 1.303733972735600766e+01
-9.385042381084245733e+01 1.301870428104473909e+01
-9.381249850879129326e+01 1.299107357628036041e+01
-9.377993954756406936e+01 1.296743955663555425e+01
-9.375088705416642654e+01 1.294715903352871500e+01
-9.372989177777019165e+01 1.293175596823513729e+01
-9.370187675507493452e+01 1.291241490922513258e+01
-9.367577995897141818e+01 1.289465226099678574e+01
-9.364595139226290144e+01 1.287415313390557792e+01
-9.361579206574498357e+01 1.285381132164298457e+01
-9.359116573136607542e+01 1.283586414251266916e+01
-9.356636477281730890e+01 1.281915627713551586e+01
-9.354081800770696020e+01 1.280174661264948455e+01
-9.351351546174316809e+01 1.278229431698697205e+01
-9.348773374825942994e+01 1.276584351242059512e+01
-9.345829243785772178e+01 1.274519876175502020e+01
-9.341059389841096561e+01 1.271408414629185835e+01
-9.338057454517254996e+01 1.269446135719293167e+01
-9.334890856823486160e+01 1.267354065515742434e+01
-9.332219568431268897e+01 1.265667856967406379e+01
-9.329372549836944017e+01 1.263835703591086279e+01
-9.326288562284366890e+01 1.261859622817140014e+01
-9.322178956502506253e+01 1.259340299826997089e+01
-9.319692457959692433e+01 1.257775385432062798e+01
-9.317085043446824955e+01 1.256166505293112934e+01
-9.314254385823643645e+01 1.254323393383143959e+01
-9.310989712357036296e+01 1.252328863505821666e+01
-9.308817326523734437e+01 1.251011951670041000e+01
-9.305446905443506012e+01 1.248861101244568950e+01
-9.303008451597459327e+01 1.247385637228601851e+01
-9.299565425269193497e+01 1.245153356286260937e+01
-9.296549429439194512e+01 1.243202919070134449e+01
-9.294828797338230686e+01 1.242111705163431168e+01
-9.291657661857209405e+01 1.240183549758388537e+01
-9.288503618555823493e+01 1.238244887938867933e+01
-9.284500136893939271e+01 1.235895785970224026e+01
-9.281233742151093224e+01 1.234042973055087877e+01
-9.277556314153368078e+01 1.231874752121660066e+01
-9.275115291243642446e+01 1.230439321737713776e+01
-9.270972853028541749e+01 1.228003502311094586e+01
-9.266855850898448921e+01 1.225612558089593840e+01
-9.263608903167045128e+01 1.223720730221384301e+01
-9.261458118500166847e+01 1.222413296244032210e+01
-9.257874921332562224e+01 1.220346099279967511e+01
-9.254733197348738827e+01 1.218550647279299604e+01
-9.250666565036037525e+01 1.216199703453255410e+01
-9.248082274952605530e+01 1.214757195871241002e+01
-9.244808865917606511e+01 1.213016599890456071e+01
-9.241120307383707200e+01 1.210950156348283890e+01
-9.238590922170021713e+01 1.209552343615022707e+01
-9.234656644694497629e+01 1.207335986840457487e+01
-9.231029857051990462e+01 1.205304457654985306e+01
-9.229069814070523137e+01 1.204168270169332011e+01
-9.226450918912215116e+01 1.202795395099029641e+01
-9.223919738250286571e+01 1.201389069978955959e+01
-9.221240073172745610e+01 1.199910648725447793e+01
-9.217683882403454732e+01 1.197909848277331868e+01
-9.214385000217865240e+01 1.196015516242623455e+01
-9.211003384388479276e+01 1.194224932436256026e+01
-9.206671061071742201e+01 1.191916218093236246e+01
-9.203985025156605104e+01 1.190411812194241747e+01
-9.200860136441059467e+01 1.188717667536697498e+01
-9.197695087518503954e+01 1.187026649261047062e+01
-9.194158199224911243e+01 1.185232170132689866e+01
-9.189910949163625276e+01 1.183057854500063577e+01
-9.186050830860814642e+01 1.181121871244997656e+01
-9.183058916068814881e+01 1.179597474848390881e+01
-9.178815785833957364e+01 1.177453204620127458e+01
-9.175627642198030287e+01 1.175783589066112533e+01
-9.172360743971550789e+01 1.174111127203402560e+01
-9.168774736097709877e+01 1.172331061565011723e+01
-9.166041189992822069e+01 1.170991632843698582e+01
-9.162611351188878928e+01 1.169241264190732288e+01
-9.158801320547588887e+01 1.167263864565474840e+01
-9.154215197122071856e+01 1.165024981502757129e+01
-9.150145493143372732e+01 1.162954387716276727e+01
-9.147290901012254949e+01 1.161489346269760681e+01
-9.144954919101068924e+01 1.160308504969883003e+01
-9.142357868766377749e+01 1.159045888908570809e+01
-9.139234228144137262e+01 1.157565641233365028e+01
-9.136326905911904817e+01 1.156114656070277746e+01
-9.132988927782017186e+01 1.154473686208389793e+01
-9.128763607634584787e+01 1.152382093139646102e+01
-9.125911234630908098e+01 1.150951087787044713e+01
-9.123582507075558112e+01 1.149758193475395274e+01
-9.120989532781922549e+01 1.148578992964704071e+01
-9.117872590427225532e+01 1.147097453567863212e+01
-9.113542255927073654e+01 1.145112506228390181e+01
-9.110397650824367588e+01 1.143675008553600669e+01
-9.107364645124626179e+01 1.142292889439504755e+01
-9.105230577039669981e+01 1.141302537319739585e+01
-9.100671608277095004e+01 1.139278174813598099e+01
-9.096641881607527580e+01 1.137405027262537693e+01
-9.093232196359542741e+01 1.135758222242132121e+01
-9.088588549645498915e+01 1.133571528510510262e+01
-9.084426730524802451e+01 1.131692333690156183e+01
-9.081760027820739367e+01 1.130453319608101559e+01
-9.078260547770540256e+01 1.128844071843552044e+01
-9.075059806315711342e+01 1.127370154237232747e+01
-9.072846151702540851e+01 1.126411077320847376e+01
-9.069457813805020407e+01 1.124951758941620916e+01
-9.067454356171930385e+01 1.123998887874814478e+01
-9.062507298401850164e+01 1.121819899570740198e+01
-9.058290027354549068e+01 1.119936798878363504e+01
-9.055232232060578212e+01 1.118628073671469281e+01
-9.051854026408925336e+01 1.117138066596802837e+01
-9.048614087306269482e+01 1.115703430041697608e+01
-9.045608502736585876e+01 1.114351190410275194e+01
-9.042910483869486882e+01 1.113169243781538853e+01
-9.039431143098377675e+01 1.111653664475079850e+01
-9.036359871541228017e+01 1.110273013665886488e+01
-9.033313712077611513e+01 1.108981965054171503e+01
-9.029405876571949818e+01 1.107255783441086550e+01
-9.027676929724053423e+01 1.106561175759694748e+01
-9.023901071835699383e+01 1.104941377216513132e+01
-9.021138287774934383e+01 1.103780519870400312e+01
-9.017889102274710922e+01 1.102416336617678994e+01
-9.014580279977488431e+01 1.100949379585398091e+01
-9.010949216721553512e+01 1.099403154278868655e+01
-9.008541394781025247e+01 1.098407112582384570e+01
-9.004631378180796730e+01 1.096660041306008715e+01
-9.000735439176644093e+01 1.095008683474464206e+01
-8.998201461043210259e+01 1.093939160107332853e+01
-8.995003317020214695e+01 1.092625805192292177e+01
-8.990449042640008770e+01 1.090686783117464209e+01
-8.987774116912507338e+01 1.089555521042239761e+01
-8.983933125212314508e+01 1.087910689130401920e+01
-8.980285871791420504e+01 1.086453860782236269e+01
-8.977505197650307878e+01 1.085252234721735221e+01
-8.973342986185043912e+01 1.083623964163107800e+01
-8.970948095581174186e+01 1.082629440286221367e+01
-8.968235863424938259e+01 1.081577227810931063e+01
-8.964722925723235392e+01 1.080205466405480230e+01
-8.960989296536951088e+01 1.078669350330192067e+01
-8.957950428272239662e+01 1.077414146500193937e+01
-8.955073072494649011e+01 1.076272471393073893e+01
-8.949994430451296523e+01 1.074189583297954798e+01
-8.947527484797417685e+01 1.073201413816571126e+01
-8.945123965040464498e+01 1.072236052775630810e+01
-8.942377576995335176e+01 1.071219373566472655e+01
-8.939714351646060209e+01 1.070171894782850508e+01
-8.936465593991134426e+01 1.068908786681380363e+01
-8.932621947892032210e+01 1.067424042793218142e+01
-8.929965690702053394e+01 1.066383003660690854e+01
-8.927016587607386100e+01 1.065156064603299058e+01
-8.923199462499869128e+01 1.063628253687216052e+01
-8.920532179995268507e+01 1.062618268628713381e+01
-8.917184827591835017e+01 1.061306672531983608e+01
-8.913730068642786364e+01 1.059965531576842501e+01
-8.911048175717688480e+01 1.058893964363210571e+01
-8.907465406791118312e+01 1.057500499769240498e+01
-8.904269985100981444e+01 1.056317621865331091e+01
-8.900599965988477891e+01 1.054985973129661048e+01
-8.897491072207422746e+01 1.053791637515410251e+01
-8.893573743178917823e+01 1.052309881621336629e+01
-8.890842644648689941e+01 1.051234422321892836e+01
-8.887890768609430836e+01 1.050086342761552061e+01
-8.884640205433329641e+01 1.048844400604667193e+01
-8.882202932439399490e+01 1.047982000625130006e+01
-8.879184469763796983e+01 1.046920491310349810e+01
-8.875775824485492649e+01 1.045704443440486742e+01
-8.871734699038982797e+01 1.044158654017330612e+01
-8.869118776689603578e+01 1.043173272757623593e+01
-8.866438448012142715e+01 1.042250495199355953e+01
-8.863136040773169100e+01 1.041006562182557538e+01
-8.859429348115993719e+01 1.039624852455993675e+01
-8.855783962278425747e+01 1.038275932277780278e+01
-8.851384572484029434e+01 1.036649759178540542e+01
-8.847097745987993278e+01 1.034980943985581270e+01
-8.843650327957385571e+01 1.033703660850607520e+01
-8.840592942442829383e+01 1.032524066581999733e+01
-8.836654241689653588e+01 1.031044525799976341e+01
-8.832713634102240974e+01 1.029575187013783832e+01
-8.829552508026785063e+01 1.028402911619096649e+01
-8.827301684881336996e+01 1.027559493581817129e+01
-8.822800549518872515e+01 1.025912750606540769e+01
-8.820221389022565006e+01 1.024982911366407556e+01
-8.817140573374095425e+01 1.023868681788155932e+01
-8.813884677622571928e+01 1.022671484328738067e+01
-8.809616969934604924e+01 1.021111459391297061e+01
-8.807099632091188823e+01 1.020214106539840770e+01
-8.803152557996946825e+01 1.018823633026984155e+01
-8.800393037106914562e+01 1.017844304739611161e+01
-8.797138079753598561e+01 1.016684992288815792e+01
-8.794259233859223457e+01 1.015664672805901780e+01
-8.791876048611938188e+01 1.014848223345061662e+01
-8.788546224481233082e+01 1.013650327240762472e+01
-8.784368644472229448e+01 1.012223245861737908e+01
-8.781290356287767906e+01 1.011134860386991363e+01
-8.777319676196022158e+01 1.009729182975091355e+01
-8.774203316635464489e+01 1.008596826893884391e+01
-8.771007230262333110e+01 1.007472392865116895e+01
-8.767226204001164547e+01 1.006199912631905491e+01
-8.762684882830829736e+01 1.004683345304592557e+01
-8.760302993084027889e+01 1.003857743326367924e+01
-8.757886454909717600e+01 1.003035214998203095e+01
-8.753874963139631404e+01 1.001695461544244559e+01
-8.749860374497845328e+01 1.000363043618414771e+01
-8.745344535425370225e+01 9.988516032502651854e+00
-8.742934920138520738e+01 9.979948494067290454e+00
-8.739778646031933818e+01 9.968926991976669427e+00
-8.736230726296457760e+01 9.957109140831249761e+00
-8.733575266741001997e+01 9.948893160755012843e+00
-8.729792558622288823e+01 9.935912324906052362e+00
-8.726116233481839402e+01 9.923369483983288220e+00
-8.723264106148795349e+01 9.913694870411648097e+00
-8.720619706863540443e+01 9.904851357899428166e+00
-8.717162789246073373e+01 9.893232820070201328e+00
-8.713832022389600240e+01 9.881250333908377925e+00
-8.710918104595138800e+01 9.871182013950688727e+00
-8.708041523035191744e+01 9.862091805216611107e+00
-8.704739369898864254e+01 9.851224871184617982e+00
-8.700821666754411865e+01 9.837547359225341737e+00
-8.697231214796988752e+01 9.825521122701495358e+00
-8.694812871787479480e+01 9.817858575387992559e+00
-8.691128766175303610e+01 9.805344157905668823e+00
-8.688420692885291885e+01 9.796327782959480146e+00
-8.684224199196174254e+01 9.782869053130234249e+00
-8.680982661045948134e+01 9.772178361663870660e+00
-8.678065984384303988e+01 9.762537119750499315e+00
-8.674547060469339499e+01 9.751286197682517809e+00
-8.671094822184718964e+01 9.740322937593290931e+00
-8.667622056956126642e+01 9.728708139672050947e+00
-8.664494715371903055e+01 9.718025057559254165e+00
-8.660511200424592460e+01 9.705432553636986981e+00
-8.658292656091875017e+01 9.698357430997580408e+00
-8.655419563286650941e+01 9.689411140467472094e+00
-8.651897659947196928e+01 9.678479489865944529e+00
-8.648662484677905127e+01 9.668167301534841940e+00
-8.645000622540052859e+01 9.656324940958601388e+00
-8.642706905197275091e+01 9.649150733021864212e+00
-8.639491057399959573e+01 9.639729597320979337e+00
-8.635653229373268402e+01 9.628648800494678639e+00
-8.631699546966117964e+01 9.616015559803122059e+00
-8.629502953649949859e+01 9.609480510739420112e+00
-8.626510862796421009e+01 9.600011607574096217e+00
-8.624256006117836648e+01 9.592646203106506064e+00
-8.619624077570081511e+01 9.578104058865301695e+00
-8.617003625185647309e+01 9.570242172145107418e+00
-8.613144768354347036e+01 9.558865190641853360e+00
-8.610126105024512810e+01 9.549417676321310111e+00
-8.606675982967152549e+01 9.538452274906768835e+00
-8.603284244674998149e+01 9.527801158332968257e+00
-8.598612023124141501e+01 9.513689825076214746e+00
-8.595292632525716670e+01 9.503873115752101697e+00
-8.591875423918311583e+01 9.492883124477224044e+00
-8.588702537638091883e+01 9.482889020574079453e+00
-8.585233163708844017e+01 9.471662613632421568e+00
-8.580428879932543396e+01 9.456975009839496238e+00
-8.577146034268525909e+01 9.447261260278624562e+00
-8.573091556153028137e+01 9.434490450317541743e+00
-8.569814196798600392e+01 9.424797865640389460e+00
-8.565880197950349384e+01 9.412598245682968212e+00
-8.563194856646913422e+01 9.404482203570889709e+00
-8.559093459797138337e+01 9.392130627574649893e+00
-8.556322984489659689e+01 9.383658524147888258e+00
-8.552663823120802533e+01 9.372096463242511888e+00
-8.549020141972431475e+01 9.361137944614922546e+00
-8.545679542998267664e+01 9.351788343472007270e+00
-8.542489118072987253e+01 9.341845375506414584e+00
-8.539167004913923620e+01 9.332129403230858600e+00
-8.536305115341377814e+01 9.322995723518419098e+00
-8.532278327743884461e+01 9.311055102867079825e+00
-8.528178877855313544e+01 9.298821127140419307e+00
-8.524975739862121316e+01 9.289967045617954611e+00
-8.521435031937072324e+01 9.279998703175532881e+00
-8.517402695664134171e+01 9.267948970437329237e+00
-8.514412106897889032e+01 9.258955996456101900e+00
-8.510232279823391366e+01 9.245933518234858539e+00
-8.507558180427369621e+01 9.238574088466137368e+00
-8.504206266608987619e+01 9.228617992406336512e+00
-8.501880092864035987e+01 9.221367834941146313e+00
-8.497646559495041174e+01 9.209128276322887885e+00
-8.492992304495142264e+01 9.195722281217532768e+00
-8.489767171753834418e+01 9.186716866328263009e+00
-8.485650366775711007e+01 9.174291989745658071e+00
-8.481539666191027038e+01 9.162377013925643965e+00
-8.477583170339950414e+01 9.151138475438411746e+00
-8.474055074578757285e+01 9.140372162102810449e+00
-8.470113286782894590e+01 9.128557550723664704e+00
-8.466714673938018620e+01 9.117861782141650551e+00
-8.462984852345944375e+01 9.106731128884913318e+00
-8.458430075201668785e+01 9.093616980777992964e+00
-8.454998569896943650e+01 9.083898118647507403e+00
-8.450706295194979134e+01 9.071719761236773039e+00
-8.445997566094709441e+01 9.058795405417923163e+00
-8.442208821854599421e+01 9.047471960544926972e+00
-8.438366771978051872e+01 9.037153268431634245e+00
-8.432719459797266381e+01 9.021974348477746375e+00
-8.429078107819061927e+01 9.011747929108263833e+00
-8.425335918339838770e+01 9.001047353963908648e+00
-8.422175056760414691e+01 8.991908791627473363e+00
-8.418474284115978890e+01 8.981131209928715720e+00
-8.414657314905150542e+01 8.970226005373545419e+00
-8.410747531375905339e+01 8.959131123071495395e+00
-8.407281244917413687e+01 8.949147190655848405e+00
-8.404807969246229504e+01 8.941917200528724408e+00
-8.402085728526742514e+01 8.934387495295341708e+00
-8.399038622302647639e+01 8.925677143683669712e+00
-8.396460920230158820e+01 8.918078809888392300e+00
-8.393186365539277460e+01 8.908662817507696730e+00
-8.390712790833779877e+01 8.901613245502415950e+00
-8.387198459921442861e+01 8.892270926556875565e+00
-8.384359975500770190e+01 8.884222963580688415e+00
-8.380380176320035446e+01 8.873257091742058122e+00
-8.376213147516187973e+01 8.861441491951882909e+00
-8.372798787945914967e+01 8.851491003149527970e+00
-8.369340468190262072e+01 8.842373949739547712e+00
-8.365824419911986354e+01 8.833037086088237899e+00
-8.362799533097877713e+01 8.824363633581226551e+00
-8.359352223861047548e+01 8.814660109324437443e+00
-8.355564605108436638e+01 8.804575394652498943e+00
-8.352139448539277566e+01 8.794958901804804441e+00
-8.348470023388101424e+01 8.785636901089260320e+00
-8.344022059787756973e+01 8.773032353084161628e+00
-8.340678983543043046e+01 8.764246675237895801e+00
-8.336734069634377420e+01 8.753521600483107790e+00
-8.334077671389576381e+01 8.746644371402691576e+00
-8.330573601659203575e+01 8.736490240649814609e+00
-8.327373924642600400e+01 8.728036733899214639e+00
-8.324796965514400426e+01 8.720670027212797493e+00
-8.320770089837535011e+01 8.710047330601774718e+00
-8.318456069975864864e+01 8.704598879809836376e+00
-8.314395976964038937e+01 8.693108372104157766e+00
-8.310179175571386168e+01 8.681168681154113997e+00
-8.306245359780135118e+01 8.671003054987714620e+00
-8.303371660621648687e+01 8.663954637537001346e+00
-8.300075224756353975e+01 8.655039183343141929e+00
-8.296022348659194279e+01 8.644386622789090424e+00
-8.291243293631352174e+01 8.631748312081329644e+00
-8.287143535587486554e+01 8.621782966345820753e+00
-8.283950622481384585e+01 8.613717681349410071e+00
-8.279557195689743310e+01 8.602447835928773046e+00
-8.276888576656664043e+01 8.596107011263372399e+00
-8.272267824345327369e+01 8.584465499038719472e+00
-8.268548359631664368e+01 8.574736982867273483e+00
-8.265437678823283818e+01 8.566235002393829845e+00
-8.262143533515320826e+01 8.558058583068602232e+00
-8.258789411870978370e+01 8.548925098013830493e+00
-8.254484523744667968e+01 8.538101195574864022e+00
-8.251680189839113666e+01 8.531294517757824991e+00
-8.248241950530325539e+01 8.522712920555312266e+00
-8.245293378467864898e+01 8.514595076301567644e+00
-8.241206167393190185e+01 8.503556628553011976e+00
-8.237267198753882269e+01 8.493210604797523544e+00
-8.233123954156445734e+01 8.482676686431462443e+00
-8.229898781494019033e+01 8.474584901849826934e+00
-8.225494702917254131e+01 8.462894677784957409e+00
-8.222290181267889864e+01 8.454864929321638911e+00
-8.217347122681064775e+01 8.443381040283627570e+00
-8.213967390594542906e+01 8.434938435694077086e+00
-8.209838692560521167e+01 8.424352223383426264e+00
-8.206183332013380038e+01 8.415549950313311101e+00
-8.203047854916336235e+01 8.407548753501856709e+00
-8.198701513096783344e+01 8.395786212901294121e+00
-8.194481747224860158e+01 8.384972579869524267e+00
-8.191072648006876022e+01 8.376361315075806502e+00
-8.186622696186643111e+01 8.364343968565908227e+00
-8.183949543292904139e+01 8.357605861233732725e+00
-8.180940952833766744e+01 8.349876316197583748e+00
-8.177604691377293022e+01 8.341750298674696751e+00
-8.174446653659579454e+01 8.333973097608213365e+00
-8.171080161745507553e+01 8.325520485161794326e+00
-8.168144204500254091e+01 8.317690306690016300e+00
-8.165154047746129606e+01 8.309895686054563413e+00
-8.162030811710188516e+01 8.302762901450703836e+00
-8.158686315905684694e+01 8.294739671687070270e+00
-8.155820935035073660e+01 8.287677217339233238e+00
-8.152610930199280403e+01 8.279528970518176934e+00
-8.148777292062091249e+01 8.270023002415154423e+00
-8.145786573720830859e+01 8.262710277247062862e+00
-8.143431892783343073e+01 8.256761632911038262e+00
-8.139918657490335363e+01 8.248930335465079366e+00
-8.136364529981541693e+01 8.240630588226173003e+00
-8.133317861757785749e+01 8.233019435286490051e+00
-8.129745756123197964e+01 8.224049122098524123e+00
-8.126363807424188224e+01 8.215762812441925078e+00
-8.122977880771293258e+01 8.207656327965672460e+00
-8.119858681607338724e+01 8.199433443616550576e+00
-8.116703593093565416e+01 8.191200056227284421e+00
-8.113959647582923651e+01 8.184561563128152528e+00
-8.110713522402279807e+01 8.176289687597984468e+00
-8.106113824921153821e+01 8.165277795715336850e+00
-8.103473627612684993e+01 8.158884073042022678e+00
-8.098458000370004584e+01 8.145822813768853976e+00
-8.095984781364590788e+01 8.140015736439028871e+00
-8.092769851732784048e+01 8.132312997984627145e+00
-8.089900120004438122e+01 8.125271409531857003e+00
-8.086679396751280535e+01 8.116508603882397921e+00
-8.083574436775806760e+01 8.109070786809208897e+00
-8.079239654395931325e+01 8.098323777325489914e+00
-8.075642386781575510e+01 8.089829597553396923e+00
-8.072774456639815810e+01 8.083018303528634263e+00
-8.069085102421409772e+01 8.074191693611977527e+00
-8.065462688145876768e+01 8.064791887629191081e+00
-8.062506066005809657e+01 8.057759805260605646e+00
-8.059393561290647767e+01 8.050442205307781762e+00
-8.055298900344162405e+01 8.041255621786650210e+00
-8.053163559184075382e+01 8.036385788457842239e+00
-8.050296651565916761e+01 8.029727587407123224e+00
-8.046186487574917123e+01 8.020154231797826938e+00
-8.042155613117463986e+01 8.010493655955583492e+00
-8.039123478762857644e+01 8.003066814893047720e+00
-8.034264475697933960e+01 7.991292283377187999e+00
-8.031046433002812535e+01 7.984299281452884145e+00
-8.027802550755050959e+01 7.976462614856549393e+00
-8.023553034988292154e+01 7.967051805563406752e+00
-8.020318721703473841e+01 7.959164300696761174e+00
-8.017738531149873893e+01 7.952916200107673639e+00
-8.014696546831208934e+01 7.946182029915792810e+00
-8.010112833782541486e+01 7.935507811985623938e+00
-8.006637353069577046e+01 7.926969541643852146e+00
-8.004156373923741796e+01 7.921465779921815553e+00
-8.000359475712839696e+01 7.912425159350142678e+00
-7.996662003361353754e+01 7.904496150353697459e+00
-7.993215788428787505e+01 7.896945275167776224e+00
-7.989607069173868581e+01 7.888731048486917530e+00
-7.986182172624084785e+01 7.881366289746918774e+00
-7.983550444970377669e+01 7.874869030494890509e+00
-7.980498209311539881e+01 7.867972335977952980e+00
-7.977676145354560333e+01 7.860867173114735706e+00
-7.974322979848432169e+01 7.853207264383184949e+00
-7.971458773562508782e+01 7.845917298686978292e+00
-7.968811140073633226e+01 7.839390984023187237e+00
-7.965233924171681679e+01 7.831387471832009339e+00
-7.960600598854514942e+01 7.821122833279749109e+00
-7.957771349648359660e+01 7.814243061619099429e+00
-7.954262987373233784e+01 7.806514090913255544e+00
-7.951741659773485082e+01 7.800614347318187036e+00
-7.949360805800375829e+01 7.795174306873907888e+00
-7.945939337079163067e+01 7.787253137407286196e+00
-7.943231765112757614e+01 7.781291220150073684e+00
-7.939897257225887017e+01 7.774050052977046654e+00
-7.936430234207850276e+01 7.766556928749048794e+00
-7.932720614558765249e+01 7.757871244695781598e+00
-7.929107082592344113e+01 7.750194484782879201e+00
-7.925806244542074808e+01 7.742679989846856792e+00
-7.923458641437240146e+01 7.737699536981276438e+00
-7.919144496792389987e+01 7.728367923023667707e+00
-7.916151537063295507e+01 7.721756846705747357e+00
-7.914302372890780646e+01 7.717411505647269188e+00
-7.912347328361856569e+01 7.713118073391417084e+00
-7.909361524372413044e+01 7.706177919651077346e+00
-7.906013912287359346e+01 7.698723543394516255e+00
-7.902862544518102084e+01 7.692200315866441152e+00
-7.898724920827766027e+01 7.682688780432898490e+00
-7.895579379198086656e+01 7.675289931021041845e+00
-7.892073645652901348e+01 7.667981716390562141e+00
-7.888464463053234965e+01 7.659815161818546159e+00
-7.885608571457933635e+01 7.653355892054225507e+00
-7.882941641971125080e+01 7.647545437672684798e+00
-7.880272608974873094e+01 7.640832747181185880e+00
-7.877701860501922226e+01 7.635599606249972915e+00
-7.874924412781888350e+01 7.629348245676252915e+00
-7.871677663140341963e+01 7.622491892176646466e+00
-7.868177065500377410e+01 7.615517721400308027e+00
-7.865882208161708888e+01 7.610054796987284931e+00
-7.863259936992164967e+01 7.603930337753022961e+00
-7.860362322136906243e+01 7.597787545029065726e+00
-7.857981267740845510e+01 7.592739006229701104e+00
-7.855587509200685759e+01 7.587687775168339144e+00
-7.852855511821651646e+01 7.581673339585638161e+00
-7.849865576571025372e+01 7.575169140737928686e+00
-7.847384611005290367e+01 7.569634763709451875e+00
-7.844234780929141948e+01 7.563173309687782897e+00
-7.841649144882327960e+01 7.557125875540853244e+00
-7.837829210078230346e+01 7.548581492370158408e+00
-7.834772352376867843e+01 7.541824874796430045e+00
-7.832700084353541570e+01 7.537436381259034590e+00
-7.829507912257174951e+01 7.530698225374068855e+00
-7.826232757678280905e+01 7.523625463318668771e+00
-7.823005468846780275e+01 7.516707087665293940e+00
-7.819988114263908585e+01 7.510341716065596529e+00
-7.817610594110591649e+01 7.505562384623907235e+00
-7.815456320838626425e+01 7.500483523962656385e+00
-7.813462796628456886e+01 7.496428178653991914e+00
-7.811008713992103480e+01 7.491371894221747318e+00
-7.808487415945114662e+01 7.485799068164802783e+00
-7.804306973102650602e+01 7.476366294993709083e+00
-7.801154199692135194e+01 7.469867000353144881e+00
-7.798059271440736495e+01 7.463286727806480059e+00
-7.795215375577100758e+01 7.457307607404652039e+00
-7.792214104153060816e+01 7.450967403907746700e+00
-7.789432142508475465e+01 7.445068980059352803e+00
-7.786471565550462515e+01 7.438812808225031326e+00
-7.781378019519449651e+01 7.427679476400570024e+00
-7.779323289256463170e+01 7.423644637211664232e+00
-7.776456060286980687e+01 7.418381795910957699e+00
-7.773182527224712146e+01 7.411626836259592288e+00
-7.770627169754962438e+01 7.406139867919237396e+00
-7.768045820106161159e+01 7.400814346931539944e+00
-7.764400881848972347e+01 7.393124482391931096e+00
-7.761258537604115304e+01 7.386192981695535842e+00
-7.757666242290638081e+01 7.378798230317286766e+00
-7.755731199228753781e+01 7.374672185224216747e+00
-7.752213423214877253e+01 7.367108461814810383e+00
-7.748634216589151436e+01 7.359522565754669010e+00
-7.745226703568992832e+01 7.352691665855378922e+00
-7.742149256191827078e+01 7.346081306020465718e+00
-7.739147922540436753e+01 7.339941615959136634e+00
-7.735712898753806144e+01 7.332622753555599893e+00
-7.733012782970376975e+01 7.326985850676497769e+00
-7.730096002387338672e+01 7.320216761339343847e+00
-7.727554368035089283e+01 7.314581988138162849e+00
-7.723336407740524123e+01 7.305413396454714992e+00
-7.720467901284978041e+01 7.299279018783286332e+00
-7.717390973338260096e+01 7.293052791963207326e+00
-7.714101129335143980e+01 7.285735908556997487e+00
-7.710625501151558581e+01 7.278473744846461813e+00
-7.708170568936637324e+01 7.273572233765609241e+00
-7.705434795327234099e+01 7.268495263205379864e+00
-7.700852724486183831e+01 7.258752379772994701e+00
-7.698586209380806622e+01 7.253902942970750445e+00
-7.695667629045549063e+01 7.247959749761483828e+00
-7.692729234325085486e+01 7.241618854191567145e+00
-7.690188304786231299e+01 7.236276045790491551e+00
