4.000000000000000000e+00 4.000000000000000000e+00
-1.226666666666666572e+01 4.133333333333334281e+01
-2.853333333333334565e+01 7.866666666666668561e+01
-4.480000000000001137e+01 1.160000000000000000e+02
-6.106666666666667709e+01 1.533333333333333428e+02
-7.733333333333334281e+01 1.906666666666666856e+02
-9.360000000000000853e+01 2.280000000000000000e+02
-1.098666666666666742e+02 2.653333333333333712e+02
-8.290232257689159496e+02 1.173006411598469185e+02
-1.657912114657804977e+03 -5.958824772904195299e+01
-5.744758634461832116e+02 -4.233345027516423897e+01
7.333989219377626796e+02 -2.607951789136279785e+00
2.041273707321708571e+03 3.711754669689167940e+01
3.349148492705654462e+03 7.684304518291966701e+01
4.657023278089600353e+03 1.165685436689476262e+02
2.617564012104578069e+03 7.454882668032740867e+01
-8.834512217629126098e+02 -3.163535765637675468e+00
-4.384466455630401470e+03 -8.087589821160278802e+01
-7.885481689497889420e+03 -1.585882606575678437e+02
-1.138649692336537919e+04 -2.363006231035329279e+02
-8.258961559472831141e+03 -1.829256641196077453e+02
1.354585079894313822e+02 -2.539191538391924041e+01
8.529878575451697543e+03 1.321418333517694350e+02
1.692429864291396370e+04 2.896755820874581104e+02
2.531871871037622623e+04 4.472093308231466722e+02
2.250256261957928291e+04 4.140904906285552443e+02
5.829651209004769044e+03 1.351114627061483873e+02
-7.627122502813291248e+03 -9.542529297309020819e+01
-1.197293561535070876e+04 -1.854996014438557950e+02
-7.494190740374109737e+03 -1.300191141437283591e+02
7.463967955389532563e+02 -1.068783391040908270e+01
5.866640993148794223e+02 4.422530390850916149e-01
1.254048709176349803e+02 7.567475646024476532e+00
-3.358543574796096891e+02 1.469269825296386855e+01
-7.971135858768543585e+02 2.181792085990325702e+01
-6.658238264173836569e+02 1.496272810268619935e+01
-2.085957000898184788e+02 4.174475294173660700e-01
2.486324262377465857e+02 -1.412783304385147432e+01
7.058605525653117638e+02 -2.867311361712031115e+01
7.805200315980034702e+02 -2.770915760402589711e+01
4.074349161860047843e+02 -8.593748525945692052e+00
3.434980077400609844e+01 1.052166055213451301e+01
-3.387353146379927011e+02 2.963706963021472518e+01
-5.741494107776666169e+02 3.800907309053077654e+01
-3.426970571691707619e+02 1.362944703635793076e+01
-8.916163182519767361e+01 -1.170993502399591790e+01
1.643737935187754715e+02 -3.704931708434978077e+01
4.179092188627486166e+02 -6.238869914470363653e+01
4.642654856215983727e+02 -4.439677617189775560e+01
3.977809168050916924e+02 -2.804310075428659843e+00
3.312963479885850120e+02 3.878815602104042881e+01
2.648117791720783316e+02 8.038062211750951747e+01
2.083163970043665358e+01 7.790391951934292081e+01
-4.290036616138147565e+02 2.431683810766990916e+01
-8.788389629280659392e+02 -2.927024330400310248e+01
-1.328674264242317349e+03 -8.285732471567609991e+01
-1.327876270953148378e+03 -1.061226968299731510e+02
-9.517347252150018733e+01 -3.800631221747189414e+01
1.589793697473775183e+02 -1.012170888862642926e+01
3.516498129677820543e+02 1.521583258968816210e+01
5.443202561881865904e+02 4.055337406800276057e+01
7.369906994085911265e+02 6.589091554631735903e+01
9.296611426289956626e+02 9.122845702463195039e+01
3.139168538878629988e+02 5.452353172524806268e+01
-6.160339950818829493e+02 -6.295439624506570908e+00
-1.545984844051628897e+03 -6.711441097426123292e+01
-2.475935693021374846e+03 -1.279333823240158665e+02
-3.405886541991120339e+03 -1.887523536737705001e+02
-2.028940552952537473e+03 -1.375053112354794393e+02
8.834084775323626673e+02 -1.167040878629904910e+01
3.795757508017262808e+03 1.141644936628812843e+02
6.708106538502162039e+03 2.399993961120615893e+02
9.620455568987061270e+03 3.658342985612419511e+02
7.452143463551401510e+03 3.139515020652229396e+02
1.305005213870705120e+03 1.023031434660753121e+02
-4.730525535518654578e+03 -1.069978579107399810e+02
-9.778641651469324643e+03 -2.872921775057957348e+02
-3.015423446025948579e+03 -1.178975677678679403e+02
4.480464391806641288e+03 7.363055056932924458e+01
1.050318394757177157e+04 2.321334437228105969e+02
3.396732995580892748e+03 9.325485465262056550e+01
-3.185648993537482966e+03 -4.001527314628211229e+01
-5.767204163076988152e+03 -1.021851762480291654e+02
-3.811217432072272459e+03 -7.707576198382754740e+01
2.314154036075501040e+02 -1.075474692409333599e+01
2.902896975263577701e+02 -9.452107065274262254e-01
1.725789013299084047e+02 6.224620576201463251e+00
5.486810513345901086e+01 1.339445185893035273e+01
-6.284269106299039720e+01 2.056428314165924576e+01
-1.004309751120787979e+02 9.105604080093165464e+00
-7.113773578284848043e+01 2.257934373530106953e+00
-3.514280624711270917e+01 -3.812468346532003949e+00
8.521232886230549752e-01 -9.882871066594113074e+00
3.617385393550797801e+01 -1.239885996840505555e+01
5.658333919563301606e+01 -3.927123213488549425e+00
7.462356046453822955e+01 4.338783432114816208e+00
9.266378173344344304e+01 1.260469007771819250e+01
1.107040030023486423e+02 2.087059672332156168e+01
1.287442242712538416e+02 2.913650336892493087e+01
1.467844455401590551e+02 3.740241001452830005e+01
1.061243772409350328e+02 3.765029012814500931e+01
-1.048808962393652564e+02 1.262714076064805724e+01
-1.067353921405425865e+02 2.094512595817915823e+00
-7.974707323383580615e+01 -6.323581244614123520e+00
-2.397743811223952548e+01 -7.114914318503025470e+00
5.068745360867238503e+01 -2.899193488760276161e+00
8.685343585065029970e+01 4.251401142104231923e-01
6.291905797332030659e+01 2.357935773383940337e+00
3.437140651275489489e+01 3.669554828337771468e+00
-1.848431772506700099e+00 1.275555590044323395e+00
-3.723918919735838529e+01 -1.170814295514190917e+00
-7.262994662221008468e+01 -3.617184181072706117e+00
-1.080207040470617699e+02 -6.063554066631219541e+00
-1.434114614719134693e+02 -8.509923952189733853e+00
-2.095211010465781243e+01 -2.934926401820480812e+00
2.936492514996395897e+01 -4.009137514772942446e-03
2.360729879010709453e+01 6.186367116426929602e-01
5.124604096208067006e+00 3.608121087268185700e-01
-5.162090930817154089e+00 2.938041547635925355e+01
-5.729415835858566908e+01 1.717002891589811497e+01
-1.185011184328774192e+02 -2.642165625743704993e+01
-6.176112332863965548e+01 -2.604164492115594243e+01
9.331090758394584839e+01 -8.516335245561602818e+00
1.746806112685326866e+02 5.378718129397094927e+00
1.169180268962512343e+02 8.819070794734519936e+00
-1.282678610333452696e+01 4.805826211916768287e+00
-1.076172189328466260e+02 -7.224975403912123895e-01
-1.091694938587027792e+02 -3.646050273770439887e+00
-2.453108661257216028e+01 -1.287443765219663083e+00
5.632211849731575626e+00 -1.992995754626774030e-01
2.636357839319320817e+01 6.589962680170979858e-01
4.709494493665484072e+01 1.517292111496873375e+00
6.782631148011645905e+01 2.375587954976648764e+00
8.855767802357809160e+01 3.233883798456424152e+00
1.092890445670397241e+02 4.092179641936199985e+00
4.286761836731278663e+01 2.042992722599869637e+00
-4.390515545996350966e+01 -6.851270386909309451e-01
-1.306779292872396923e+02 -3.413246799981729751e+00
-2.174507031145159601e+02 -6.141366561272529445e+00
-3.042234769417922280e+02 -8.869486322563329139e+00
-3.909962507690684674e+02 -1.159760608385412795e+01
-1.608955008176787942e+02 -5.758312814751214148e+00
1.392005270468041545e+02 1.973424574484866412e+00
4.392965549112872168e+02 9.705161963720957630e+00
7.393925827757701654e+02 1.743689935295704174e+01
1.039488610640253228e+03 2.516863674219312941e+01
1.339584638504736176e+03 3.290037413142920997e+01
5.738898983687251985e+02 1.640470430200941365e+01
-3.999297467413671825e+02 -4.925242853303511303e+00
-2.128938608206149183e+02 -3.536510648797001721e+00
7.047179604152847787e+01 -2.530154132613269269e-01
3.538374529036718741e+02 3.030479822274346091e+00
6.372031097658153840e+02 6.313975057810022662e+00
9.205687666279587802e+02 9.597470293345697456e+00
1.203934423490102063e+03 1.288096552888137047e+01
1.487300080352245686e+03 1.616446076441704705e+01
8.178781411333372944e+02 9.374697635308402610e+00
2.182068505572839285e+02 2.910034550088473893e+00
-3.589192154916561321e+02 -3.339763873450461773e+00
-7.413687007181029003e+02 -7.596065244618819712e+00
-2.319019129328831923e+02 -2.641739983253474477e+00
2.854646862657704105e+02 2.397233980193683500e+00
9.035735849950151533e+01 8.272701365370380699e-01
-1.081030278770039388e+02 -7.708858502587510042e-01
-8.760448396521906034e+01 -6.759845010413364497e-01
-1.291478682300336089e+01 -1.620606008688358912e-01
9.892040487991369702e+00 3.050246099574568936e-02
1.905290441294765458e+01 1.385428615749696168e-01
1.075079963333463340e+01 8.988748977696396636e-02
-2.422182371318698735e+00 -2.474417939682466844e-03
-4.171686732642525541e+00 -1.872285127283217676e+01
-2.548485464101806208e+00 -4.294302537398836961e+01
1.104192589061910894e+02 -4.630620925427715662e+01
2.581245354871527411e+02 -4.316238031263620911e+01
2.756451476171632748e+02 -2.073487039732458470e+01
2.503142170220245362e+02 8.040049811099553523e+00
9.958806108828932224e+01 1.146960578687987109e+01
-9.462425295079887633e+01 6.109572579480168741e+00
-1.155472412542997489e+02 1.692454465412325249e+00
-7.323695272399973533e+01 -2.380593920907787098e+00
-2.036767773773022583e+01 -2.362491004263495675e+00
3.655097674268940011e+01 -7.754283903249712395e-01
3.739616390325255679e+01 4.869503255030382949e-02
1.566530260189785473e+01 5.656472927669513595e-01
5.183899821303032951e-01 4.539896143372030290e-01
-1.184834588120923726e+01 7.689141915923544679e-02
-1.034710645994613643e+01 -7.431909247628028237e-02
-2.709640030948046174e+00 -1.255800385824372423e-01
1.234671587294656980e+00 -1.860234982507153489e+01
3.468070405773641784e+00 -4.561503010883037490e+01
1.071018653556916718e+02 -1.059123652365330770e+01
2.598809207885325350e+02 5.449948760663667713e+01
7.328833103436130614e+01 5.227507578712057068e+01
-2.852638740205583758e+02 1.594208404936278356e+01
-3.204699935477449344e+02 -3.583689154252375886e+00
-1.844971633018728312e+02 -1.421174518716089885e+01
-2.576196414780551436e+01 -1.189372750464932871e+01
1.455560783564567657e+02 -2.419230713208729178e+00
1.519123539115927883e+02 2.069774982833847421e+00
6.310035276553130501e+01 3.682595458306333391e+00
-4.345405337014199176e+00 2.755832515000254723e+00
-5.893313173894326695e+01 3.007688761293663138e-01
-5.646675306614339718e+01 -7.689847339212678712e-01
-1.820061275235440235e+01 -9.694973180075120434e-01
6.258812848597212763e+00 -6.580077909106267775e-01
2.168884556472568903e+01 -1.167624557228541526e-02
1.936585456785562087e+01 2.548793384860087441e-01
4.946323426317598582e+00 2.626635022008657061e-01
-3.490313560137692228e+00 2.909449591431736337e+01
-7.680918418499034672e+00 7.838262117602610601e+01
-1.597682523616899175e+02 6.927840671720426258e+01
-4.211485520811793322e+02 1.702332593318686094e+01
-4.088218601742232750e+02 -1.211161828932515050e+01
-1.859354669596057477e+02 -2.346050224478305779e+01
2.630838895660878052e+01 -1.982096259071247601e+01
2.300310745619416934e+02 -4.180627760857106523e+00
2.467228187377110373e+02 4.448282151009014029e+00
1.075829034166640952e+02 7.235367324913751119e+00
-8.621784159854371410e+00 5.945816608366246925e+00
-1.049439686756705044e+02 1.122238391757079956e+00
-1.158402308133240410e+02 -1.558494230351169962e+00
-4.969319556151777562e+01 -2.306653158189223340e+00
3.464548990019594044e+00 -1.875393966629571807e+00
4.443596676887480612e+01 -3.376251945034228763e-01
5.026023327096311277e+01 5.357975739044551489e-01
2.178418108635821682e+01 7.608810369067370294e-01
-1.051398572072073989e+00 6.225445085945962020e-01
-1.816118148846046054e+01 1.152904839901048861e-01
-2.125047025200412421e+01 -1.826216453659239569e-01
-9.535003571930172228e+00 -2.594819680259938810e-01
4.717705525812299072e-02 -2.172780934669295561e-01
7.286084794499950945e+00 -4.429011478293362614e-02
8.949981319531630675e+00 6.174525934302727004e-02
4.243177846793637187e+00 9.127227477344140860e-02
2.525673351601191996e-01 1.946427056618047402e+01
-2.886543630265339111e+00 6.183520085093454810e+01
-9.773839021556307216e+01 5.393714999080953021e+01
-3.060537106885636831e+02 -1.615175354580022571e+01
-3.101057205061831041e+02 -5.089456571331244561e+01
-5.115395132475322271e+01 -4.012673001611229040e+01
1.700171997168969824e+02 -2.252931331331671316e+01
3.405507159881808548e+02 4.221840030758142959e+00
3.391300368266799978e+02 1.863096357258428171e+01
9.774197006331507964e+01 1.581640355207885307e+01
-9.373585057323043657e+01 9.851262986947800115e+00
-2.126729360258419206e+02 -6.930060477714370393e-01
-2.269735835020337333e+02 -6.859603102434554067e+00
-8.283540558904955731e+01 -6.397599070586928782e+00
3.525081459529847905e+01 -4.460413788341733188e+00
1.122262551613270887e+02 -1.953477412837809624e-01
1.320685697559224536e+02 2.506574389954229432e+00
5.791524863540259105e+01 2.636806217476750369e+00
-6.452250151275265466e+00 2.071853039107995009e+00
-5.402755704763127653e+01 3.139822274568282445e-01
-7.203027773974648085e+01 -8.889782347855498257e-01
-3.707944594801219296e+01 -1.098299719756768766e+00
-4.392758699229723618e+00 -9.795088177258324258e-01
2.406109097995141965e+01 -2.473090045546533222e-01
3.773198137210000880e+01 2.927703469952542270e-01
2.253210466761821351e+01 4.576430166983564418e-01
6.879314084831847254e+00 4.679943948492570893e-01
-9.698075283688037729e+00 1.628990503836861281e-01
-1.910283273392150605e+01 -7.952571837068586613e-02
-1.319130598276734645e+01 -1.881250852931432849e-01
-6.191069223395359700e+00 -2.243923178291369058e-01
3.242760055112891671e+00 -9.897559430037469741e-02
9.307399399927355432e+00 9.712295041837258225e+00
7.482076383806701259e+00 4.220587932249975438e+01
-3.678593847752671309e+01 5.715351886643979640e+01
-1.852739790965636644e+02 2.901626598477329111e+01
-2.853042120152522330e+02 3.337024669433724000e+00
-2.604435302991056460e+02 -1.600715265374847007e+01
-1.807839971408289443e+02 -2.725644551383850711e+01
4.726934208131959281e+01 -1.658501041133952469e+01
2.225293603878306499e+02 -5.813475395207053253e+00
2.474055010655052911e+02 5.243198212352629284e+00
2.203740294501248513e+02 1.266200465640163131e+01
3.761015481778906633e+01 9.166539181499878453e+00
-1.147704303866330662e+02 5.042977792395532788e+00
-1.710101001489253747e+02 -1.068048328604386477e+00
-1.872078357009518186e+02 -5.607807133057950644e+00
-6.956973795108000047e+01 -4.895774913988359955e+00
3.602968604700586752e+01 -3.621226355868167435e+00
9.905514605528628636e+01 -3.573764132092600576e-01
1.351576361277330989e+02 2.269321159617875505e+00
3.766392189276706404e+01 7.647651326235058722e-01
-5.168329362027314744e+01 -6.268897555515142717e-01
-1.892679377824453013e+01 -2.635564016020521816e-01
1.766016047081268425e+01 1.543701020989571848e-01
5.424711471986994127e+01 5.722966057999665512e-01
9.083406896892718407e+01 9.902231095009761397e-01
1.274210232179844269e+02 1.408149613201985506e+00
1.272518624008980623e+02 1.431317039588327900e+00
3.754048407206613547e+01 4.817955187265408057e-01
-5.216056879646623656e+01 -4.724158409990111274e-01
-1.418616216649985802e+02 -1.426627200724562616e+00
-2.315626745335309522e+02 -2.380838560450114549e+00
-3.212637274020632958e+02 -3.335049920175666927e+00
-3.522703990185996190e+02 -3.697584623777895985e+00
-1.137975262956731513e+02 -1.331238332646144329e+00
1.336211941042380431e+02 1.133818083205785143e+00
3.810399145041494648e+02 3.598874499057716392e+00
6.284586349040606592e+02 6.063930914909645864e+00
8.758773553039719673e+02 8.528987330761577113e+00
1.053234010441889950e+03 1.033025706643513431e+01
3.182535627953252515e+02 3.464635131533530199e+00
-4.190253181918142218e+02 -3.422202912756556969e+00
-1.156304199178953695e+03 -1.030904095704664769e+01
-1.893583080166093168e+03 -1.719587900133673841e+01
-2.630861961153232642e+03 -2.408271704562682913e+01
-1.106817395576791114e+03 -1.080647745426594142e+01
-1.733355206417051022e+02 -2.277625058832267513e+00
4.716817621683352968e+02 3.795282161265725929e+00
5.949827011295017201e+02 5.313698867153904715e+00
3.919026472990383354e+02 3.762029405641795332e+00
-2.081099208501029452e+01 2.343310638703683946e-01
-1.200651966153365890e+01 -1.099226699741940871e-01
1.070749444647290716e+00 -2.661433792211064242e-01
1.414801855082823323e+01 -4.223640884680187058e-01
2.722528765700917575e+01 -5.785847977149309873e-01
3.529155878252996104e+01 -6.419943473537419454e-01
1.564030686302137951e+01 -2.278682801632523347e-01
-5.704618210995882066e+00 2.001279514059088882e-01
-2.704954328501312943e+01 6.281241829750701111e-01
-4.839446835903038391e+01 1.056120414544231334e+00
-6.751656689725106730e+01 1.433805652962206301e+00
-2.780849756019735253e+01 4.877011947156981719e-01
1.232760781789853866e+01 -4.681692405924393618e-01
5.246371319599441563e+01 -1.424039675900577118e+00
9.259981857409029260e+01 -2.379910111208714429e+00
4.922190805435842265e+01 -1.071926366565129740e+00
-4.419609950258809761e+00 5.146803742406801385e-01
-2.261037278703712161e+01 -2.771736132223365701e+01
-2.141387942594956328e+01 -7.225658107431553390e+01
1.040186982454491726e+02 -7.228225036035318851e+01
3.639669935154216773e+02 -2.411119631080950398e+01
4.919225313229565018e+02 1.398755289370755506e+01
3.312559364360943732e+02 3.006168376758055416e+01
1.466411556327235246e+02 4.080946557910129968e+01
-9.695178812748326891e+01 1.420950557579119788e+01
-3.334647415182432724e+02 -1.299680481027633050e+01
-5.699776949090033895e+02 -4.020311519634387309e+01
-8.064906482997635067e+02 -6.740942558241140148e+01
-1.043003601690523510e+03 -9.461573596847892986e+01
-8.712185588981119508e+02 -9.241533053791621910e+01
5.608633708895558811e+01 -3.041698336662528845e+01
9.511108335166118195e+02 3.119323699198554323e+01
1.846135329944268051e+03 9.280345735059634649e+01
2.741159826371924282e+03 1.544136777092071497e+02
3.636184322799580968e+03 2.160238980678179814e+02
3.455712787676467997e+03 2.230780327597270229e+02
3.621333672932760237e+02 7.588765402406011162e+01
-2.700140469207441129e+03 -7.283103448242457034e+01
-5.762414305708158281e+03 -2.215497229889093092e+02
-8.824688142208877252e+03 -3.702684114953939911e+02
-1.188696197870959259e+04 -5.189871000018786162e+02
-1.233622567129844174e+04 -5.663306256275468513e+02
-2.364009874919094727e+03 -2.009403811818021950e+02
7.785664699746863334e+03 1.766133692365622210e+02
1.793533927441281048e+04 5.541671196549268643e+02
2.808501384907876854e+04 9.317208700732915077e+02
3.823468842374472297e+04 1.309274620491656151e+03
4.259042009841288382e+04 1.506120322631463296e+03
1.066880817028251477e+04 5.605398643158869163e+02
-2.284561432560638059e+04 -4.435403507717551292e+02
-5.636003682149529050e+04 -1.447620565859397175e+03
-8.987445931738417130e+04 -2.451700780947039675e+03
-1.233888818132730812e+05 -3.455780996034681721e+03
-1.461758821178694488e+05 -4.181593648604751252e+03
-3.480214262404962210e+04 -1.400765500093295486e+03
7.686586385978617182e+04 1.386963598976538833e+03
6.371900299957577954e+04 1.410475001636140405e+03
7.759417523198106210e+03 4.858326023184479823e+02
-1.371917392494393061e+04 -1.722283710750184582e+01
-2.054394978829205866e+04 -3.411112386531337961e+02
-1.308278214446220591e+04 -3.017342859044316015e+02
1.772962592486488575e+03 -7.432679346900901862e+01
6.903614481968435030e+03 4.350400930043274172e+01
5.974350518105406991e+03 9.305520494643876361e+01
3.113174332643583512e+03 7.863705974193179316e+01
-1.186113709577913141e+03 1.660025644430594838e+01
-2.815432366091936274e+03 -1.840052334596103378e+01
-2.081130764950634784e+03 -2.946736097549833033e+01
-9.795182176753519343e+02 -2.555923345133887636e+01
5.080913196084323999e+02 -5.914326134339988883e+00
1.192355142850241009e+03 6.746883419235690127e+00
8.737363053013752960e+02 1.068976750879568272e+01
4.344508348451422535e+02 1.018351768045476291e+01
-1.843852448856799811e+02 3.057006007924307767e+00
-5.405894084297214022e+02 -2.242233183758141291e+00
-4.280597322662107445e+02 -4.280237189041013579e+00
-2.562632131215418667e+02 -4.771233507083993963e+00
4.366274816533805847e+01 -1.917742047723318688e+00
2.554031441510615537e+02 5.050954844830615187e-01
2.328149683364288194e+02 1.783590182965273829e+00
1.782460088552940078e+02 2.493070479274237972e+00
1.697182334225956879e+01 1.304010357297388678e+00
-1.169776227575525809e+02 1.749825486200612956e-01
-4.254008950844323067e+01 3.491175219946623942e-02
3.485005166461694159e+01 -8.174328021390794841e-02
1.278296954299622712e+01 -2.877529964110403515e-02
-1.017247108068778516e+01 2.572022050150127304e-02
-3.312791170437178323e+01 8.021574064410656735e-02
-5.608335232805579551e+01 1.347112607867118617e-01
-3.934950616070044305e+01 9.357085164310147141e-02
-2.418622895338060630e+00 3.763344451960221049e-03
3.451226037002432179e+01 -8.604416273918102931e-02
7.144314363538670420e+01 -1.758516699303222519e-01
6.293604784400770313e+01 -1.536132995653931577e-01
1.590518109817966774e+01 -3.637885294517834156e-02
-3.112568564764836765e+01 8.085559367503650230e-02
-7.815655239347640304e+01 1.980900402952513184e-01
-8.387231145907368557e+01 2.107190921681789397e-01
-2.875616061924313271e+01 7.042484709909285767e-02
2.644226877343417925e+01 -7.005454767969307439e-02
8.164069816611150543e+01 -2.105339424584790620e-01
8.797010492489461342e+01 -2.249993680494666304e-01
3.425878821851242151e+01 -8.464340641048062608e-02
-1.945252848786976330e+01 5.571255522850540598e-02
-6.802525050332141632e+01 1.823508874433906468e-01
-3.236734374091545874e+01 8.475550283493105130e-02
1.236283024399128294e+01 -3.681175546066273174e-02
5.709300422889803883e+01 -1.583790137562565148e-01
7.149518250672444708e+01 -1.961919325821329385e-01
3.397166833423035825e+01 -9.060592341129525273e-02
-3.551845838263737676e+00 1.498008575954243304e-02
-4.107536001075782650e+01 1.205660949303801049e-01
-1.426986456075734111e+01 4.069356372043603232e-02
1.270378405698458835e+01 -3.968383289981736173e-02
3.967743267472651070e+01 -1.200612295200707558e-01
6.665108129246843305e+01 -2.004386261403241776e-01
7.104911377829641594e+01 -2.125067947541194879e-01
2.486061976234566373e+01 -7.210205506079947479e-02
-2.178293298768792852e+01 6.956914144194681349e-02
-6.842648573772152076e+01 2.112403379446931573e-01
-1.150700384877551272e+02 3.529115344474395566e-01
-1.617135912377887337e+02 4.945827309501858449e-01
-1.875207709041238218e+02 5.719608436996235223e-01
-7.247816325643738367e+01 2.150935475888184900e-01
-2.163993491681209491e+01 6.140483979275995763e-02
2.594752252567749906e+01 -8.199085859978572088e-02
7.353497996816710724e+01 -2.253865569923313994e-01
6.797125894478499220e+01 -2.059348260860451862e-01
1.971425325978084686e+01 -5.567712142449093848e-02
-2.854275242522329137e+01 9.458058323706330928e-02
-5.522876895194982438e+01 1.761246050664675433e-01
-1.942805205989927231e+01 6.002394806849342679e-02
1.679230358417464686e+01 -5.739245530915165761e-02
5.301265922824853760e+01 -1.748088586867966865e-01
8.923301487232242835e+01 -2.922252620644416599e-01
1.254533705163963333e+02 -4.096416654420867443e-01
8.208169774893349313e+01 -2.646849232895969184e-01
-1.611009328275940788e-01 8.409520338460874100e-03
-8.240389961458873813e+01 2.815039639665186666e-01
-1.646466982963499106e+02 5.545984075945766811e-01
-2.468894969781110262e+02 8.276928512226344736e-01
-1.929674237385099786e+02 6.404961629829628578e-01
-3.118858144725959392e+01 8.870092883453994936e-02
1.305902608439907908e+02 -4.630943053138831811e-01
2.923691031352411756e+02 -1.014889539462306089e+00
4.541479454264915603e+02 -1.566684773610729220e+00
4.119722943722795208e+02 -1.409528846297387616e+00
1.392560220585316983e+02 -4.589699029685769816e-01
-1.305997761122434895e+02 4.807159945630147257e-01
-1.291876029452722605e+02 4.582471429492368520e-01
-4.375551991862418788e+01 1.377698132405604237e-01
1.218318090689074040e+00 -1.965489268836285996e-02
2.992024733808730019e+01 -1.115014348487364804e-01
2.662788660850574018e+01 -9.319932093625361846e-02
7.060159928266576124e+00 -1.886503103709596257e-02
-3.366272851316994164e+00 5.025256848820014000e+00
-8.008905031301917887e+00 1.321381984992819625e+01
-3.229529408316554395e+01 1.184738589079063509e+01
-7.188301155205347470e+01 3.038172657505170626e+00
-7.197109954480806948e+01 -2.299203174383526171e+00
-3.437887887895666950e+01 -4.324651612720306737e+00
3.227576021360874847e+00 -4.085097586743728471e+00
4.085064409058102797e+01 -1.201996511596857165e+00
5.349149205625080583e+01 8.253006878998756513e-01
3.034451746862610122e+01 1.626631695631113761e+00
6.254816629280036011e+00 1.747680667088223228e+00
-1.950540944828315304e+01 6.632595366674807202e-01
-3.393323061998132317e+01 -2.218062173966555140e-01
-2.318470674579532442e+01 -6.639792418416426978e-01
-1.062476546548052525e+01 -8.760475632485624775e-01
7.089235120644611143e+00 -4.333947353541340308e-01
2.040631552501854173e+01 5.374981796445951199e-01
5.155595945965330884e+00 2.122632778311936974e-01
-1.027610821483864356e+01 -1.460688419318696418e-01
-2.570781237564263222e+01 -5.044009616949329811e-01
-4.113951653644661377e+01 -8.627330814579963203e-01
-5.657122069725060243e+01 -1.221065201221059882e+00
-7.200292485805458398e+01 -1.579397320984122999e+00
-8.743462901885855842e+01 -1.937729440747186338e+00
-1.019501448602185150e+02 -2.277236324449499527e+00
-2.688692768140001021e+01 -7.723407780165527647e-01
4.882243906187397897e+01 7.458167716164472161e-01
1.245318058051479682e+02 2.263974321249446753e+00
1.702710080951413545e+02 3.236948120779191918e+00
5.285960027533968741e+01 1.215391509263622716e+00
-7.166002873207048651e+01 -9.425739045891714518e-01
-1.961796577394806036e+02 -3.100539318441965619e+00
-2.749139794169163906e+02 -4.530861071356114600e+00
-8.874464760896910320e+01 -1.718305201787149628e+00
1.099362663115859391e+02 1.302268845783593143e+00
3.086171802321409814e+02 4.322842893354335914e+00
4.384073662110545797e+02 6.373236226057258591e+00
1.455980055616017808e+02 2.433347405718230050e+00
-1.683425750810291674e+02 -1.815476744986608715e+00
-4.822831557236602862e+02 -6.064300895691447479e+00
-6.935381283235088858e+02 -9.015363069545472285e+00
-2.358099554782861560e+02 -3.465215134757885451e+00
2.572010311738409882e+02 2.545026911605763331e+00
7.502120178259681325e+02 8.555268957969412114e+00
1.091258339973030843e+03 1.282416222922961602e+01
3.786167696176951267e+02 4.962630213980887106e+00
-3.924909419437060478e+02 -3.586811272172191423e+00
-1.163598653505107450e+03 -1.213625275832526995e+01
-1.711096026205447515e+03 -1.834268692717578375e+01
-6.043600282396687362e+02 -7.146864211823970692e+00
5.987357914496942612e+02 5.081593739626551809e+00
1.801831611139056804e+03 1.731005169107707076e+01
2.677452998099603519e+03 2.637852872777375879e+01
9.610070399809228547e+02 1.034915791212500835e+01
-9.136486230932432591e+02 -7.236527906390833209e+00
-2.788304286167409828e+03 -2.482221372490667477e+01
-4.185363898979181613e+03 -3.813798856331024467e+01
-1.524539185095583889e+03 -1.506762208469795894e+01
1.395372575339126342e+03 1.035770362417553514e+01
4.315284335773836574e+03 3.578302933304904343e+01
6.541330232633630658e+03 5.543077906793331522e+01
2.415569142795322477e+03 2.205461571193374937e+01
-2.133782327791404896e+03 -1.489923700002179885e+01
-6.683133798378130450e+03 -5.185308971197733285e+01
-1.022823104929948204e+04 -8.098358232724555705e+01
-3.825993645260037738e+03 -3.245149238602445507e+01
3.268171234185583671e+03 2.153756249880591156e+01
1.036233611363120690e+04 7.552661738363627819e+01
1.600879495192842478e+04 1.189222267223232876e+02
6.061857743691365613e+03 4.799721745179499521e+01
-5.015007795116816851e+03 -3.128426702975383478e+01
-1.609187333392499932e+04 -1.105657515113027074e+02
-2.509100731394565082e+04 -1.755160286885912342e+02
-9.612479810443379392e+03 -7.135261883227110502e+01
7.711612896394930431e+03 4.565806696012302268e+01
2.503570560323324025e+04 1.626687527525171504e+02
3.939327796710337861e+04 2.603312442083413885e+02
1.526223447069836402e+04 1.066063201759071148e+02
-1.188507707101225242e+04 -6.694784262965384869e+01
-3.903238861272286886e+04 -2.405020054352147554e+02
-6.197075413988512446e+04 -3.880252681092218836e+02
-2.427182325211379793e+04 -1.600671851058619950e+02
1.836129875271431229e+04 9.861632696695261302e+01
6.099442075754240068e+04 3.572998390397671642e+02
9.770267881830550323e+04 5.811479989224376368e+02
3.867305561149652931e+04 2.415102374266459719e+02
-2.843796679704343842e+04 -1.459217618549791950e+02
-9.554898920558339159e+04 -5.333537611366043620e+02
-1.544038352801042201e+05 -8.745319888119341840e+02
-4.863042861352348700e+04 -2.921497943521019351e+02
5.727887033517321106e+04 2.908715315225213089e+02
1.631881692838699382e+05 8.738928573971440983e+02
2.690974682325666654e+05 1.456914183271766888e+03
3.696332905905399821e+05 2.011161483291608647e+03
1.180446277048442280e+05 6.791945827271529197e+02
-1.352155150653738528e+05 -6.615797394672526934e+02
-3.884756578355919337e+05 -2.002354061661658307e+03
-6.417358006058101309e+05 -3.343128383856063920e+03
-8.949959433760282118e+05 -4.683902706050469533e+03
-6.417697021228512749e+05 -3.413784993192888578e+03
-2.918047067159460858e+04 -2.911831891592446482e+02
5.834087607796627562e+05 2.831418614874401101e+03
1.195997992230920121e+06 5.954020418908048669e+03
1.808587223682177020e+06 9.076622222941694417e+03
1.750133618476609001e+06 8.870206540647410293e+03
5.454190870420224965e+05 2.929678565200440062e+03
-6.514953608472514898e+05 -2.983792461897832254e+03
-1.848409808736525476e+06 -8.897263488996106389e+03
-3.045324256625799462e+06 -1.481073451609438052e+04
-4.242238704515073448e+06 -2.072420554319265284e+04
-2.905616072107912973e+06 -1.443275515919199097e+04
-6.994636917674914002e+03 -6.166181303968915017e+02
2.891626798272560351e+06 1.319951889839820797e+04
5.790248233462798409e+06 2.701565592719330743e+04
8.688869668653035536e+06 4.083179295598841418e+04
8.086047240721814334e+06 3.837506039337564289e+04
2.498014561048593372e+06 1.252477191276898520e+04
-3.023158804770095274e+06 -1.305860168281478400e+04
-8.544332170588782057e+06 -3.864197527839854592e+04
-1.132548930139716528e+07 -5.182883435500751511e+04
-3.868546439305115957e+06 -1.852411911190382671e+04
6.324487756131619681e+05 1.943101829001270744e+03
1.864983186102430802e+06 8.028510027007620920e+03
1.197704510970989242e+06 5.581883610502639385e+03
-2.376449489275692395e+04 4.064478540288860131e+02
-2.412821081997938745e+04 7.521336875122665333e+01
-9.667136928506326512e+03 -1.957518672680305372e+02
4.793936962966756255e+03 -4.667171032872880687e+02
1.925501085443981719e+04 -7.376823393065453729e+02
3.371608474591289269e+04 -1.008647575325802677e+03
4.817715863738596090e+04 -1.279612811345059981e+03
4.939965020309457032e+04 -1.198192731114015714e+03
2.096188381132650829e+04 -3.784437405914238752e+02
7.680656620006544472e+03 -1.048741372808383829e+02
-8.407060530109279171e+02 5.152479461292167429e+01
-4.334720364240495655e+03 9.572747485959999381e+01
-3.949433963917143956e+03 6.137761178431887998e+01
-1.593226488449835415e+03 2.067321742165440313e+01
6.534653054888702854e+02 -1.688102401798615304e+01
3.483073313499414780e+02 -6.987331265436232286e+00
-2.994072398148591674e+01 4.266684746554538776e+00
-4.081887793129133115e+02 1.552070075854530273e+01
-7.864368346443404789e+02 2.677471677053607380e+01
-1.164684889975767874e+03 3.802873278252684486e+01
-1.542932945307195041e+03 4.928274879451760881e+01
-1.181193956208771624e+03 3.419932052014894452e+01
-4.967221534200165252e+02 1.067422571624078387e+01
1.744627942839914567e+02 -1.212532129719184759e+01
3.200185298790106572e+02 -1.317253532193602616e+01
2.449360927668019769e+02 -5.088987790474794437e+00
1.261056014185022889e+02 1.003330239470230367e-01
-1.988256860508469970e+01 3.492991550930219180e+00
-8.782020468207630870e+01 3.855447170850574423e+00
-8.644133021851591536e+01 1.526786136897095192e+00
-6.248079045704898249e+01 -2.221350578874887738e-01
-1.004430984348849165e+01 -1.239992482485552161e+00
2.765425023620949929e+01 -1.603188037456113824e+00
3.856643123898603420e+01 -7.765263824657457903e-01
4.038588356571263205e+01 -3.253700991528396536e-02
1.731511910677214416e+01 4.851472450618798393e-01
-3.975537832911532288e+00 8.512523295474803131e-01
-4.766588996895965380e+00 -3.772973323263222056e+01
1.081243752394816511e+02 -6.272054395687780470e+01
2.395831942283617764e+02 -8.523327843741594734e+01
3.710420132172420153e+02 -1.077460129179541326e+02
5.025008322061221975e+02 -1.302587473984922894e+02
6.339596511950023796e+02 -1.527714818790304889e+02
7.654184701838826186e+02 -1.752842163595686600e+02
8.968772891727628576e+02 -1.977969508401068310e+02
1.004690160690171865e+03 -1.561182417717421345e+02
9.472018624342834983e+02 -4.143636316773573469e+01
5.019368832274080887e+02 -4.190527732362141933e+00
1.135260970818717396e+01 2.343371437946169067e+01
-4.792316638110332860e+02 5.105795649128549485e+01
-9.698159373302542008e+02 7.868219860310932745e+01
-1.460400210849474888e+03 1.063064407149331458e+02
-1.950984484368695576e+03 1.339306828267569642e+02
-2.441568757887916490e+03 1.615549249385807968e+02
-2.535056570999254745e+03 1.549294935813128973e+02
-1.419438371927612479e+03 4.916226280211439104e+01
-5.165582236335557127e+02 -6.326000270873669784e+00
-1.178558387748155383e+02 -5.163124538538880870e+00
2.480247112351921714e+02 -9.457910246230998297e-01
6.139052612451997675e+02 3.271542489292680322e+00
9.797858112552073635e+02 7.488876003208459586e+00
1.161790608642414099e+03 1.008492988467947882e+01
3.949788939221534747e+02 3.920147431107753988e+00
-4.138369401140330410e+02 -2.803139158678568776e+00
-1.222652774150218875e+03 -9.526425748464886212e+00
-2.031468608186405163e+03 -1.624971233825120720e+01
-2.716855943176519304e+03 -2.199617518725323961e+01
-8.442169921274435183e+02 -7.437349830241799964e+00
1.041807298960230582e+03 7.226766961260359778e+00
2.927831590047904683e+03 2.189088375276251952e+01
4.813855881135577874e+03 3.655500054426467926e+01
5.104499477896559256e+03 3.928814737408671931e+01
1.604073593391001850e+03 1.342045854598372756e+01
-1.636294495723273940e+03 -1.066217930271447223e+01
-6.420950048078397003e+02 -4.499993812796355463e+00
2.753707029524799736e+02 1.348511234413077631e+00
7.187340184545474813e+02 4.348507109610648236e+00
3.937080995567390573e+02 2.512577234674910898e+00
-2.896696914758331332e+01 4.850535202602701546e-03
-2.999817981166373784e+02 -1.670200954580671304e+00
-1.739925038693553461e+02 -1.022819003245110991e+00
3.167404478731054951e+01 9.064829980866928594e-02
2.373405934439764451e+02 1.204115602862450451e+00
4.430071421006422838e+02 2.317582905916231617e+00
6.486736907573081226e+02 3.431050208970012783e+00
8.543402394139740181e+02 4.544517512023793060e+00
3.791621893367854454e+02 2.090334127906148254e+00
1.025401271965392880e+00 1.016940738309687342e-01
-1.387424947314290193e+02 1.840370919395826643e+00
-1.143102974047563123e+02 5.276115018855303873e+00
-3.141512695676902922e+01 3.775471203208010884e+00
-2.309862957578310727e+01 1.252395409570509432e+00
-1.291469311046527224e+01 -1.130769676719383665e-01
-3.006979739891170844e+00 -4.250490674121051304e-01
3.412579924784237217e+00 -1.421674226672122643e+01
2.195854108166022201e+01 -1.800332906149356660e+01
6.814503778155253144e+01 1.788438184170766121e+01
9.423201765813648478e+01 2.667924255379669063e+01
-1.313771102818910919e+01 1.461588213508903955e+01
-6.499437218074785960e+01 4.108049224270111210e+00
-1.059298974212578486e+02 -5.635872199122577086e+00
-1.468654226617678660e+02 -1.537979362251527427e+01
-1.878009479022778407e+02 -2.512371504590796789e+01
-9.154236468704891649e+01 -2.041884171457889607e+01
1.190788984038900935e+02 -3.669698350640246076e+00
3.297001614948291035e+02 1.307944501329840037e+01
5.403214245857681135e+02 2.982858837723704681e+01
5.754095441572412710e+02 3.701193414312919572e+01
7.542609358500908456e+01 1.328511522474957474e+01
-4.340208452731242232e+02 -1.138950753733655574e+01
-9.434677841312578721e+02 -3.606413029942269333e+01
-1.452914722989391294e+03 -6.073875306150882381e+01
-1.038516417769415966e+03 -4.967464641126920810e+01
1.366051579659747404e+02 -9.182144370263330302e+00
1.311726733701365674e+03 3.131035767074254750e+01
2.486848309436756608e+03 7.180285971174843951e+01
2.849146497368041764e+03 8.895495115472313330e+01
7.057037697272731975e+02 3.188005760618006335e+01
3.509654822271987484e+01 8.523445455180924668e+00
-3.211505481719797928e+01 2.438011017855145290e+00
-7.400215524686106505e+01 -2.594516447658071989e+00
-1.688814743946220176e+01 -9.210772385918750693e-01
7.947508924980743572e+00 -4.076767951269719137e-02
8.080691298443460013e+00 1.452978416233099701e-01
2.417999798750243290e+00 8.599397527981603173e-02
-8.181175635485491426e-01 1.609802318642333319e+01
-3.582042165929782129e+01 1.649864571926862666e+01
-7.680321736951204059e+01 4.561434053912740261e+00
-7.038509696141412064e+01 -1.910258404374159058e+00
-2.517651662780077615e+01 -2.635083101153904206e+00
1.427278126548846693e+01 -1.117670508272337937e+00
2.514634698777681265e+01 1.608797919072665894e-01
1.432185054357327303e+01 5.304302977337651548e-01
-5.545337454291932033e-01 3.225264334538228139e-01
-7.906137262201334615e+00 -3.206772367291575998e-01
-6.191983147871322757e+00 -9.831868102760608075e-01
5.156810066228674216e-01 -1.997037957399780339e+01
2.482519990368109575e+01 -6.011811938136541045e+01
1.222353779335005584e+02 -3.958202639270668044e+01
2.809640215651919561e+02 -2.461905563767693650e+00
2.913522282598114543e+02 1.937192451360124323e+01
1.000802742636908249e+02 1.880129370952663237e+01
-1.444991846477727790e+02 5.932284720440947012e+00
-2.569831360200335553e+02 -5.848523853212426182e+00
-6.902454315890599901e+01 -2.128301901776765703e+00
1.221825286220384896e+02 1.770714000364847607e+00
3.133896004029832056e+02 5.669729902506468022e+00
5.045966721839278080e+02 9.568745804648086661e+00
6.958037439648724103e+02 1.346776170678970352e+01
8.870108157458171263e+02 1.736677760893132216e+01
1.078217887526761615e+03 2.126579351107293903e+01
1.134808777174132501e+03 2.268766966793122819e+01
3.012557003102319868e+02 7.563225530449884104e+00
-5.324215613434889747e+02 -7.561887581504265654e+00
-1.366098822997209936e+03 -2.268700069345840831e+01
-2.199776084650930898e+03 -3.781211380541256517e+01
-3.033453346304652314e+03 -5.293722691736671493e+01
-3.359105945576341583e+03 -5.962585737547865961e+01
-1.021612661287650553e+03 -2.182069359983390200e+01
1.420519217506538553e+03 1.792987798381852826e+01
3.862651096300726749e+03 5.768044956747095853e+01
6.304782975094915855e+03 9.743102115112341721e+01
8.746914853889104052e+03 1.371815927347758475e+02
1.118904673268329316e+04 1.769321643184283062e+02
3.442821038411133486e+03 6.367334784756133104e+01
-4.618112808727048105e+03 -5.428142836472414956e+01
-1.267904665586523333e+04 -1.722362045770096586e+02
-2.073998050300341856e+04 -2.901909807892951676e+02
-8.058593914962042618e+03 -1.257235443862828674e+02
6.754709088390507532e+03 6.773710947324727272e+01
2.156801209174306132e+04 2.611977633327774129e+02
7.071805821997324529e+03 9.635958193896908597e+01
-7.394263404826762780e+03 -6.916671080000190841e+01
-3.311056149717185235e+03 -3.472091097440390683e+01
-3.482604525102748312e+02 -6.418561671325824669e+00
4.075785993738493289e+02 2.431669310296282305e+00
2.664552379639662831e+02 2.344902252218525440e+00
5.462448476601351643e+01 7.655628265402212307e-01
-2.772936321597424580e+01 -5.606572972017820344e-02
-2.713445555275159649e+01 -1.903541645221871748e-01
-8.417477230001894739e+00 -9.310072690181322996e-02
1.980491872612034854e+00 -8.408183575615426480e-03
3.336649280217311997e+00 1.255918109806068905e+01
-2.481041417618549616e+01 3.555965683122712306e+01
-1.052606946795109479e+02 3.144594888304484925e+01
-1.704100911680523609e+02 9.329880577477648984e+00
-1.404694815332740347e+02 -3.346148355480003111e+00
-4.598939990975168968e+01 -4.966037259777526636e+00
2.876788912430607681e+01 -2.166630733420424448e+00
4.611320893688333911e+01 1.945528570204257957e-01
2.468189398390050115e+01 8.660948814499567217e-01
-1.041201850053841582e+00 5.245405629368572464e-01
-1.210168858102028544e+01 -2.544568264912392852e+00
-5.397190117458832148e+00 -5.203630435242312835e+00
1.324137188609267568e+01 -2.542356215637313355e+01
5.717761663986997434e+01 -4.880557293024936882e+01
1.540847694119588027e+02 -2.586615791689745691e+01
2.296412824142629177e+02 1.065858470136367586e+00
1.653645926398074550e+02 1.204865962099199450e+01
1.046986416438676315e+01 8.914947682752739411e+00
-1.050638255550335032e+02 1.536749382446874979e+00
-1.121937840262217065e+02 -2.953633618583581644e+00
-4.181851268322657234e+01 -3.147120748126584378e+00
3.100093225724186041e+01 -1.144517803656068144e+00
5.618243629320505050e+01 6.304334100589912282e-01
3.428857949806054251e+01 1.128090967100342290e+00
-2.645634700527068617e+00 6.393022769541487627e-01
-2.438070158724661596e+01 -5.043158134559849515e+00
-1.901233731463619847e+01 -2.675686266577354644e+01
2.514441166316460397e+01 -2.117824606474938065e+01
1.222416973630235049e+02 -3.843661369452462395e+00
1.629471284456146805e+02 8.916682047322668225e+00
8.748510657248725408e+01 1.063038835170505969e+01
-7.288502479476989038e+00 3.554062579207545980e+00
-3.961692514590776426e+01 -1.727743081168028327e-01
-2.546292617907978695e+01 -9.900916458708582946e-01
-2.039819230575783848e+00 -5.822489674056052777e-01
1.065867802413798771e+01 -9.214168578511921837e+00
2.155713402237120491e+01 -1.975766251589361389e+01
5.362240111392479491e+01 -1.168614860040463022e+01
9.730620001249837969e+01 4.803153883510553612e-01
9.429453247814255690e+01 7.466029848576843264e+00
6.819094766834642662e+00 2.569109825665447655e+00
-1.239134700852942750e+01 6.350201993328886374e+01
-8.034450012272634467e+01 9.936272072070241279e+01
-2.879904698902221867e+02 5.702804076517649889e+01
-3.410148127683031021e+02 1.793692510971493803e+01
-3.056031799892870708e+02 -1.430251803087957718e+01
-1.392455168501157914e+02 -2.626046810402286980e+01
3.801684293889022115e+01 -1.782874026917093602e+01
1.963096464134472114e+02 -1.233712710013084912e+00
7.101063250219424106e+01 -3.927895228157553542e-01
1.982452208171536512e+01 -9.474641248252560488e-02
-2.618041520884055728e+01 1.671132693946446035e-01
-2.879722455571191020e+01 1.714545961464155888e-01
-1.191179953242666656e+01 6.004574988331920493e-02
-3.735760422833767080e-01 -9.642664338140753688e-03
7.363468096397784102e+00 -4.967316426035356391e-02
9.122804476336398238e+00 -5.465995416780347615e-02
4.382714503889744151e+00 -2.154451132187381462e-02
3.494690707484808812e-01 1.638228469875367921e+01
-2.499089260016977398e+00 6.022379274519903447e+01
-5.907071180413691991e+01 7.482717790125506951e+01
-2.621655476311356665e+02 9.687090137620756991e+00
-4.090769253323549606e+02 -4.589481428834482557e+01
-8.407658414694196836e-02 -1.762152356426852862e+01
4.286762422177953340e+02 1.297501929462801229e+01
8.574365610197377237e+02 4.357156215352456741e+01
1.286196879821680113e+03 7.416810501242112252e+01
9.481822690777580647e+02 6.486975786150637191e+01
-1.614538745122608816e+02 1.542435451989229023e+01
-1.271090018102279373e+03 -3.402104882172179146e+01
-2.380726161692297865e+03 -8.346645216333587314e+01
-2.986545567645234769e+03 -1.151481722158837044e+02
-7.548455904689690215e+02 -4.460986803721175420e+01
1.627688573495192031e+03 3.215558010671071543e+01
4.010222737459353084e+03 1.089210282506331851e+02
6.392756901423514137e+03 1.856864763945556547e+02
5.816238560129215330e+03 1.808849942453097412e+02
1.300671469310462271e+03 6.011202892328515190e+01
-3.191829884543065418e+03 -6.047796724025465664e+01
-7.684331238396596746e+03 -1.810679634037944652e+02
-1.217683259225012443e+04 -3.016579595673343306e+02
-1.666933394610365212e+04 -4.222479557308740823e+02
-2.116183529995718345e+04 -5.428379518944140045e+02
-2.565433665381071478e+04 -6.634279480579538131e+02
-7.157202692851285974e+03 -2.413422597639078049e+02
1.220134343308623284e+04 2.009430389413946614e+02
3.155988955902375892e+04 6.432283376466972413e+02
3.204198260202561505e+04 6.993874400313736714e+02
8.815079881344332534e+03 2.705685482669088060e+02
-1.441182283933694634e+04 -1.582503434975560594e+02
-3.403403723543599335e+04 -5.293560127828948225e+02
-1.312114431537721975e+04 -2.381385126846931826e+02
1.136802428504195268e+04 1.147654958372366991e+02
3.585719288546112512e+04 4.676695043591665808e+02
3.839137866868190758e+04 5.286179470412247383e+02
1.289650709688664938e+04 2.168382774684470178e+02
-1.259836447490860155e+04 -9.494139210433064591e+01
-3.453498962363091414e+04 -3.677164213234427734e+02
-1.420158432138433272e+04 -1.686449569517303075e+02
1.007197792686930916e+04 7.649932393056485580e+01
3.434554017512295104e+04 3.216436048128600760e+02
3.761361131050885160e+04 3.667727921520196901e+02
1.362299627072984003e+04 1.523437222767796584e+02
-1.036761876904918972e+04 -6.208534759846040174e+01
-3.124778794639798434e+04 -2.509398810301218532e+02
-1.331071230876556365e+04 -1.160511566885245429e+02
8.374341917668840324e+03 5.124209733155663571e+01
3.005939614410324430e+04 2.185353513516378712e+02
3.343246198514812568e+04 2.508706537816095192e+02
1.264984436115038989e+04 1.051804195471842149e+02
-8.132773262847338628e+03 -4.050981468724100409e+01
-2.638784829278153120e+04 -1.696297372790045586e+02
-1.151518670912822563e+04 -7.904434415725347662e+01
6.653453259474750666e+03 3.404214736208291470e+01
2.482209322807771969e+04 1.471286388814192776e+02
2.794684773032250087e+04 1.700070884737669701e+02
1.089854820607385409e+04 7.192132921948743274e+01
-6.149751318174781773e+03 -2.616443003479207619e+01
-2.124573448012779409e+04 -1.136296868462350602e+02
-9.445669492535711470e+03 -5.335315752761869135e+01
5.104494429493352072e+03 2.239996703653801546e+01
1.965465835152241198e+04 9.815309160069472227e+01
2.236193819697944127e+04 1.141613395999901286e+02
8.925112117855467659e+03 4.872594519952696146e+01
-4.511713961268500498e+03 -1.670944920093618435e+01
-1.649791801193623178e+04 -7.541322680270121737e+01
-7.449714854156147339e+03 -3.568247579713616346e+01
3.805302124930527498e+03 1.459300873799797671e+01
1.506031910401719688e+04 6.486849327313211688e+01
1.729729729133688670e+04 7.594589959143492308e+01
7.036531678196770372e+03 3.270023740934684042e+01
-3.224233934943342319e+03 -1.054542477274122803e+01
-1.244092032667339845e+04 -4.957353844819694189e+01
-5.694973711951837686e+03 -2.363959809162293624e+01
2.767523203220964206e+03 9.409427540508360721e+00
1.123002011839376428e+04 4.245845317263965057e+01
1.301184551237586311e+04 5.003822557630878975e+01
5.380806692659711189e+03 2.173259012788235367e+01
-2.250232127056440731e+03 -6.573045320544075309e+00
-9.150202949020358574e+03 -3.226800760199957097e+01
-4.241004099821508134e+03 -1.550924120012892615e+01
1.968842425372195066e+03 6.002763867870783088e+00
8.178688950565900996e+03 2.751476893587049943e+01
9.555768432617238432e+03 3.264252935065992745e+01
4.009758917858012865e+03 1.429935006007959686e+01
-1.536250596901214521e+03 -4.043829230500737282e+00
-6.582892720609073876e+03 -2.079127007241790892e+01
-3.086728030995845984e+03 -1.007337703419831243e+01
1.372557434323091002e+03 3.787469680746959000e+00
5.831842899642027987e+03 1.764831639569223043e+01
6.868784755927975311e+03 2.107733422730573736e+01
2.920885213754602773e+03 9.311789963510921808e+00
-1.027014328418769310e+03 -2.453754300283900847e+00
-4.641576757208237723e+03 -1.325673534422311128e+01
-2.200632131061227483e+03 -6.475239936547065867e+00
9.388252739146228123e+02 2.362583626268339287e+00
4.078282678890474017e+03 1.120040718908374799e+01
4.841181478245674953e+03 1.346654943202583965e+01
2.084244974542474665e+03 5.999611305970008246e+00
-6.726915291607265317e+02 -1.467326820085824934e+00
-3.211948094705747735e+03 -8.361641969204168134e+00
-1.539156339369147645e+03 -4.118014894136056370e+00
6.305719731299777777e+02 1.456413085333387869e+00
2.800300285629103655e+03 7.030841064802833884e+00
3.349758681234569849e+03 8.510538998397029431e+00
1.458986964528171029e+03 3.823311621861808618e+00
-4.317847521782282456e+02 -8.639157546734148596e-01
-2.183407214374203704e+03 -5.215436346334501039e+00
-1.057221962253277525e+03 -2.590111601787772777e+00
4.161153309070618889e+02 8.868459624352267312e-01
1.889452624067401985e+03 4.363803526658227128e+00
2.277374077445149851e+03 5.318155498255848990e+00
1.002902062742910402e+03 2.408953147150362462e+00
-2.715699519593290461e+02 -5.002492039551218461e-01
-1.458953643107939342e+03 -3.215656820653200576e+00
-7.136968339489496884e+02 -1.610594682107567177e+00
2.698721613132308903e+02 5.331765316612337990e-01
1.253441156575411242e+03 2.676947745430033443e+00
1.522162859211824980e+03 3.284750427030672881e+00
6.774337991604215858e+02 1.500118596743983179e+00
-1.672952608909813534e+02 -2.845132335427054127e-01
-9.586660429383958899e+02 -1.959092082515003552e+00
-3.150383947884834015e+02 -6.572901763616636472e-01
3.307332135843316792e+02 6.487712119816722023e-01
9.765048219571465324e+02 1.954832600325007164e+00
1.622276430329961386e+03 3.260893988668343013e+00
2.268048038702776466e+03 4.566955377011677975e+00
1.223742065874319451e+03 2.489723233674324021e+00
-3.038176082093714285e+02 -5.549136843334601110e-01
-1.831377282293061853e+03 -3.599550602341246019e+00
-3.358936956376752732e+03 -6.644187520349031928e+00
-4.886496630460443157e+03 -9.688824438356816060e+00
-2.914172134059987002e+03 -5.829924878754717099e+00
3.764342893373886909e+02 6.292914134831590900e-01
3.667040712734764384e+03 7.088507705721037055e+00
6.957647136132139167e+03 1.354772399795891324e+01
1.024825355952951577e+04 2.000694029019679121e+01
6.658612762689517695e+03 1.310023035021222171e+01
-2.415798739834972366e+02 -2.377298432523105021e-01
-7.141772510656508530e+03 -1.357569003671683561e+01
-1.404196514732952164e+04 -2.691365023018135716e+01
-2.094215778400253475e+04 -4.025161042364588582e+01
-1.474154815792909358e+04 -2.852632451205960251e+01
-6.432541598203388276e+02 -1.691917562962331090e+00
1.345503983828841592e+04 2.514248938613492612e+01
2.755333383639716340e+04 5.197689633523218333e+01
4.165162783450591814e+04 7.881130328432944054e+01
3.162220787858607946e+04 6.019206820226466448e+01
3.586497557748749387e+03 7.651199346045046923e+00
-2.444921276308860979e+04 -4.488966951017459905e+01
-5.248492308392593259e+04 -9.743053836639421661e+01
-8.052063340476326994e+04 -1.499714072226138342e+02
-6.568435072303505149e+04 -1.229886335634071344e+02
-2.127728288384003827e+04 -4.063979670784745224e+01
2.293044561896557207e+04 4.135262566775730164e+01
3.967030772739511303e+04 7.288159860345723473e+01
2.424274505414769374e+04 4.531318149161904074e+01
8.426458597687509609e+03 1.658936907588833165e+01
-7.889436255482460183e+03 -1.361941858519102766e+01
-1.555605829284068204e+04 -2.811185992462661432e+01
-1.025012809932939126e+04 -1.903224753449926254e+01
-4.367086741255211564e+03 -8.644672330946312044e+00
2.531041633248345534e+03 4.043492692053197501e+00
6.635289154657671133e+03 1.173347270149117350e+01
4.934180190672459503e+03 9.037810906789040644e+00
