4.000000000000000000e+00 4.000000000000000000e+00
3.890692632978317356e+00 4.250733643546823259e+00
3.764025435187719371e+00 4.541326762181059351e+00
3.663026238930337630e+00 4.773156831370275910e+00
3.531680338456153478e+00 5.074454659613797602e+00
3.407276202216063865e+00 5.360072895086378075e+00
3.265008673710531717e+00 5.686631514683401889e+00
3.144142085561575595e+00 5.962773231867100066e+00
2.990064667081326455e+00 6.302430606271007818e+00
2.772135457958971649e+00 6.757034773851081866e+00
2.627774727928664955e+00 7.040743805996213744e+00
2.446322141655703497e+00 7.377729224809087327e+00
2.305226351909644311e+00 7.624320840628151075e+00
2.175250293445894378e+00 7.839349713504504713e+00
1.956365035993560042e+00 8.175445343074075666e+00
1.771941648386049950e+00 8.432222829218451565e+00
1.601700219060279373e+00 8.648219766540995224e+00
1.372569734442647960e+00 8.907280791442687473e+00
1.205488490041288108e+00 9.072174754486526993e+00
9.668527568016568319e-01 9.272652958127769907e+00
7.250249213845612051e-01 9.421249338612094348e+00
4.779180091572829414e-01 9.502827031212746078e+00
1.978322011518219847e-01 9.520538239752140086e+00
-1.101724054004360603e-01 9.481584942405984151e+00
-5.021731754002466408e-01 9.395066168989345101e+00
-8.400019019409492582e-01 9.311099098457821910e+00
-1.190186582610956778e+00 9.223748205605515338e+00
-1.479945520535085102e+00 9.152086780880210881e+00
-1.741594023514835277e+00 9.086122972815790177e+00
-2.098155155761129542e+00 8.985447366145484338e+00
-2.350648208930156802e+00 8.893889365676940884e+00
-2.767226477509584726e+00 8.666056705381652847e+00
-3.167342007922426816e+00 8.366378115588103626e+00
-3.466486661208935338e+00 8.109306889638125071e+00
-3.988026635231851191e+00 7.601099175464171687e+00
-4.232845559384173839e+00 7.336046562038382568e+00
-4.544314956986310605e+00 6.972581694649176320e+00
-4.890765273058918616e+00 6.532013486776725664e+00
-5.171020730925221187e+00 6.146143464187227679e+00
-5.385342280242595869e+00 5.832372308788955628e+00
-5.615604753117031223e+00 5.476262455198585677e+00
-5.800698916932955918e+00 5.174949790757741752e+00
-6.041041181682657246e+00 4.763140680361053647e+00
-6.273387351792942823e+00 4.342006100115742839e+00
-6.457289519192721983e+00 3.992234928709614383e+00
-6.626236332975365961e+00 3.657665489935320036e+00
-6.755080454807823820e+00 3.393684559086285191e+00
-6.882776534090089271e+00 3.124913911740347050e+00
-6.982434685220540338e+00 2.909831279954009364e+00
-7.112299251096172448e+00 2.622465054092286696e+00
-7.220826278849724389e+00 2.376127231967413156e+00
-7.294864305244203706e+00 2.204839465892223682e+00
-7.371091515664423888e+00 2.025723145038923700e+00
-7.459408297855330439e+00 1.814708705244187037e+00
-7.527022112833888556e+00 1.650293832144321016e+00
-7.597286423480912987e+00 1.476944932388257747e+00
-7.656108747316475061e+00 1.329842133418046135e+00
-7.698670714600537757e+00 1.222339704151894413e+00
-7.738882860734217495e+00 1.119860249165946842e+00
-7.772383235191492545e+00 1.033756620404244098e+00
-7.809697966770524857e+00 9.370754275287644930e-01
-7.834684067506698213e+00 8.719648154525885264e-01
-7.854174175353174192e+00 8.208692441915397264e-01
-7.883837503750313225e+00 7.427208977363225495e-01
-7.910781168051856049e+00 6.713236169164753520e-01
-7.935944483128583471e+00 6.042841685089717085e-01
-7.959058972305557589e+00 5.423439203619458970e-01
-7.974211264893322770e+00 5.015552059334249524e-01
-7.987536104367375600e+00 4.655638955816354119e-01
-8.001089599884620540e+00 4.288292709018437510e-01
-8.019461715192786500e+00 3.788273989163291611e-01
-8.028230190949619427e+00 3.548973436049254193e-01
-8.040718156635342950e+00 3.207251348118658196e-01
-8.050014555022611873e+00 2.952106224858707662e-01
-8.065131425709676449e+00 2.535909964968015573e-01
-8.070938001189521316e+00 2.375674401283225656e-01
-8.080440230922761202e+00 2.113005147569906872e-01
-8.087816549673510380e+00 1.908692517881868389e-01
-8.093393923196549267e+00 1.753921797321369436e-01
-8.101109431182061726e+00 1.539520862304619986e-01
-8.106680780895180405e+00 1.384320836863252302e-01
-8.111471177076142069e+00 1.250858567194064463e-01
-8.116280353400050274e+00 1.116607368735217515e-01
-8.120254397164654137e+00 1.005604554177513543e-01
-8.122947702056043440e+00 9.303185080154452447e-02
-8.125967386415110738e+00 8.458678018966921119e-02
-8.128600243248721213e+00 7.722313561063223752e-02
-8.130788310140580677e+00 7.109928396763168235e-02
-8.132887870317533796e+00 6.521796941668978054e-02
-8.135455933682813168e+00 5.802538776264989234e-02
-8.137281089325369976e+00 5.290716531189614685e-02
-8.139052555980395454e+00 4.794206720516447362e-02
-8.140595666775093164e+00 4.361114896217971326e-02
-8.142328126044219516e+00 3.875480801886870691e-02
-8.143398582028343213e+00 3.575322966275319009e-02
-8.144870265045144109e+00 3.162633449305624761e-02
-8.145964203006037962e+00 2.855593752352616338e-02
-8.147130842546241425e+00 2.528278159677649350e-02
-8.147791194581840202e+00 2.343032107274612211e-02
-8.148611371634656209e+00 2.112875907786808394e-02
-8.149378314480063779e+00 1.897735572950896149e-02
-8.150034162831914841e+00 1.713867283749921991e-02
-8.150565771422666472e+00 1.564724454937137590e-02
-8.151047363501307430e+00 1.429658297714923171e-02
-8.151580992996676045e+00 1.279951879500436027e-02
-8.151988219607897435e+00 1.165736025063521079e-02
-8.152365865096795616e+00 1.059711599044982876e-02
-8.152781884091831799e+00 9.430516567923374893e-03
-8.153001058605397589e+00 8.815763121698952029e-03
-8.153215924958404415e+00 8.213361590350517355e-03
-8.153480427702412214e+00 7.471440955271289354e-03
-8.153658788151039616e+00 6.971030482964554222e-03
-8.153884693101684178e+00 6.337637540159634167e-03
-8.154124497552174944e+00 5.664955286068741776e-03
-8.154314456790526577e+00 5.132281420187197359e-03
-8.154451093730102684e+00 4.749254192001305108e-03
-8.154621732651218480e+00 4.270668868279735471e-03
-8.154776849003795292e+00 3.835449922900097813e-03
-8.154900823577907687e+00 3.487786304371733211e-03
-8.155020785873292155e+00 3.151521180519473078e-03
-8.155118048391782892e+00 2.878746458968697852e-03
-8.155185474966993198e+00 2.689504161648751356e-03
-8.155293179963132744e+00 2.387500356195339582e-03
-8.155383628670449525e+00 2.133816024751427221e-03
-8.155446422092014203e+00 1.957706903540424367e-03
-8.155520636232342468e+00 1.749521661551389816e-03
-8.155561584144029652e+00 1.634571071482166784e-03
-8.155613096574791498e+00 1.490189442686309755e-03
-8.155669178697964483e+00 1.332942075883844718e-03
-8.155708647835121283e+00 1.222328146495289163e-03
-8.155753810294395834e+00 1.095609418422555277e-03
-8.155799072127633664e+00 9.687510549252963078e-04
-8.155824617762165829e+00 8.971688081580732853e-04
-8.155846861048015484e+00 8.347700856923618217e-04
-8.155875957459439718e+00 7.532034494216982394e-04
-8.155905843609890127e+00 6.693968900675180064e-04
-8.155931561148445752e+00 5.972853504799143214e-04
-8.155944684606184936e+00 5.604893077902656662e-04
-8.155966228421155151e+00 5.000430133083140147e-04
-8.155988176286072644e+00 4.384964514350355911e-04
-8.156004243354958660e+00 3.933991351548072734e-04
-8.156017532569432404e+00 3.561286166431682117e-04
-8.156028717445083842e+00 3.247926573609362095e-04
-8.156043413332804803e+00 2.835791552323041736e-04
-8.156057098938854111e+00 2.452105000603696777e-04
-8.156064112262550125e+00 2.255382459909855645e-04
-8.156072333341780833e+00 2.024868216489249088e-04
-8.156079585007629973e+00 1.821524799901522390e-04
-8.156085320476263334e+00 1.660663101097320613e-04
-8.156090007289453325e+00 1.529316101803227218e-04
-8.156096832643269678e+00 1.337983433518512863e-04
-8.156101181648606868e+00 1.216190385252806377e-04
-8.156105857255543157e+00 1.085136963828151649e-04
-8.156108621582141893e+00 1.007568267804526086e-04
-8.156111898359322154e+00 9.156646810714528769e-05
-8.156115092320797899e+00 8.260251957879680932e-05
-8.156119590216693638e+00 6.999245950678748202e-05
-8.156121572535093733e+00 6.443321724315027887e-05
-8.156123697891699109e+00 5.846827438932522921e-05
-8.156125782918470790e+00 5.262544210137868418e-05
-8.156127640004084967e+00 4.741716643019539375e-05
-8.156129832810147917e+00 4.127126813505242205e-05
-8.156131592332297231e+00 3.633598866099737944e-05
-8.156132820823883023e+00 3.289284796802861523e-05
-8.156133940683986339e+00 2.975310360770412987e-05
-8.156134625015942774e+00 2.783471377112570197e-05
-8.156135795691286106e+00 2.455193607053680047e-05
-8.156136372264837675e+00 2.293569880244831013e-05
-8.156137248752198587e+00 2.047721946747765946e-05
-8.156138163900720883e+00 1.790929375935796514e-05
-8.156138926126732969e+00 1.577158813536594170e-05
-8.156139432978440240e+00 1.434893486595750013e-05
-8.156139860820131204e+00 1.314990514069386958e-05
-8.156140415770288143e+00 1.159444448525086132e-05
-8.156140690943752602e+00 1.082253579279650358e-05
-8.156141074991325013e+00 9.745860783759384394e-06
-8.156141516242973566e+00 8.508807363664571343e-06
-8.156141827776460573e+00 7.635472969858072840e-06
-8.156142181367489030e+00 6.644071333120114070e-06
-8.156142371974388183e+00 6.109434091092382077e-06
-8.156142604944738750e+00 5.455877497583106522e-06
-8.156142905284504252e+00 4.614112934430574923e-06
-8.156143112675010798e+00 4.032268416477347230e-06
-8.156143334717118165e+00 3.409687886604709145e-06
-8.156143479930342721e+00 3.002471347806567200e-06
-8.156143613741168252e+00 2.627420262394459911e-06
-8.156143747646897424e+00 2.251893197530853104e-06
-8.156143832316757880e+00 2.014199132038749585e-06
-8.156143925156946750e+00 1.753699748158286714e-06
-8.156144030611796936e+00 1.458008690297414685e-06
-8.156144113488695169e+00 1.225528939740491243e-06
-8.156144176370695220e+00 1.049253368625188550e-06
-8.156144253996114202e+00 8.315309560850702277e-07
-8.156144315374891818e+00 6.594983504024210580e-07
-8.156144382255767766e+00 4.719981270575170574e-07
-8.156144436748755666e+00 3.191347753877465201e-07
-8.156144475811595740e+00 2.095268600393567663e-07
-8.156144523221232845e+00 7.659200400066581074e-08
-8.156144560040978320e+00 -2.664100361083170641e-08
-8.156144589586476812e+00 -1.095668189566333520e-07
-8.156144627104270128e+00 -2.147848983940494426e-07
-8.156144665502242930e+00 -3.224956787681795016e-07
-8.156144729568126195e+00 -5.020617450476179300e-07
-8.156144781962725077e+00 -6.490289723878515282e-07
-8.156144855015634576e+00 -8.539488180470959258e-07
-8.156144899049431629e+00 -9.774213368714694796e-07
-8.156144952125854886e+00 -1.126321058265025455e-06
-8.156145019321792589e+00 -1.314695636375725537e-06
-8.156145121638855855e+00 -1.601694552469239722e-06
-8.156145210325222550e+00 -1.850397131812062313e-06
-8.156145305955382341e+00 -2.118662012990058259e-06
-8.156145429471626684e+00 -2.464947812998745135e-06
-8.156145580116625382e+00 -2.887448192880316674e-06
-8.156145721770464263e+00 -3.284575595120437024e-06
-8.156145850487575899e+00 -3.645504077925351247e-06
-8.156146017172991591e+00 -4.113006067680980114e-06
-8.156146190415825004e+00 -4.598623587884388386e-06
-8.156146439509578627e+00 -5.297618121074266035e-06
-8.156146710011267231e+00 -6.056539287717283861e-06
-8.156147061530754527e+00 -7.042488601393492928e-06
-8.156147347421299543e+00 -7.844356447047220288e-06
-8.156147698433475313e+00 -8.828295574033963552e-06
-8.156148023072205433e+00 -9.738705431701369050e-06
-8.156148401886527566e+00 -1.080084239390237208e-05
-8.156148837214463043e+00 -1.202092262853144615e-05
-8.156149296071781407e+00 -1.330867379313248809e-05
-8.156150007906770583e+00 -1.530420439391126864e-05
-8.156150436833105033e+00 -1.650687160500514795e-05
-8.156151045954667111e+00 -1.821544038394728329e-05
-8.156151653268556956e+00 -1.991942014195024596e-05
-8.156152317643901029e+00 -2.178281535476019222e-05
-8.156153319089627374e+00 -2.459364591088256956e-05
-8.156154115770570812e+00 -2.682665562827366674e-05
-8.156155097202969273e+00 -2.957807380666776164e-05
-8.156156216213297228e+00 -3.271747853091481632e-05
-8.156157400414352665e+00 -3.603740072274061489e-05
-8.156158976262712912e+00 -4.045424332633809188e-05
-8.156160941249448015e+00 -4.596751233528815583e-05
-8.156162266654632731e+00 -4.968529853137731506e-05
-8.156164369084143217e+00 -5.558536715801670801e-05
-8.156166173040301004e+00 -6.064200184044738384e-05
-8.156168742147647421e+00 -6.784359873235555865e-05
-8.156171899781606172e+00 -7.669556030914348021e-05
-8.156175655265096580e+00 -8.722802038144132533e-05
-8.156178551357811557e+00 -9.534472349101519935e-05
-8.156182411192522963e+00 -1.061645626241001361e-04
-8.156186245815076674e+00 -1.169325276113662157e-04
-8.156190496449752914e+00 -1.288539530331588273e-04
-8.156195642807759327e+00 -1.432874009628365810e-04
-8.156200244382974418e+00 -1.561941045498756631e-04
-8.156206090036137724e+00 -1.725863249262543230e-04
-8.156213350677090190e+00 -1.929500645761994505e-04
-8.156219495322551083e+00 -2.101882208579330578e-04
-8.156227646679090171e+00 -2.330338709297876288e-04
-8.156237846292919258e+00 -2.616383081316324237e-04
-8.156245513984414330e+00 -2.831425377709477888e-04
-8.156257495115850631e+00 -3.167556640270044422e-04
-8.156270089531677314e+00 -3.520647959413692059e-04
-8.156281635734693225e+00 -3.844318927585255456e-04
-8.156302054640326205e+00 -4.417156159614125401e-04
-8.156323479244290908e+00 -5.018302111654976156e-04
-8.156340778453710527e+00 -5.503140101420759709e-04
-8.156357598630169292e+00 -5.974551800311242227e-04
-8.156376154659774613e+00 -6.495015009677167737e-04
-8.156401293026597443e+00 -7.200008360736442816e-04
-8.156428495251097033e+00 -7.962537133810173662e-04
-8.156462871635632439e+00 -8.926516279046510733e-04
-8.156488712981772693e+00 -9.651099998248092266e-04
-8.156513839077618400e+00 -1.035560825027193087e-03
-8.156539306290865099e+00 -1.106908631224480001e-03
-8.156572583106401098e+00 -1.200234554885643836e-03
-8.156622013959452744e+00 -1.338851529073123263e-03
-8.156674277396350092e+00 -1.485420502080119767e-03
-8.156728558131069562e+00 -1.637655873987747856e-03
-8.156802221588455026e+00 -1.844350704092791908e-03
-8.156879593756547919e+00 -2.061188855969504734e-03
-8.156953474263865189e+00 -2.268386607212125473e-03
-8.157025290435159448e+00 -2.469688572569495554e-03
-8.157162324294040090e+00 -2.854090898771322656e-03
-8.157265227716754552e+00 -3.142768019338099041e-03
-8.157377881759385829e+00 -3.458695915867714479e-03
-8.157563089145789093e+00 -3.978197856776449423e-03
-8.157728182577063336e+00 -4.441124076730542346e-03
-8.157909506681439993e+00 -4.949959313714985716e-03
-8.158102267445565658e+00 -5.490189653511812727e-03
-8.158287615631133249e+00 -6.009784831479518703e-03
-8.158519224773314704e+00 -6.658649411158254136e-03
-8.158733273487971616e+00 -7.258208274006464587e-03
-8.158917131754781948e+00 -7.773461342391029330e-03
-8.159135905339621075e+00 -8.386779918615614587e-03
-8.159351507607857101e+00 -8.991546990139015483e-03
-8.159719713526980556e+00 -1.002373117833949695e-02
-8.160106985690605441e+00 -1.110928393950750236e-02
-8.160528092852507243e+00 -1.229026522763242146e-02
-8.161056186233610177e+00 -1.376945981621427624e-02
-8.161648267285592340e+00 -1.542868768365749516e-02
-8.162198408717873832e+00 -1.696973468906995408e-02
-8.162945486662236405e+00 -1.906266796346290857e-02
-8.163484071278988452e+00 -2.057098441201221997e-02
-8.164384145081683641e+00 -2.309223854552260036e-02
-8.165362378020748935e+00 -2.583121177661922355e-02
-8.166313144491846643e+00 -2.849191854798158174e-02
-8.167326412388039358e+00 -3.132600143188742081e-02
-8.168901420699985039e+00 -3.572799684974940770e-02
-8.170125254635383527e+00 -3.914577323174137785e-02
-8.171389274769873978e+00 -4.267445939188672932e-02
-8.172674028029311089e+00 -4.626064085866266745e-02
-8.174946572325239913e+00 -5.258955048520931597e-02
-8.176569349606621628e+00 -5.711024295198564166e-02
-8.178433694922706110e+00 -6.229285709501682089e-02
-8.181381179301173034e+00 -7.047705610723831171e-02
-8.183195084914094863e+00 -7.549553691052482418e-02
-8.185331873581034756e+00 -8.139742787824423564e-02
-8.188147877622032667e+00 -8.914984295475054943e-02
-8.191096191025167172e+00 -9.723648229233150531e-02
-8.194784948162403992e+00 -1.073036963108579267e-01
-8.197984158908353081e+00 -1.159794969131736631e-01
-8.202122448150134915e+00 -1.271008510418149551e-01
-8.205922088795661651e+00 -1.372148879777877750e-01
-8.211810093460693238e+00 -1.526605839573670631e-01
-8.217853810701068795e+00 -1.681598561260272684e-01
-8.223211164388247951e+00 -1.815513579845360881e-01
-8.230040622344592549e+00 -1.980779959938085144e-01
-8.235127506522447405e+00 -2.099043509067808344e-01
-8.242387556917378788e+00 -2.260095058973355941e-01
-8.252120611150488116e+00 -2.459754267462823663e-01
-8.263218930720794830e+00 -2.661324153076745636e-01
-8.270435540934816032e+00 -2.776583548130823198e-01
-8.282531065809047632e+00 -2.940653033915697212e-01
-8.291822983724747687e+00 -3.042313781062429001e-01
-8.299924653931345375e+00 -3.114517540401914308e-01
-8.308109984049380614e+00 -3.173144425894534604e-01
-8.321110929873629658e+00 -3.240923626512425826e-01
-8.334189176996318338e+00 -3.283971627907948942e-01
-8.344770533471585594e+00 -3.305308369916720723e-01
-8.354480775828434957e+00 -3.317454321457435906e-01
-8.366289704735256905e+00 -3.325852717316343798e-01
-8.377810242305795185e+00 -3.329666072568833735e-01
-8.389134447680477891e+00 -3.330798010416077815e-01
-8.403111864743099346e+00 -3.330841265922588890e-01
-8.409318203240847112e+00 -3.330589374352312948e-01
-8.417842773465405770e+00 -3.330080185708645946e-01
-8.429759300897462282e+00 -3.329155387913839692e-01
-8.440573529158262645e+00 -3.327937391908957210e-01
-8.455288077249061729e+00 -3.326849568884110986e-01
-8.466744218244992126e+00 -3.325613566632174556e-01
-8.478107747200363420e+00 -3.324542649729450572e-01
-8.494355381693726059e+00 -3.322864986521771868e-01
-8.507746523029386054e+00 -3.321484857514118150e-01
-8.520757597061800581e+00 -3.320298402347105493e-01
-8.530110934681408352e+00 -3.319499903480446212e-01
-8.547396076433466661e+00 -3.317711655956466221e-01
-8.556205135690586161e+00 -3.316885439757816800e-01
-8.567494728917244728e+00 -3.315738955316649417e-01
-8.577289929750781639e+00 -3.314813150254333207e-01
-8.587945316845162935e+00 -3.313595115502063759e-01
-8.595942442376070858e+00 -3.312857694404293674e-01
-8.605684564480046816e+00 -3.311987371919842271e-01
-8.615335137763947770e+00 -3.311044943241780447e-01
-8.624093195481369989e+00 -3.310180871131263580e-01
-8.632348951085782929e+00 -3.309400851080776529e-01
-8.641400261811334360e+00 -3.308386769359207280e-01
-8.653068008413860923e+00 -3.307528902002535576e-01
-8.664384420339587223e+00 -3.306301579757500164e-01
-8.674667480167064681e+00 -3.305458907410602221e-01
-8.688275893568198072e+00 -3.303714075738261591e-01
-8.700024800706030348e+00 -3.302377808177598406e-01
-8.709221668970812402e+00 -3.301521072049037331e-01
-8.717138569428914963e+00 -3.300749837717591451e-01
-8.727411261870214432e+00 -3.299807990365239974e-01
-8.735815732460856964e+00 -3.298875642731497471e-01
-8.750871671734484991e+00 -3.297591738697267516e-01
-8.761549068475879665e+00 -3.296557170160790973e-01
-8.776536820484350798e+00 -3.295130894019014378e-01
-8.787495783140126804e+00 -3.294025599001072502e-01
-8.797024954440320954e+00 -3.293126612754930238e-01
-8.805026444812598996e+00 -3.292370293727432951e-01
-8.814715169130600714e+00 -3.291277609875557508e-01
-8.821311552383402699e+00 -3.290543062482303438e-01
-8.829271648472971634e+00 -3.289754036331509202e-01
-8.838727744072189196e+00 -3.288901366089672651e-01
-8.847558970747497753e+00 -3.287922211309470821e-01
-8.856255326661313987e+00 -3.286834421811279383e-01
-8.867094392417952164e+00 -3.285834248491423804e-01
-8.878906457528055185e+00 -3.284510196214673328e-01
-8.888310026582553647e+00 -3.283568081213779632e-01
-8.898922553429112980e+00 -3.282285957301687707e-01
-8.910430451319122369e+00 -3.281022657706526013e-01
-8.920543975686417326e+00 -3.279938084134481069e-01
-8.931417921437653007e+00 -3.278853360189764032e-01
-8.939867174231761027e+00 -3.277931381376050224e-01
-8.949807983884502605e+00 -3.276846724899701857e-01
-8.960983734780100463e+00 -3.275659600208839506e-01
-8.968389982328842436e+00 -3.274724268543712791e-01
-8.977392976736663144e+00 -3.273681796033924840e-01
-8.987504624421944754e+00 -3.272857168190856925e-01
-8.995650561465474482e+00 -3.272115625167424935e-01
-9.004244309354703546e+00 -3.271059462223049330e-01
-9.013271753159772359e+00 -3.270144634247229565e-01
-9.023591912108306801e+00 -3.269028543793968677e-01
-9.033059257962264610e+00 -3.267855640512289939e-01
-9.040993405434839758e+00 -3.267101923376005690e-01
-9.049067649534638491e+00 -3.265985922078605830e-01
-9.059592093248065581e+00 -3.264913904281986912e-01
-9.070664687315479924e+00 -3.263575855774728529e-01
-9.078953353169762153e+00 -3.262677726863050243e-01
-9.087364157859203928e+00 -3.261747543808465877e-01
-9.096104769060035622e+00 -3.260751407928461076e-01
-9.105809863728124398e+00 -3.259694096413359721e-01
-9.113670100707206956e+00 -3.258928718083888842e-01
-9.123757766003576464e+00 -3.257800514126787950e-01
-9.130726559064253678e+00 -3.256930415003458368e-01
-9.138574610516457142e+00 -3.256073503628670318e-01
-9.147035925472552620e+00 -3.255236816582093295e-01
-9.159376558039863170e+00 -3.253777545266122728e-01
-9.168953763188589789e+00 -3.252703006291606247e-01
-9.177252069724628925e+00 -3.251816577043880607e-01
-9.188768175598214683e+00 -3.250450932062267095e-01
-9.197838859211636020e+00 -3.249483101502931848e-01
-9.207934142237904851e+00 -3.248543402221399368e-01
-9.215486622811589257e+00 -3.247807525092448189e-01
-9.222463528245526732e+00 -3.246848687100905573e-01
-9.234325309232897183e+00 -3.245367684966541932e-01
-9.247799364348272988e+00 -3.243690185875783838e-01
-9.255453371438953525e+00 -3.242948423632083799e-01
-9.261439401535929150e+00 -3.242358006305066653e-01
-9.273701444994868481e+00 -3.241156603978828099e-01
-9.288076418500637033e+00 -3.239610881211801297e-01
-9.295831731366467565e+00 -3.238636563610796104e-01
-9.303417416695427988e+00 -3.237765457780480416e-01
-9.309738719618890102e+00 -3.236962642213547237e-01
-9.319835107402433039e+00 -3.235942970472728830e-01
-9.328911599982436798e+00 -3.234800069284033408e-01
-9.339357428066936251e+00 -3.233650190388845380e-01
-9.350375363405701634e+00 -3.232265963763857330e-01
-9.358298840128547624e+00 -3.231360408605486456e-01
-9.366341226752389559e+00 -3.230159240970941203e-01
-9.376824234271611047e+00 -3.228881059502808348e-01
-9.388282847530764030e+00 -3.227390342519740885e-01
-9.399241621080708597e+00 -3.226006823289178649e-01
-9.407437341530673791e+00 -3.225111793618379297e-01
-9.414658897243059599e+00 -3.224386740491372305e-01
-9.424768660035937273e+00 -3.223231959199698293e-01
-9.432691118980397249e+00 -3.222171462356163141e-01
-9.442568535408984332e+00 -3.220722416439705804e-01
-9.452525412246060910e+00 -3.219794448257599084e-01
-9.460757812864159177e+00 -3.218817298451576159e-01
-9.470752437033070237e+00 -3.217581897940098301e-01
-9.476565896863148097e+00 -3.216904247005561435e-01
-9.487589187989701855e+00 -3.215719426016234173e-01
-9.496264819255360479e+00 -3.214875544308180011e-01
-9.505913015671664468e+00 -3.213610330514672375e-01
-9.513782513053216761e+00 -3.212609933349918068e-01
-9.521490456123721913e+00 -3.211632092146021189e-01
-9.530066321547939978e+00 -3.210682017441448544e-01
-9.538634931543972684e+00 -3.209700475207175607e-01
-9.548049818989637672e+00 -3.208466831921336637e-01
-9.555697293849567231e+00 -3.207506059805752541e-01
-9.564426376241179639e+00 -3.206109312089808205e-01
-9.572212046520622408e+00 -3.205269925729521963e-01
-9.581174455281493252e+00 -3.204071838634759417e-01
-9.589058477564634586e+00 -3.203116010034614547e-01
-9.596392141918785867e+00 -3.202234997783521275e-01
-9.606093873236481784e+00 -3.200903544602651807e-01
-9.614569074482213651e+00 -3.199864500427160863e-01
-9.622999229318384806e+00 -3.198776238430706687e-01
-9.631117860134509101e+00 -3.197786263532182982e-01
-9.637981117676309495e+00 -3.196821253857493605e-01
-9.648144217063727268e+00 -3.195814052762970814e-01
-9.654741690170030921e+00 -3.195006751034507597e-01
-9.663502046697731274e+00 -3.193854902471665591e-01
-9.671180373463290181e+00 -3.192636410443219219e-01
-9.678352764086692872e+00 -3.191635627653900409e-01
-9.686065187794460130e+00 -3.190862968856998383e-01
-9.695117032307679850e+00 -3.189963487720611779e-01
-9.701355728314291937e+00 -3.189020412765569135e-01
-9.707758284242649083e+00 -3.188068488150811453e-01
-9.716549271598124093e+00 -3.186931476701986288e-01
-9.723375026272407240e+00 -3.186018304850535277e-01
-9.729550538712000929e+00 -3.184944016230563113e-01
-9.734837035536978433e+00 -3.184390572835094635e-01
-9.741284767422348168e+00 -3.183425972563808104e-01
-9.746083811168610112e+00 -3.182767458966690999e-01
-9.753789714539374600e+00 -3.181679961578782745e-01
-9.762867265681393292e+00 -3.180477612182799341e-01
-9.768214995499896247e+00 -3.179687909253099409e-01
-9.774226244506948547e+00 -3.178930696684426072e-01
-9.781077597757798614e+00 -3.178067103283284123e-01
-9.787695752810511962e+00 -3.177081133194860074e-01
-9.793779612261328538e+00 -3.176127543459936198e-01
-9.800614382880285191e+00 -3.175360393128908165e-01
-9.809601055055095387e+00 -3.174075953495372193e-01
-9.816379116780192149e+00 -3.173141186115380208e-01
-9.824458811562616134e+00 -3.171963364802320440e-01
-9.832699089398097669e+00 -3.170919820264264666e-01
-9.839343522154200272e+00 -3.170034587348963817e-01
-9.846101798739026023e+00 -3.169203019699116108e-01
-9.852996679151203807e+00 -3.168187036166144610e-01
-9.858738661242391288e+00 -3.167240675619973911e-01
-9.865342268166482853e+00 -3.166370556331935537e-01
-9.871746964610538910e+00 -3.165591531542683579e-01
-9.878993698550436520e+00 -3.164509462648361637e-01
-9.888633219464731283e+00 -3.163199706571065417e-01
-9.894789562261202320e+00 -3.162450263984435961e-01
-9.902142319549817273e+00 -3.161264679980597680e-01
-9.907887844884934125e+00 -3.160334157365302654e-01
-9.916471324446183289e+00 -3.159470113732151808e-01
-9.923365142724192012e+00 -3.158345493468903697e-01
-9.931165732704235083e+00 -3.157296118569597465e-01
-9.935594291320718696e+00 -3.156584248887659983e-01
-9.941177545178998542e+00 -3.155748125418123551e-01
-9.945494854837322762e+00 -3.154975762598427602e-01
-9.949995138365542502e+00 -3.154365218229369661e-01
-9.955067138145130556e+00 -3.153581989874917890e-01
-9.961584425921008901e+00 -3.153038520224777930e-01
-9.966546438563810284e+00 -3.152281474021877972e-01
-9.972606742041195460e+00 -3.151520764539777475e-01
-9.975751615942037631e+00 -3.151028544594074443e-01
-9.980413502862704789e+00 -3.150234438556338001e-01
-9.983919034979317431e+00 -3.149710803691329053e-01
-9.989012655754239134e+00 -3.148844353517450401e-01
-9.997875916612011693e+00 -3.147405010799972924e-01
-1.000450006255151436e+01 -3.146284066764831744e-01
-1.001357557759953920e+01 -3.144870825933877012e-01
-1.001875935106385462e+01 -3.143948494089656709e-01
-1.002622592896786280e+01 -3.142750350529592840e-01
-1.003047733584615031e+01 -3.142073210489839119e-01
-1.003602035648661683e+01 -3.141109033699335806e-01
-1.004108331443840640e+01 -3.140351545875657568e-01
-1.004666827430613552e+01 -3.139312271946002597e-01
-1.005492301461094229e+01 -3.137988833427765578e-01
-1.005992399498844314e+01 -3.136997455915078725e-01
-1.006674807338123934e+01 -3.135672585255884215e-01
-1.007272815095834240e+01 -3.135015466566386522e-01
-1.007849737213538965e+01 -3.133934333349797097e-01
-1.008336373449073342e+01 -3.133155405247392555e-01
-1.008859595411957599e+01 -3.132347378646374580e-01
-1.009627023699148474e+01 -3.131028322140558817e-01
-1.010145841273684475e+01 -3.130214554828413820e-01
-1.010796553405353748e+01 -3.129036292714852396e-01
-1.011455585104968335e+01 -3.127954377206916825e-01
-1.011863961299953729e+01 -3.127316690914145880e-01
-1.012243852504192354e+01 -3.126603722999498625e-01
-1.012779567656681756e+01 -3.125399982781286168e-01
-1.013415642369866809e+01 -3.124432508408565012e-01
-1.014066048887799099e+01 -3.123154145441793816e-01
-1.014678761206097946e+01 -3.122140590337217358e-01
-1.015346107493926375e+01 -3.120833994881321849e-01
-1.015815456509566594e+01 -3.120048982343918698e-01
-1.016282853372614525e+01 -3.119178393485023681e-01
-1.017161937420405948e+01 -3.117808187505757833e-01
-1.017550313157212116e+01 -3.117141445363292296e-01
-1.018032269113636623e+01 -3.116037643768857501e-01
-1.018446850621060840e+01 -3.115359003537268578e-01
-1.018863191277475266e+01 -3.114433642095045252e-01
-1.019233031635972964e+01 -3.113791014341187879e-01
-1.019802689762352621e+01 -3.112595816341433008e-01
-1.020383715004756375e+01 -3.111505963219323712e-01
-1.020915732441584112e+01 -3.110363055298080437e-01
-1.021379548521513492e+01 -3.109285532977968947e-01
-1.021851865677497351e+01 -3.108479604576779298e-01
-1.022208804358844780e+01 -3.107760401990677379e-01
-1.022835824648726266e+01 -3.106536864757285521e-01
-1.023320441555921256e+01 -3.105734124416449360e-01
-1.023820245034132270e+01 -3.104673100801002006e-01
-1.024411601037440178e+01 -3.103410631538863207e-01
-1.024903489641314280e+01 -3.102311729125009632e-01
-1.025419048050992110e+01 -3.101356844610811958e-01
-1.025820372570267480e+01 -3.100424376320896069e-01
-1.026389382442263987e+01 -3.099126406850139515e-01
-1.026842752881031018e+01 -3.098121267587812810e-01
-1.027311056668527378e+01 -3.097205914781487324e-01
-1.027713032402995630e+01 -3.096317696102571237e-01
-1.028067810551648265e+01 -3.095505061855900464e-01
-1.028436556982616068e+01 -3.094762032774607818e-01
-1.028812787388675964e+01 -3.094037215042786393e-01
-1.029178596526993417e+01 -3.093157747747748987e-01
-1.029620214374262943e+01 -3.092036216952004923e-01
-1.030018618849410039e+01 -3.091165273353308485e-01
-1.030507807336824477e+01 -3.089878903746367533e-01
-1.030858545700214890e+01 -3.089221870652849034e-01
-1.031306137374499521e+01 -3.088079101725516029e-01
-1.031593605692980198e+01 -3.087554978612474521e-01
-1.031914661175703429e+01 -3.086758582062509859e-01
-1.032255701051304797e+01 -3.085777933666722928e-01
-1.032524881410821749e+01 -3.085027218022242668e-01
-1.032971306348164298e+01 -3.084063692279206403e-01
-1.033372757197617631e+01 -3.083015317957368828e-01
-1.033752369509482882e+01 -3.082022974785382785e-01
-1.034052662534024059e+01 -3.081291868238453246e-01
-1.034271344501364887e+01 -3.080806303927196010e-01
-1.034584514608759243e+01 -3.080182883767967339e-01
-1.035080328279891937e+01 -3.078875037171240336e-01
-1.035360549602805236e+01 -3.078100000120690960e-01
-1.035748180880610292e+01 -3.077098644988253140e-01
-1.036101825251025765e+01 -3.076307527907595207e-01
-1.036444692347712859e+01 -3.075483031137785650e-01
-1.036786412795684953e+01 -3.074438247947355873e-01
-1.037120612313473877e+01 -3.073594919628742095e-01
-1.037438391637883228e+01 -3.072667227597663531e-01
-1.037774466914585680e+01 -3.071694168080928433e-01
-1.038078545659228347e+01 -3.070846060788872678e-01
-1.038429345722196828e+01 -3.069812344878019572e-01
-1.038749426048649305e+01 -3.068943376644420185e-01
-1.039087597618266834e+01 -3.067743719268745117e-01
-1.039419749232070345e+01 -3.066458534768267130e-01
-1.039744271434642897e+01 -3.065447648148248994e-01
-1.040146332205456403e+01 -3.064418471453797532e-01
-1.040479440016727608e+01 -3.063407213377025151e-01
-1.040799093116769036e+01 -3.062431939559597249e-01
-1.041120578229183735e+01 -3.061522856887063382e-01
-1.041428329578369194e+01 -3.060568081401708884e-01
-1.041751415706437989e+01 -3.059493968634975358e-01
-1.042047544254491065e+01 -3.058605776196416937e-01
-1.042308983681989787e+01 -3.057702386134689698e-01
-1.042571105391724373e+01 -3.056909595345220221e-01
-1.042848599711621915e+01 -3.056000266877049176e-01
-1.043140478116654712e+01 -3.055153032655166245e-01
-1.043368210316671352e+01 -3.054353490914382685e-01
-1.043657123624099725e+01 -3.053466644756068216e-01
-1.043890090786553948e+01 -3.052542359689698892e-01
-1.044192629461659649e+01 -3.051284800997904334e-01
-1.044406918344580149e+01 -3.050589375616337695e-01
-1.044617992254069172e+01 -3.049825848635870362e-01
-1.044912840196772663e+01 -3.048717403576957641e-01
-1.045174129061315327e+01 -3.047778764458621836e-01
-1.045349367504091198e+01 -3.047250911123560724e-01
-1.045589251287866794e+01 -3.046289644429620025e-01
-1.045791134766728803e+01 -3.045545083365855388e-01
-1.045995637262778111e+01 -3.044800451910746886e-01
-1.046152247226519982e+01 -3.044029544281168231e-01
-1.046342800880355206e+01 -3.043137910535865243e-01
-1.046569635498221196e+01 -3.042237114926477637e-01
-1.046759349538337069e+01 -3.041580112711102513e-01
-1.046939922231664433e+01 -3.040664760198489303e-01
-1.047131172559615209e+01 -3.040129047580383270e-01
-1.047368534865840140e+01 -3.039137768268214135e-01
-1.047554457567416542e+01 -3.038338441432280046e-01
-1.047758160804509409e+01 -3.037329503600066927e-01
-1.047969020512218030e+01 -3.036449968341548566e-01
-1.048155762688924142e+01 -3.035606344312919425e-01
-1.048303391122711226e+01 -3.034734466455423219e-01
-1.048460796580188337e+01 -3.034091850167448534e-01
-1.048592456220173830e+01 -3.033291910580929174e-01
-1.048801193635495643e+01 -3.032348915445169379e-01
-1.048945487783035979e+01 -3.031615731252804147e-01
-1.049087624305889399e+01 -3.031024875622718162e-01
-1.049233903076323671e+01 -3.030052811755789000e-01
-1.049435573217085604e+01 -3.028716980792109381e-01
-1.049623059245156398e+01 -3.027673058546958007e-01
-1.049780616911341014e+01 -3.026670616402433733e-01
-1.049933784819125648e+01 -3.025924698488403619e-01
-1.050068525530110897e+01 -3.024941603050100292e-01
-1.050221419413330537e+01 -3.023986309840981379e-01
-1.050320279303933013e+01 -3.023327894085988121e-01
-1.050457427553122436e+01 -3.022285808732089740e-01
-1.050552671868752341e+01 -3.021673085210757614e-01
-1.050693143493040793e+01 -3.020872817348364547e-01
-1.050810504604491591e+01 -3.019972172595992155e-01
-1.050917580708565957e+01 -3.019163530974692811e-01
-1.050996647849973797e+01 -3.018577157942446409e-01
-1.051115739660284021e+01 -3.017460835208231607e-01
-1.051224027820791918e+01 -3.016387211656926803e-01
-1.051307183729008798e+01 -3.015615332970333351e-01
-1.051379554618936218e+01 -3.014935666567842287e-01
-1.051461777886450832e+01 -3.014171229265807384e-01
-1.051578068067559535e+01 -3.012766474328681388e-01
-1.051659927586172749e+01 -3.011866582386499847e-01
-1.051758151139321917e+01 -3.010678809211307927e-01
-1.051831628447364686e+01 -3.009694874649611607e-01
-1.051898070342411806e+01 -3.008685269544958407e-01
-1.051962635950593317e+01 -3.007932474783613364e-01
-1.052019633875283411e+01 -3.007112645265634376e-01
-1.052088084511300536e+01 -3.005956741459140380e-01
-1.052139364353735829e+01 -3.005225311831172252e-01
-1.052197635969762857e+01 -3.004258147150732916e-01
-1.052252098293274862e+01 -3.003052995907026235e-01
-1.052289290225311014e+01 -3.002286631913274051e-01
-1.052328196828820950e+01 -3.001497219964311403e-01
-1.052359820499996168e+01 -3.000547812263704150e-01
-1.052388022480746699e+01 -2.999690660142521614e-01
-1.052420794271125004e+01 -2.998643159681204096e-01
-1.052442320341596904e+01 -2.997771308215305686e-01
-1.052455268076321993e+01 -2.997184642198598148e-01
-1.052470926966700659e+01 -2.996111892408284127e-01
-1.052478043843481537e+01 -2.995480457900411841e-01
-1.052482533792345087e+01 -2.994623389725089013e-01
-1.052483332431583030e+01 -2.993840702632782347e-01
-1.052480459251684231e+01 -2.993139216797452984e-01
-1.052474332986706074e+01 -2.992520188428446914e-01
-1.052465620760247944e+01 -2.991847599753232334e-01
-1.052451000214857224e+01 -2.991041411897748525e-01
-1.052434549248815721e+01 -2.990418084641875418e-01
-1.052418965913707716e+01 -2.989694697275004365e-01
-1.052388898620127122e+01 -2.988445428310851915e-01
-1.052358149860616798e+01 -2.987425466833500409e-01
-1.052319282634997677e+01 -2.986241085247533511e-01
-1.052273021129513531e+01 -2.985130708992224102e-01
-1.052240230951069755e+01 -2.984416312333914023e-01
-1.052207334722149312e+01 -2.983728909150077935e-01
-1.052171575298977402e+01 -2.982856044625937786e-01
-1.052128644299951965e+01 -2.982025440546511863e-01
-1.052064523577646504e+01 -2.981217219057206713e-01
-1.052012392814685349e+01 -2.980420035775133702e-01
-1.051952106753151917e+01 -2.979728774824592086e-01
-1.051876664940620820e+01 -2.978743452250680601e-01
-1.051787493185264566e+01 -2.977964064041598302e-01
-1.051712032228478400e+01 -2.977230476837391948e-01
-1.051647093363851226e+01 -2.976571714462308837e-01
-1.051585610973318019e+01 -2.975927250327202733e-01
-1.051516346481458264e+01 -2.975134404619036443e-01
-1.051416984945649347e+01 -2.973988485615511879e-01
-1.051326460347478964e+01 -2.973194577705398078e-01
-1.051212058451501719e+01 -2.972145217849550547e-01
-1.051136166747724410e+01 -2.971445082726007492e-01
-1.051058713991678850e+01 -2.970926621486165708e-01
-1.050939527326295142e+01 -2.969850467150635942e-01
-1.050798411781528152e+01 -2.968886824224868382e-01
-1.050693227732733348e+01 -2.968166100190438583e-01
-1.050536896525774999e+01 -2.967074986938654235e-01
-1.050379429750690008e+01 -2.966083416310185128e-01
-1.050232544701720627e+01 -2.964985731726023643e-01
-1.050124472889525151e+01 -2.964276691029730793e-01
-1.049982422066691079e+01 -2.963264856801969827e-01
-1.049843274772616120e+01 -2.962528324765225096e-01
-1.049738029160925912e+01 -2.961862012345543582e-01
-1.049605121417648057e+01 -2.961210580539895831e-01
-1.049429600726898393e+01 -2.960276178187888907e-01
-1.049262080616781923e+01 -2.959332904336624548e-01
-1.049085803792251426e+01 -2.958523594839378434e-01
-1.048916775452825867e+01 -2.957655611153008346e-01
-1.048732398180333192e+01 -2.956742247297778903e-01
-1.048611180562591727e+01 -2.956191946695154726e-01
-1.048420917821706055e+01 -2.955270425296376291e-01
-1.048225226443675417e+01 -2.954630787566115968e-01
-1.048061523190029654e+01 -2.953979155946374058e-01
-1.047859286340512597e+01 -2.952966112090034123e-01
-1.047659261982791534e+01 -2.952300148018451864e-01
-1.047436009059648221e+01 -2.951539971564162701e-01
-1.047227909469215490e+01 -2.950471344921243300e-01
-1.047026748113700023e+01 -2.949567225228209022e-01
-1.046816059249931641e+01 -2.948722884608868111e-01
-1.046594373318705173e+01 -2.947856812198436649e-01
-1.046413907741459859e+01 -2.947111648642710691e-01
-1.046113357468500915e+01 -2.946014067071605069e-01
-1.045830217347136859e+01 -2.944876770186035109e-01
-1.045573152972204412e+01 -2.943853572413370756e-01
-1.045343525524899242e+01 -2.942975877399796047e-01
-1.045130896722032610e+01 -2.942235470214127346e-01
-1.044842446907653866e+01 -2.941503425428170226e-01
-1.044597639045765369e+01 -2.940292466921047843e-01
-1.044377859922782292e+01 -2.939556872666208021e-01
-1.044100868073757660e+01 -2.938534780071149766e-01
-1.043913602075379465e+01 -2.937928165960174698e-01
-1.043669538375641359e+01 -2.937349328163905149e-01
-1.043300991909391229e+01 -2.936156029516335808e-01
-1.043053168981864864e+01 -2.935249205038313880e-01
-1.042784807576097883e+01 -2.934653445518621284e-01
-1.042525312247360603e+01 -2.933951137795155484e-01
-1.042278850379438460e+01 -2.933184302853442116e-01
-1.041949687245035427e+01 -2.932176192180713792e-01
-1.041610374828681707e+01 -2.931188922310904998e-01
-1.041262727135893229e+01 -2.930293530339029839e-01
-1.040803687460080873e+01 -2.928984236788290119e-01
-1.040574068154982079e+01 -2.928342913977498019e-01
-1.040238879180512477e+01 -2.927531412095791818e-01
-1.040029566155052976e+01 -2.926846754702195907e-01
-1.039721362522302428e+01 -2.926142859321145817e-01
-1.039279940989770523e+01 -2.925165213150347499e-01
-1.038953970953357420e+01 -2.924103582530985790e-01
-1.038666339771300073e+01 -2.923335066641659652e-01
-1.038293968103962506e+01 -2.922309135149959713e-01
-1.037938314295603170e+01 -2.921551938592690245e-01
-1.037630815082003721e+01 -2.920817358884258974e-01
-1.037304587434235792e+01 -2.919919487417108606e-01
-1.037021300350071762e+01 -2.919138003692990369e-01
-1.036594387862631450e+01 -2.918211062149916324e-01
-1.036226329325946161e+01 -2.917221382968420151e-01
-1.035893388750952937e+01 -2.916397150475342759e-01
-1.035467115579834285e+01 -2.915426260889792953e-01
-1.035260148349814990e+01 -2.914841291826293923e-01
-1.034989905210639982e+01 -2.914008743178785332e-01
-1.034718391694525508e+01 -2.913370492655374400e-01
-1.034378320928560946e+01 -2.912543345602958134e-01
-1.034146401079979505e+01 -2.911979658533069837e-01
-1.033709774903236855e+01 -2.910813600802695800e-01
-1.033377849920853286e+01 -2.909984097553463545e-01
-1.033164293419785729e+01 -2.909460877070482732e-01
-1.032851103127016579e+01 -2.908612957359172357e-01
-1.032482829944062352e+01 -2.907778417853239539e-01
-1.032105042793823735e+01 -2.906755993817322081e-01
-1.031814936225694979e+01 -2.906113827223455459e-01
-1.031428015835525436e+01 -2.905061060073751422e-01
-1.031075175414529710e+01 -2.904144926752377232e-01
-1.030727594431711758e+01 -2.903407782176837815e-01
-1.030375235587059812e+01 -2.902563946574984732e-01
-1.030061846312841034e+01 -2.901883763213298772e-01
-1.029712350639326601e+01 -2.901008305600016324e-01
-1.029261014893600468e+01 -2.899847007405139676e-01
-1.028894863134110160e+01 -2.899078783337024068e-01
-1.028570377374348865e+01 -2.898262186075667990e-01
-1.028278848978903071e+01 -2.897433046182900651e-01
-1.027887701651272145e+01 -2.896512004595903078e-01
-1.027648204369523555e+01 -2.895933380959623826e-01
-1.027376017379119411e+01 -2.895243934136258468e-01
-1.027051646321404554e+01 -2.894341001305356653e-01
-1.026737537945481016e+01 -2.893365926635608210e-01
-1.026302911886588376e+01 -2.892208401737898504e-01
-1.025937848225569304e+01 -2.891510724572908253e-01
-1.025599710521361985e+01 -2.890537537680973323e-01
-1.025213679912050679e+01 -2.889790321942050655e-01
-1.024956167441520805e+01 -2.889167830373049473e-01
-1.024533937033887909e+01 -2.888189857709183017e-01
-1.024225602735937457e+01 -2.887448973227850768e-01
-1.023766723770070541e+01 -2.886447083883426634e-01
-1.023350361196811242e+01 -2.885647097909431191e-01
-1.023014684541190533e+01 -2.884794989946096733e-01
-1.022683570857952517e+01 -2.883954196128355463e-01
-1.022336396826189109e+01 -2.882961798539570575e-01
-1.022080857355429195e+01 -2.882395240507919509e-01
-1.021751868170522393e+01 -2.881534638720960606e-01
-1.021552080551696129e+01 -2.881043376383505272e-01
-1.021309680882026250e+01 -2.880431108585932432e-01
-1.021101055649335621e+01 -2.879960588187370218e-01
-1.020808953287354193e+01 -2.879199117657987861e-01
-1.020387190581271675e+01 -2.878079095831364009e-01
-1.020025747513285275e+01 -2.877216848052965292e-01
-1.019760940296275464e+01 -2.876712549023535681e-01
-1.019529475146897468e+01 -2.876286824637759865e-01
-1.019248521598191282e+01 -2.875459925211786283e-01
-1.018857533526974102e+01 -2.874530244110103938e-01
-1.018570850324310229e+01 -2.873836913072531085e-01
-1.018314020878900905e+01 -2.873130432013310531e-01
-1.017940599053313022e+01 -2.872111833566320382e-01
-1.017560470037949827e+01 -2.871199002863445982e-01
-1.017220682919822039e+01 -2.870428601649617217e-01
-1.016941135137387242e+01 -2.869806886611199204e-01
-1.016654586569454288e+01 -2.869094953537368320e-01
-1.016405601873298536e+01 -2.868640314436933236e-01
-1.016067012018756799e+01 -2.868037175623912027e-01
-1.015720468710127911e+01 -2.867015445228553450e-01
-1.015368484826328732e+01 -2.866339998504776054e-01
-1.015053612377870884e+01 -2.865626649632185829e-01
-1.014829513381996406e+01 -2.864966280231239226e-01
-1.014498782807065247e+01 -2.864002076924709872e-01
-1.014103392773050061e+01 -2.863202666189729184e-01
-1.013851153508679914e+01 -2.862387890121777523e-01
-1.013533912657015357e+01 -2.861516468828559367e-01
-1.013209883121090193e+01 -2.860679826960671468e-01
-1.012891909041746352e+01 -2.859977622024542088e-01
-1.012530209753316690e+01 -2.859027584071273664e-01
-1.012303758560220501e+01 -2.858467465812765118e-01
-1.011920423561984173e+01 -2.857417246586406168e-01
-1.011649024987398349e+01 -2.856734159108310633e-01
-1.011227250645056763e+01 -2.855587545866971055e-01
-1.010923175538822427e+01 -2.854705026851794836e-01
-1.010600011739780690e+01 -2.853714501439684748e-01
-1.010237189469293462e+01 -2.852973804961248527e-01
-1.009800224598454221e+01 -2.851894802449898014e-01
-1.009491440655820682e+01 -2.851301444425592413e-01
-1.009085535531337996e+01 -2.850608729634024896e-01
-1.008725968087480496e+01 -2.849703673772361334e-01
-1.008484634030228122e+01 -2.848876949111622259e-01
-1.008163310409780067e+01 -2.848062643966989271e-01
-1.007910767024761256e+01 -2.847372136699746759e-01
-1.007566790340073659e+01 -2.846316281979371365e-01
-1.007295077108654446e+01 -2.845521819549717280e-01
-1.007043045952512905e+01 -2.844848976702005205e-01
-1.006707347268772423e+01 -2.844169019548694610e-01
-1.006354205301139437e+01 -2.843261645690458028e-01
-1.005971816489342885e+01 -2.842414416081563422e-01
-1.005634442062729406e+01 -2.841456240464032557e-01
-1.005314762402782591e+01 -2.840746332000507191e-01
-1.004983724816703550e+01 -2.839721263248862759e-01
-1.004679471153402126e+01 -2.838930045442035754e-01
-1.004247837734597226e+01 -2.837820699857279139e-01
-1.003956798528719041e+01 -2.837269123966816298e-01
-1.003618711340635983e+01 -2.836584580693525814e-01
-1.003394624125507484e+01 -2.835947164940823551e-01
-1.003040526297042412e+01 -2.835165127558229581e-01
-1.002652024496381955e+01 -2.834344699618083219e-01
-1.002392081656488365e+01 -2.833730189182156467e-01
-1.002116000018730091e+01 -2.833170772314327901e-01
-1.001785984574230604e+01 -2.832396821453132540e-01
-1.001471860046027906e+01 -2.831773096601502004e-01
-1.001214612493786049e+01 -2.831130176993877923e-01
-1.000978678717195969e+01 -2.830501201603370376e-01
-1.000649559899079222e+01 -2.829906037831771970e-01
-1.000292922423019526e+01 -2.829127012958988496e-01
-9.999822430732738354e+00 -2.828399080568737567e-01
-9.996262813767392785e+00 -2.827598266915679615e-01
-9.991930575895278110e+00 -2.826446048831183222e-01
-9.988058634278425885e+00 -2.825672922082834715e-01
-9.985177234596056550e+00 -2.824977599213486235e-01
-9.981613062107969725e+00 -2.824126078919605987e-01
-9.978240289987800438e+00 -2.823312025678927362e-01
-9.975558966993860466e+00 -2.822823131930577989e-01
-9.971685081552662311e+00 -2.821487033023696300e-01
-9.967525517740776664e+00 -2.820575458284361181e-01
-9.964558314086305657e+00 -2.819851358649388962e-01
-9.961293331960366260e+00 -2.819010623570546992e-01
-9.959186986412897014e+00 -2.818574478401520977e-01
-9.956117872333578589e+00 -2.817848102842358538e-01
-9.952218794697911264e+00 -2.816879018946916724e-01
-9.949798408852815967e+00 -2.816159967097972561e-01
-9.945476894641785748e+00 -2.815157068545454111e-01
-9.941524666376645669e+00 -2.814352852082204759e-01
-9.938301342942965633e+00 -2.813650165944616699e-01
-9.935730965693045036e+00 -2.813089462889369341e-01
-9.932265012119540160e+00 -2.812239513024709092e-01
-9.928531287902758962e+00 -2.811260081367848440e-01
-9.925218166620407345e+00 -2.810546204036399320e-01
-9.922245909132403341e+00 -2.809885967310596921e-01
-9.919012782906671433e+00 -2.809371131851829961e-01
-9.916453168121506678e+00 -2.808594753663090082e-01
-9.913317700380101627e+00 -2.807914595803330249e-01
-9.909511222071801129e+00 -2.807080553453272231e-01
-9.907626594242044504e+00 -2.806556009702862453e-01
-9.905824468120707493e+00 -2.806291617598998811e-01
-9.902296314726655169e+00 -2.805649880675623042e-01
-9.899484840688508314e+00 -2.804926107308468586e-01
-9.896659550047768761e+00 -2.804209189176259387e-01
-9.893577077726616764e+00 -2.803575083991938777e-01
-9.890226284250010380e+00 -2.802804193464636939e-01
-9.887907277082296886e+00 -2.802344322129320386e-01
-9.885225941683627227e+00 -2.801684112070524924e-01
-9.881272121655861440e+00 -2.800891565285829610e-01
-9.878137288246149339e+00 -2.800185710938932759e-01
-9.875175464461447561e+00 -2.799631690768675796e-01
-9.871859110038201379e+00 -2.798698872078843602e-01
-9.868047867288291641e+00 -2.797684232820148442e-01
-9.864577976888167399e+00 -2.796884839447979498e-01
-9.861491306491899422e+00 -2.796170537842041504e-01
-9.857026768264407934e+00 -2.794985109393389178e-01
-9.854131920930774058e+00 -2.794341932326508404e-01
-9.851575717656402276e+00 -2.793874918071830304e-01
-9.849147530733132427e+00 -2.793232874674804189e-01
-9.845053118546058357e+00 -2.791935838735803976e-01
-9.841712228532696116e+00 -2.790936936080497532e-01
-9.838058275792358032e+00 -2.790182616257887993e-01
-9.835775853390316570e+00 -2.789615878249434577e-01
-9.832885880832670011e+00 -2.788972851108619810e-01
-9.829010624266222962e+00 -2.787993116580853026e-01
-9.824256553760667643e+00 -2.786982864551068029e-01
-9.820437314672453510e+00 -2.786242164209493111e-01
-9.817177992884918325e+00 -2.785347627747487564e-01
-9.814607684998206238e+00 -2.784712632505789154e-01
-9.811987080113263815e+00 -2.784115072864699614e-01
-9.808334378834445033e+00 -2.783198060848605104e-01
-9.805652681866755316e+00 -2.782484395516469644e-01
-9.803584991198841081e+00 -2.782008471676587491e-01
-9.800958995497762061e+00 -2.781461509409696720e-01
-9.797390303390539401e+00 -2.780810308174154755e-01
-9.794608537063247411e+00 -2.780251275258872612e-01
-9.791113790915483506e+00 -2.779424219592684375e-01
-9.789019725466024724e+00 -2.779044683185870612e-01
-9.786018840404018704e+00 -2.778411148103508976e-01
-9.783722593293031622e+00 -2.778009441951268532e-01
-9.780390815516550873e+00 -2.777417975286483043e-01
-9.776694710537832123e+00 -2.776465637812166598e-01
-9.772823110334478258e+00 -2.775267841487435994e-01
-9.770064743695774823e+00 -2.774663296521017730e-01
-9.766453122115184016e+00 -2.773795381415700700e-01
-9.761643263592038267e+00 -2.773085055686198008e-01
-9.758767637665853201e+00 -2.772420166308118272e-01
-9.756186794364305470e+00 -2.771627444453446665e-01
-9.752128184191874993e+00 -2.770325118732318015e-01
-9.749825458291732971e+00 -2.769725450328697214e-01
-9.747363489992494578e+00 -2.769183038225107585e-01
-9.745167887813959595e+00 -2.768757663490299947e-01
-9.742085597534314800e+00 -2.768068847548415534e-01
-9.739735042809078536e+00 -2.767545029724337580e-01
-9.735380440542403591e+00 -2.766679258682695486e-01
-9.732086905806708543e+00 -2.765705739981504374e-01
-9.728612915297683017e+00 -2.764827692077082011e-01
-9.725376138629137301e+00 -2.763939670309326635e-01
-9.722464792338861628e+00 -2.763184501678232485e-01
-9.719745320571064440e+00 -2.762559888860429691e-01
-9.717046125088669939e+00 -2.761873692637404343e-01
-9.714266278050702752e+00 -2.761136719416273921e-01
-9.711233831184800991e+00 -2.760419049923960588e-01
-9.707729489559826064e+00 -2.759636507165478259e-01
-9.705052817490827266e+00 -2.759082572428817604e-01
-9.702671918822035835e+00 -2.758453039842786447e-01
-9.699199841554339230e+00 -2.757603854608298710e-01
-9.696570025531956460e+00 -2.756944562514830332e-01
-9.693709952550653597e+00 -2.756280560507210486e-01
-9.690971317210921754e+00 -2.755447400947920178e-01
-9.687897837046463678e+00 -2.754730599644400479e-01
-9.685053475468505368e+00 -2.754031537050594669e-01
-9.681821668121823876e+00 -2.753170408849867079e-01
-9.678720086699900804e+00 -2.752547916798361860e-01
-9.675456531648086056e+00 -2.751863276740255104e-01
-9.671547915048929411e+00 -2.750906938942258573e-01
-9.669005723681843634e+00 -2.750330884441897217e-01
-9.666529930923152492e+00 -2.749769407346921990e-01
-9.664117207083245731e+00 -2.749237440840710534e-01
-9.660711647984058459e+00 -2.748240192852346442e-01
-9.658745931306036425e+00 -2.747909900391674043e-01
-9.655782905178151410e+00 -2.746993082158116217e-01
-9.652430098768919109e+00 -2.746279837388433398e-01
