4.000000000000000000e+00 4.000000000000000000e+00
3.861839648627888977e+00 4.317024753573416085e+00
3.783915021798123224e+00 4.495876046973966922e+00
3.672309537718426498e+00 4.752062962729869611e+00
3.563709136960988122e+00 5.001278762841596226e+00
3.426862930698328480e+00 5.315318268847536665e+00
3.217391886912165155e+00 5.795838871382171575e+00
3.065601647268759944e+00 6.138608264701223227e+00
2.949708574439453557e+00 6.389865624399871713e+00
2.719042095534615733e+00 6.863862719935182710e+00
2.581537649576902460e+00 7.129388860046498522e+00
2.398791525286198656e+00 7.462740215003978328e+00
2.203815717635335236e+00 7.793253137326116686e+00
1.974179052516265243e+00 8.148787395898317243e+00
1.795454624605305138e+00 8.400320013880399728e+00
1.532274256799185830e+00 8.731071308796860109e+00
1.310946328711009246e+00 8.970606790465152969e+00
1.049062537137066320e+00 9.208640804054681439e+00
8.078030828559502607e-01 9.378783587748605655e+00
3.903652915774164511e-01 9.517129766193185958e+00
-2.971853679317152871e-02 9.497795531210380560e+00
-4.233107147786424607e-01 9.415271187786586893e+00
-7.736740044314500686e-01 9.328614507667465361e+00
-1.167241275745135143e+00 9.230894304962712127e+00
-1.468037888041041850e+00 9.156543938602643706e+00
-1.827631113171448884e+00 9.065529099947641001e+00
-2.196269614521186408e+00 8.955557519026310587e+00
-2.728229147748198358e+00 8.695371273698507153e+00
-3.171770116481125612e+00 8.366308881967423616e+00
-3.504402271079929854e+00 8.078880464921663673e+00
-4.034118128024746674e+00 7.556366935191868528e+00
-4.320479053713206952e+00 7.239745615041422333e+00
-4.542292503969388662e+00 6.977089855685777664e+00
-4.832781042010867445e+00 6.610581455863830946e+00
-5.195654120471115078e+00 6.112676150269541253e+00
-5.551947753322842516e+00 5.578318755872741619e+00
-5.841186241051845585e+00 5.109025320442149187e+00
-6.027577790360128418e+00 4.788683540698746022e+00
-6.333975462315598826e+00 4.230393551779252803e+00
-6.499233444223801115e+00 3.912452403177088645e+00
-6.652486225555104937e+00 3.606719880363165043e+00
-6.785590527295434882e+00 3.332654962722561898e+00
-6.907903549785155306e+00 3.073502134822488685e+00
-7.068903220468692794e+00 2.721952606174860456e+00
-7.176927334369430866e+00 2.479139655671517950e+00
-7.288152294552553201e+00 2.223294819704969338e+00
-7.376648440503292825e+00 2.015276521972344970e+00
-7.466658568046033118e+00 1.799880315750739257e+00
-7.531107109183571069e+00 1.643217444144899231e+00
-7.592968396793552621e+00 1.490589938816057725e+00
-7.652971547155348553e+00 1.340724311538185054e+00
-7.696506358170925211e+00 1.230798558650802343e+00
-7.765440131023185977e+00 1.054568362573092832e+00
-7.807186288165721244e+00 9.466491060436673655e-01
-7.857459616553736481e+00 8.152936906223413605e-01
-7.890687268741742422e+00 7.276742538885223599e-01
-7.910761477995948532e+00 6.743939692995392088e-01
-7.944805774081753036e+00 5.834347576566950577e-01
-7.967921925440054842e+00 5.212373577435961414e-01
-7.993252374609745026e+00 4.527083611927367190e-01
-8.016838692887068518e+00 3.885355343940815609e-01
-8.031160336322328064e+00 3.493959988220499691e-01
-8.042064015349682293e+00 3.195127640746924791e-01
-8.053424495482259360e+00 2.882871845558854784e-01
-8.070961701114157449e+00 2.399284052249979204e-01
-8.081116468191485325e+00 2.118385084456704814e-01
-8.090447246329217634e+00 1.859516973358377179e-01
-8.100486243790626872e+00 1.580348164369468900e-01
-8.107088888709416352e+00 1.396482013612503903e-01
-8.114134316617297671e+00 1.199842933245301169e-01
-8.118706420956320002e+00 1.072111460621946316e-01
-8.122781680140192861e+00 9.581772654176727577e-02
-8.127116892927096714e+00 8.368714132082041846e-02
-8.130028570604135751e+00 7.553605447548412954e-02
-8.133911818194505372e+00 6.465634736618949829e-02
-8.136872663727162447e+00 5.635961895563696561e-02
-8.139300451942004244e+00 4.955010466906702160e-02
-8.141827329061252172e+00 4.246557355093666386e-02
-8.144327980267718203e+00 3.545217572612447549e-02
-8.146021634571923187e+00 3.070010116462099786e-02
-8.147086844300766018e+00 2.771304278162524740e-02
-8.148008271099143940e+00 2.512787561578548254e-02
-8.149151212383015874e+00 2.192167538490260789e-02
-8.149779565674702297e+00 2.015908741926852529e-02
-8.150454281782863575e+00 1.826685585662291347e-02
-8.151242950615058547e+00 1.605489328397628410e-02
-8.152070301005474917e+00 1.373391352136266695e-02
-8.152636516127529376e+00 1.214586709263893588e-02
-8.153123937321407055e+00 1.077860118149580326e-02
-8.153482466934436346e+00 9.772905494711667598e-03
-8.153995343291796871e+00 8.333844997121284820e-03
-8.154373817876280128e+00 7.272197199089833371e-03
-8.154742036497866664e+00 6.239068855746334429e-03
-8.154916039782913018e+00 5.751038658881057336e-03
-8.155151264975989633e+00 5.091289506716327462e-03
-8.155288953425912979e+00 4.704956685134941557e-03
-8.155496896232465431e+00 4.121580226009531091e-03
-8.155666768355761320e+00 3.645241851970972089e-03
-8.155858260146841232e+00 3.108586810615938511e-03
-8.156032392464958036e+00 2.619931185783290484e-03
-8.156152199276208492e+00 2.283943565243541293e-03
-8.156236879111897764e+00 2.046526628348106953e-03
-8.156319066783987992e+00 1.816044707510528194e-03
-8.156416279455861229e+00 1.543332191734100725e-03
-8.156482955971876336e+00 1.356355094892810033e-03
-8.156545103117519346e+00 1.182046966586518038e-03
-8.156588355055088613e+00 1.060698329333572675e-03
-8.156636300324626276e+00 9.262255743687473637e-04
-8.156668979911840367e+00 8.345500109636904426e-04
-8.156706128717679860e+00 7.303961535519932959e-04
-8.156727767201738644e+00 6.697042928595145495e-04
-8.156751869213305639e+00 6.021717980108583267e-04
-8.156777310768625000e+00 5.308117750046243430e-04
-8.156799030016884444e+00 4.698644196873800766e-04
-8.156813223934840096e+00 4.300949390209453166e-04
-8.156828897246011678e+00 3.861867572572539784e-04
-8.156841725697024259e+00 3.502191916553125265e-04
-8.156853697641604839e+00 3.166540414321220367e-04
-8.156867873800303315e+00 2.769045934422934246e-04
-8.156878192238547598e+00 2.479711549156576552e-04
-8.156886894716180336e+00 2.235709268136491584e-04
-8.156895116407822499e+00 2.005247481969385883e-04
-8.156901952500742681e+00 1.813523000481880856e-04
-8.156910273282958812e+00 1.580155847869279585e-04
-8.156915328767041728e+00 1.438317528458579189e-04
-8.156921069317915496e+00 1.277303998993668745e-04
-8.156925194605824103e+00 1.161669035659783578e-04
-8.156929202489680009e+00 1.049245229615279509e-04
-8.156933365147619241e+00 9.325382392599757453e-05
-8.156936087002161884e+00 8.561529406737586388e-05
-8.156938999939027823e+00 7.745335680784793504e-05
-8.156942193503107674e+00 6.849594306754823502e-05
-8.156945720259697552e+00 5.860705371864852404e-05
-8.156948306652772374e+00 5.135836296499426778e-05
-8.156950406383185026e+00 4.546915355129792577e-05
-8.156951941809408524e+00 4.116369985639032101e-05
-8.156954063510259090e+00 3.521272204943855791e-05
-8.156955485697872987e+00 3.122466303053769075e-05
-8.156956974206421407e+00 2.705186958773712029e-05
-8.156958009510105967e+00 2.414749288635527301e-05
-8.156958988433494540e+00 2.140349167884989488e-05
-8.156960051096389108e+00 1.842413158517373497e-05
-8.156960955978663108e+00 1.588651434225889138e-05
-8.156961645877998990e+00 1.395276104180822791e-05
-8.156962180162533826e+00 1.245366020000709763e-05
-8.156962641767256272e+00 1.115890458240975293e-05
-8.156963162288340285e+00 9.699249839626934274e-06
-8.156963486400735874e+00 8.790115868515828968e-06
-8.156963961499350546e+00 7.457987024792888846e-06
-8.156964319718168710e+00 6.453547455303927287e-06
-8.156964634579308537e+00 5.570067243809602679e-06
-8.156964982794669083e+00 4.594105022602552547e-06
-8.156965185606265933e+00 4.025059117089452229e-06
-8.156965373356102944e+00 3.498499208645327436e-06
-8.156965563553935539e+00 2.965272502448020077e-06
-8.156965752056672514e+00 2.436834296097119537e-06
-8.156965894026189545e+00 2.038524182326948678e-06
-8.156966032865872407e+00 1.649324388440852681e-06
-8.156966128527955107e+00 1.380905826407632642e-06
-8.156966222134061084e+00 1.118559927150379032e-06
-8.156966305755966928e+00 8.841749438463739486e-07
-8.156966364851978568e+00 7.184617171377725797e-07
-8.156966451441018506e+00 4.756291160136004383e-07
-8.156966525468980933e+00 2.680010024540143178e-07
-8.156966583352867062e+00 1.057024562449927149e-07
-8.156966622128413391e+00 -3.034292176989778149e-09
-8.156966678627677325e+00 -1.615328615471960092e-07
-8.156966722620152765e+00 -2.848365509320234725e-07
-8.156966766027764493e+00 -4.065444287212391923e-07
-8.156966828366789102e+00 -5.812795209804856155e-07
-8.156966901153980487e+00 -7.851830939826584769e-07
-8.156966961114019199e+00 -9.533079289246328177e-07
-8.156967030608308633e+00 -1.148039118654887631e-06
-8.156967124189083762e+00 -1.410554451811841627e-06
-8.156967272768266497e+00 -1.826927160733349356e-06
-8.156967373724775427e+00 -2.109997462325131929e-06
-8.156967512106822582e+00 -2.497921557746056879e-06
-8.156967693568416777e+00 -3.007014171207179197e-06
-8.156967925641476214e+00 -3.657713614493936445e-06
-8.156968087015467717e+00 -4.110159069699363464e-06
-8.156968253712928885e+00 -4.577640855757815482e-06
-8.156968604190179661e+00 -5.560461199189875906e-06
-8.156968814687727942e+00 -6.150544323511907513e-06
-8.156969163207136830e+00 -7.127503500360905004e-06
-8.156969607772847297e+00 -8.374721998830879195e-06
-8.156970108989087365e+00 -9.779154659192979796e-06
-8.156970496390542280e+00 -1.086521278673876199e-05
-8.156970999125160660e+00 -1.227596205381490177e-05
-8.156971786252052325e+00 -1.448304816842128825e-05
-8.156972610283645508e+00 -1.679450678770210735e-05
-8.156973291542445992e+00 -1.870462138349488979e-05
-8.156974296340766983e+00 -2.152235316250059488e-05
-8.156975220323801068e+00 -2.411272681581238161e-05
-8.156976768139644562e+00 -2.845083987567523297e-05
-8.156978148836216747e+00 -3.232276931457796383e-05
-8.156979856455036426e+00 -3.711288248872101481e-05
-8.156981763692581211e+00 -4.246296696661010309e-05
-8.156983332734888847e+00 -4.686302987557544467e-05
-8.156984968743493880e+00 -5.145364437282049988e-05
-8.156987281002585632e+00 -5.793588782989209020e-05
-8.156990360139309004e+00 -6.656943003708754296e-05
-8.156992730382940593e+00 -7.321484460265019576e-05
-8.156995374505900287e+00 -8.062872040374462136e-05
-8.156998917743148780e+00 -9.056282757248225413e-05
-8.157003473187245390e+00 -1.033380287554313507e-04
-8.157008349763911426e+00 -1.170088648754492140e-04
-8.157013306639093742e+00 -1.309102280268165097e-04
-8.157020079717655747e+00 -1.499033185500613335e-04
-8.157026863268020733e+00 -1.689253947778445830e-04
-8.157034696634585913e+00 -1.908815630190855946e-04
-8.157045619302580874e+00 -2.215089206382775346e-04
-8.157054055516123725e+00 -2.451555969563726190e-04
-8.157063220318548247e+00 -2.708650068907203783e-04
-8.157077038513508072e+00 -3.096019753388406224e-04
-8.157089494566539756e+00 -3.445527784398299338e-04
-8.157108356662053694e+00 -3.974476494777846414e-04
-8.157127067585348001e+00 -4.499102239732952397e-04
-8.157147506735570985e+00 -5.072127001710811023e-04
-8.157181167037940384e+00 -6.016074934383450765e-04
-8.157205553944447018e+00 -6.699858171128416934e-04
-8.157239566881690607e+00 -7.653445012087088098e-04
-8.157276631885981288e+00 -8.692584032572992208e-04
-8.157310807115500495e+00 -9.650457408517539547e-04
-8.157365779416986484e+00 -1.119204205096510467e-03
-8.157428456949878282e+00 -1.294883615338860523e-03
-8.157502320060050494e+00 -1.501971225821569075e-03
-8.157563809760574713e+00 -1.674409345999981237e-03
-8.157646007904043373e+00 -1.904762942272132231e-03
-8.157734816012011336e+00 -2.153669953631281130e-03
-8.157830169091360162e+00 -2.421188403037332140e-03
-8.157918127046638546e+00 -2.667693771215015087e-03
-8.157994212316006966e+00 -2.880991089503684693e-03
-8.158122913896695749e+00 -3.241953028526579645e-03
-8.158247216137173297e+00 -3.590285426320036048e-03
-8.158436568044420412e+00 -4.121236912839666179e-03
-8.158623561656060730e+00 -4.645205633059309308e-03
-8.158868357085804490e+00 -5.331443991575529097e-03
-8.159142374261715958e+00 -6.099606754815170909e-03
-8.159388220347334908e+00 -6.788739014944228378e-03
-8.159777167844806556e+00 -7.878731027699521425e-03
-8.160155144502676094e+00 -8.938269512242110262e-03
-8.160646859348711146e+00 -1.031673679607237118e-02
-8.161446443199421807e+00 -1.255701913416666475e-02
-8.162015854728542408e+00 -1.415329728831068480e-02
-8.162902931217264069e+00 -1.663969052087025877e-02
-8.163831864191191556e+00 -1.924147962830397712e-02
-8.164652086085073535e+00 -2.153765806402332950e-02
-8.165798646304910591e+00 -2.474823879831475684e-02
-8.166750050732748178e+00 -2.740991160749825864e-02
-8.167558894500627886e+00 -2.967209972658652745e-02
-8.169274888048047245e+00 -3.447101568931956739e-02
-8.170545448150129175e+00 -3.802007038382517606e-02
-8.172511291292609670e+00 -4.350843993010541921e-02
-8.174647742133235084e+00 -4.946409310234067824e-02
-8.178089605068729284e+00 -5.904212540074672833e-02
-8.180973849139403953e+00 -6.704870994248397775e-02
-8.183674463436785729e+00 -7.452398908579647985e-02
-8.186405187894601809e+00 -8.206040782955323354e-02
-8.191338541033191589e+00 -9.560423116971290824e-02
-8.194810591115912146e+00 -1.050783449547354892e-01
-8.199139764979069156e+00 -1.168045686395177835e-01
-8.206791969601209047e+00 -1.372304498126007688e-01
-8.213964048277015095e+00 -1.559487920394254656e-01
-8.221276492240416900e+00 -1.744809711679926045e-01
-8.230695375206849462e+00 -1.973360907317966706e-01
-8.238504347122484361e+00 -2.152449186956829907e-01
-8.247632606219056584e+00 -2.347719618870627301e-01
-8.257994543840846191e+00 -2.548023516989262882e-01
-8.270482406868694625e+00 -2.755903213209294211e-01
-8.281370538270021342e+00 -2.905521060802299105e-01
-8.296875392206572997e+00 -3.068667411603911988e-01
-8.307268582136238422e+00 -3.147789343403424867e-01
-8.318094855271805699e+00 -3.207747850554479307e-01
-8.327288036580604569e+00 -3.244290284269364943e-01
-8.341473519950067583e+00 -3.280305619679825258e-01
-8.357468154570671715e+00 -3.300809726435652847e-01
-8.373455895483946421e+00 -3.309150585207678574e-01
-8.391241141596653463e+00 -3.311666085465079790e-01
-8.403294586796814514e+00 -3.311553557725941399e-01
-8.415314487246774888e+00 -3.310815750727058582e-01
-8.429778618177074634e+00 -3.309616356666378323e-01
-8.445808891691742204e+00 -3.307982808421359722e-01
-8.456469041733539527e+00 -3.307132671498204113e-01
-8.468380288686805812e+00 -3.305909096667735692e-01
-8.486433070797469114e+00 -3.304363195184981672e-01
-8.500332118374036128e+00 -3.303228647953390107e-01
-8.513344911639956436e+00 -3.301847601226707840e-01
-8.524614066591283290e+00 -3.300730377986659803e-01
-8.538991214987916578e+00 -3.299264861925673142e-01
-8.558584843237024842e+00 -3.297496416258262619e-01
-8.571100469700795088e+00 -3.296318872435702318e-01
-8.587059195862982719e+00 -3.294617682612739351e-01
-8.599315899547866238e+00 -3.293290852763244292e-01
-8.617107639223688054e+00 -3.291779082700168613e-01
-8.627196803458915042e+00 -3.291045872050995524e-01
-8.643834141313522679e+00 -3.289157535808993060e-01
-8.654971003056063594e+00 -3.288217118965564567e-01
-8.672509286237561454e+00 -3.286442801015957982e-01
-8.684389060920297609e+00 -3.285254214923000737e-01
-8.695145986360516943e+00 -3.284363267433403899e-01
-8.708716743927329418e+00 -3.282948358889438700e-01
-8.721466721617401774e+00 -3.281811872193504120e-01
-8.735154671692461292e+00 -3.280280290670343213e-01
-8.744107624510016663e+00 -3.279153803500504671e-01
-8.753593656200743922e+00 -3.278310116444929090e-01
-8.767867452620501822e+00 -3.276939424142381596e-01
-8.779180214419563200e+00 -3.275902148937508973e-01
-8.793383538542553168e+00 -3.274527402674574650e-01
-8.805805534286449188e+00 -3.273350073029501206e-01
-8.816011297342232211e+00 -3.272509420289671511e-01
-8.827554406141386423e+00 -3.271390382085602733e-01
-8.840185294865646526e+00 -3.269923533983432606e-01
-8.853407842892524471e+00 -3.268168139274992834e-01
-8.868831704254697357e+00 -3.266891975191751341e-01
-8.882790525968532691e+00 -3.265287411217653313e-01
-8.896856726743369137e+00 -3.263753396860943901e-01
-8.905722920034536472e+00 -3.263008417289156027e-01
-8.917439938717928172e+00 -3.261737082750203465e-01
-8.932769601408974580e+00 -3.260169691526759173e-01
-8.944802113461365778e+00 -3.258689910854952188e-01
-8.953445416278645652e+00 -3.257841929876938991e-01
-8.964331099604534003e+00 -3.256718551634408265e-01
-8.977300140721867550e+00 -3.255598509347830682e-01
-8.987330209779839763e+00 -3.254395703186704902e-01
-8.998778611597082033e+00 -3.253193384894013107e-01
-9.011005665872794168e+00 -3.251827470478577120e-01
-9.020632296581315046e+00 -3.251028454579387716e-01
-9.034281856364756891e+00 -3.249740148729658995e-01
-9.046385689041995803e+00 -3.248374179604889278e-01
-9.059652791847851105e+00 -3.247100259954729395e-01
-9.070214115769935859e+00 -3.246192199274622325e-01
-9.080977845593293907e+00 -3.244941383717813710e-01
-9.091184814164485317e+00 -3.243887845835823902e-01
-9.104431300222810108e+00 -3.242793945101978270e-01
-9.114424301767229508e+00 -3.241642083415284814e-01
-9.130296331924789399e+00 -3.239784713744829348e-01
-9.144372053087627350e+00 -3.238005624197580201e-01
-9.159890374591004303e+00 -3.236406937930429439e-01
-9.173397362096972429e+00 -3.234895864141127397e-01
-9.183701266805488928e+00 -3.233721218628156091e-01
-9.191278793032111594e+00 -3.232818122046929310e-01
-9.202859384467044990e+00 -3.231647324082184691e-01
-9.215464883573977417e+00 -3.230443673252503811e-01
-9.224472050377556798e+00 -3.229401811203040928e-01
-9.236256733467023139e+00 -3.228139558230407324e-01
-9.246172864934498747e+00 -3.227311565353203626e-01
-9.261456251349436286e+00 -3.225556619281405579e-01
-9.272951565434247811e+00 -3.224637877984090628e-01
-9.282827057199636300e+00 -3.223536910141354128e-01
-9.299103957161518608e+00 -3.221774713473346541e-01
-9.309750869741169055e+00 -3.220687252696682878e-01
-9.319149652845663212e+00 -3.219589533034971640e-01
-9.327583379507599304e+00 -3.218568430268203273e-01
-9.342702392063635841e+00 -3.216891511345862376e-01
-9.356931103621406010e+00 -3.215295256038148697e-01
-9.369462040632621225e+00 -3.213873637941493389e-01
-9.378842759540317431e+00 -3.212698707390098107e-01
-9.387258273412887988e+00 -3.211890365820084803e-01
-9.396658606851113760e+00 -3.210850520346763548e-01
-9.407008128028394367e+00 -3.209848993689234375e-01
-9.421200986114879328e+00 -3.208194501739641824e-01
-9.434223572869397501e+00 -3.206693192915832658e-01
-9.442738371998496305e+00 -3.205849848848779660e-01
-9.454422926525376525e+00 -3.204355054311817108e-01
-9.464201317450323003e+00 -3.203254448105527508e-01
-9.478611790598655773e+00 -3.201513790249778113e-01
-9.489230441752360079e+00 -3.199985358539515490e-01
-9.501425962355346755e+00 -3.198478002934040942e-01
-9.516411773800346197e+00 -3.196855815832501113e-01
-9.525302321273708017e+00 -3.195805217607474713e-01
-9.536094168012715144e+00 -3.194499262406990114e-01
-9.545772215328351962e+00 -3.193184771324293902e-01
-9.554547800219763687e+00 -3.192056995610565440e-01
-9.564814558382527920e+00 -3.190721458254558440e-01
-9.575316456609520799e+00 -3.189464673545864271e-01
-9.584148860617668575e+00 -3.188410268680932358e-01
-9.594801475197456853e+00 -3.187172284855548932e-01
-9.601748921571429563e+00 -3.186343368044108337e-01
-9.614325279454112305e+00 -3.184827382781600935e-01
-9.622641269876615056e+00 -3.183798512732445851e-01
-9.633861898336578022e+00 -3.182603846311893303e-01
-9.641705393273948488e+00 -3.181480696401984276e-01
-9.651575955177998267e+00 -3.180025232176801886e-01
-9.662706375788062019e+00 -3.178420392404807671e-01
-9.668738329448178348e+00 -3.177591698150893373e-01
-9.674587956468684524e+00 -3.176885705500468449e-01
-9.685836670677931082e+00 -3.175369677095889465e-01
-9.692129582332141169e+00 -3.174764999004331401e-01
-9.698519405269749427e+00 -3.173842163598418198e-01
-9.707600385621978134e+00 -3.172679257649108631e-01
-9.715319500545398057e+00 -3.171685542929880142e-01
-9.724751211072900858e+00 -3.170436718015667288e-01
-9.731174554009456301e+00 -3.169635540723281242e-01
-9.740446689325191088e+00 -3.168487023747487696e-01
-9.749192091340852073e+00 -3.167511926898411989e-01
-9.761751983905954333e+00 -3.165591921929348240e-01
-9.770918595341520074e+00 -3.164416358934176721e-01
-9.778479795948678444e+00 -3.163466072536501583e-01
-9.787583786720666978e+00 -3.162236058047619980e-01
-9.797499961470363061e+00 -3.160845001397958320e-01
-9.808055807166171647e+00 -3.159412087077939080e-01
-9.814904390990941252e+00 -3.158374269235199594e-01
-9.826255206414323595e+00 -3.156625389230648393e-01
-9.833097702699429732e+00 -3.155663266231285013e-01
-9.839194735783651780e+00 -3.154880968914448580e-01
-9.847715155844603885e+00 -3.153633644111405454e-01
-9.856991854999954228e+00 -3.152575280376661571e-01
-9.864760874358744047e+00 -3.151524154210917916e-01
-9.872039545923872339e+00 -3.150443406890930387e-01
-9.880041365929615793e+00 -3.149439472630493064e-01
-9.888271982126012105e+00 -3.148137644038100369e-01
-9.896920520374088426e+00 -3.146839819750383294e-01
-9.906138206548780190e+00 -3.145374575405763262e-01
-9.915316891181293002e+00 -3.144060262125245031e-01
-9.925392570151158722e+00 -3.142520773455705907e-01
-9.933921915240878420e+00 -3.141341566860422208e-01
-9.941209180628256092e+00 -3.140091697700901352e-01
-9.951413986132084943e+00 -3.138617628347279420e-01
-9.956860015859177793e+00 -3.137771709705758916e-01
-9.963526482476181556e+00 -3.136587577611388289e-01
-9.972013347118197757e+00 -3.135580361477320888e-01
-9.976969710546155667e+00 -3.134681593090575258e-01
-9.985043060725407926e+00 -3.133341641477827566e-01
-9.991608912196026537e+00 -3.132518485105849626e-01
-9.999673865465226186e+00 -3.131228385189717689e-01
-1.000488921274489407e+01 -3.130499543021615372e-01
-1.001224170077328068e+01 -3.129324235907302576e-01
-1.001956104165347838e+01 -3.128212196691936287e-01
-1.002676617528115699e+01 -3.126825482667441869e-01
-1.003454799369911221e+01 -3.125775153208526502e-01
-1.004235709401108778e+01 -3.124427684372736436e-01
-1.004673208349195335e+01 -3.123850571081511762e-01
-1.005599784543081476e+01 -3.122432009781480056e-01
-1.006228514858549339e+01 -3.121367411158865179e-01
-1.006931202012515136e+01 -3.120169097046648909e-01
-1.007917580928866741e+01 -3.118623756547491133e-01
-1.008612320307245724e+01 -3.117591090928358288e-01
-1.009061399965224837e+01 -3.116936548016795983e-01
-1.009698459911498603e+01 -3.115831826039273666e-01
-1.010502584776786783e+01 -3.114728128715890110e-01
-1.011252427152424538e+01 -3.113284384152109618e-01
-1.011929779333423340e+01 -3.112140411522719141e-01
-1.012714688353157122e+01 -3.110893813205427016e-01
-1.013287033195182296e+01 -3.109953090676771947e-01
-1.014033468930893811e+01 -3.108797531203973397e-01
-1.014827056670288918e+01 -3.107207305108005690e-01
-1.015495102715482467e+01 -3.106019807903381280e-01
-1.016022959728451980e+01 -3.105062991535188499e-01
-1.016615518673740226e+01 -3.104154736399465930e-01
-1.017379760189571236e+01 -3.102850706012152959e-01
-1.018168105389457878e+01 -3.101228933613575101e-01
-1.018769979123888092e+01 -3.100014453732006237e-01
-1.019396823971815635e+01 -3.098829208497462240e-01
-1.020061005431408141e+01 -3.097666760271245989e-01
-1.020468549078280596e+01 -3.096912730254748891e-01
-1.021081198966300541e+01 -3.095840914958746803e-01
-1.021815257678059119e+01 -3.094432853691322927e-01
-1.022438869084159130e+01 -3.093247234054615213e-01
-1.023018825255717346e+01 -3.092142730835493181e-01
-1.023635320962928574e+01 -3.091152068685072973e-01
-1.024340337159298642e+01 -3.089606140594826633e-01
-1.024976992742217341e+01 -3.088439946130328573e-01
-1.025473497395266520e+01 -3.087188905875157818e-01
-1.026170438135410734e+01 -3.085680062953115588e-01
-1.026683712989244057e+01 -3.084489657797580553e-01
-1.027255152328441490e+01 -3.083336198865085365e-01
-1.027768328118367158e+01 -3.082286673424246004e-01
-1.028357525671940742e+01 -3.081092523459409982e-01
-1.028898073310566552e+01 -3.080037637954166629e-01
-1.029375985713091701e+01 -3.078986744549491728e-01
-1.029795582791964215e+01 -3.078044764966009761e-01
-1.030277034840023731e+01 -3.077025072460640165e-01
-1.030821650775802745e+01 -3.076112600424451005e-01
-1.031304082318127335e+01 -3.074972541301965734e-01
-1.031701686079827951e+01 -3.074124950590633731e-01
-1.032250424802653654e+01 -3.073117999524715427e-01
-1.032657589532252018e+01 -3.071926994936767241e-01
-1.033115152834127670e+01 -3.070739944042419345e-01
-1.033820531758689754e+01 -3.069286111251700033e-01
-1.034161810876176091e+01 -3.068378636620887057e-01
-1.034558603323226400e+01 -3.067399868835629650e-01
-1.035179586136193919e+01 -3.065865803788879185e-01
-1.035814064067660745e+01 -3.064454038039526318e-01
-1.036222167536380567e+01 -3.063331027624393021e-01
-1.036438702846906956e+01 -3.062694939449949749e-01
-1.037006819584823525e+01 -3.061415267374619220e-01
-1.037534808986540469e+01 -3.059893579310776768e-01
-1.037934358774287880e+01 -3.058835630401390837e-01
-1.038438976490533427e+01 -3.057546914336939370e-01
-1.038911172738687938e+01 -3.056438503345338953e-01
-1.039257486080174431e+01 -3.055393880621548042e-01
-1.039505877780218945e+01 -3.054692136618236686e-01
-1.039918825377318790e+01 -3.053709679515559938e-01
-1.040353611242421827e+01 -3.052728038427464097e-01
-1.040663591397090570e+01 -3.051882054109953391e-01
-1.041101889481769760e+01 -3.050459198831699248e-01
-1.041325637663412884e+01 -3.049606181135441907e-01
-1.041658259095640560e+01 -3.048683405665256752e-01
-1.041984462021606994e+01 -3.047683701242481780e-01
-1.042275028171700413e+01 -3.046815545923917123e-01
-1.042558209540249514e+01 -3.045900255263267464e-01
-1.042819606424386691e+01 -3.045046345150342892e-01
-1.043233499050638891e+01 -3.043601535117979040e-01
-1.043632296440013540e+01 -3.042389880945264302e-01
-1.044043612451423719e+01 -3.040971966538288385e-01
-1.044324431524887764e+01 -3.039939997761880730e-01
-1.044644804140513017e+01 -3.038741194544535840e-01
-1.044919325412161015e+01 -3.037946111797588111e-01
-1.045167926251702717e+01 -3.036922250308496385e-01
-1.045485734405860256e+01 -3.035485441865733436e-01
-1.045706277987037147e+01 -3.034667646355413417e-01
-1.045946720827359755e+01 -3.033550904420951322e-01
-1.046191402903583345e+01 -3.032417783140925471e-01
-1.046445718005853109e+01 -3.031417236079652633e-01
-1.046692793955787693e+01 -3.030311487822045513e-01
-1.046937098092651297e+01 -3.029261957437617836e-01
-1.047278306770964384e+01 -3.027735645561759892e-01
-1.047468121427390209e+01 -3.027060192304075747e-01
-1.047802240669302698e+01 -3.025390697767627035e-01
-1.048095097290835120e+01 -3.024101180838331682e-01
-1.048336958500364702e+01 -3.022829028684576036e-01
-1.048527615990978390e+01 -3.021817730896543264e-01
-1.048706283548858487e+01 -3.021133473845661888e-01
-1.048860213770579719e+01 -3.020279710736834544e-01
-1.049029193641013791e+01 -3.019484606558505702e-01
-1.049275772796365302e+01 -3.018159213685266407e-01
-1.049478687708646163e+01 -3.016983886740722820e-01
-1.049686977134421362e+01 -3.016000421652995089e-01
-1.049821871797221284e+01 -3.015108211706341579e-01
-1.049997604019187847e+01 -3.013986395638721394e-01
-1.050154808520853500e+01 -3.013187672021650498e-01
-1.050352802179274292e+01 -3.011716614501584455e-01
-1.050478824486856766e+01 -3.010716562282992337e-01
-1.050588127967905905e+01 -3.009967035656468948e-01
-1.050694259312535017e+01 -3.009366573396747846e-01
-1.050887667103494927e+01 -3.007693952535676063e-01
-1.051089043075813656e+01 -3.006252395002155797e-01
-1.051225287208344916e+01 -3.005434209032913362e-01
-1.051296879602922374e+01 -3.004849282009700029e-01
-1.051436363822327458e+01 -3.003611168409995313e-01
-1.051579817641963643e+01 -3.002342314890897867e-01
-1.051689653678524294e+01 -3.001156558606111746e-01
-1.051810508246565945e+01 -2.999942528484571547e-01
-1.051920530655353581e+01 -2.998702728539268669e-01
-1.052032706509588955e+01 -2.997538108435762738e-01
-1.052115045513474989e+01 -2.996299524054959473e-01
-1.052190038267121075e+01 -2.995174858097915394e-01
-1.052270148482068635e+01 -2.994165871509620325e-01
-1.052342417797562213e+01 -2.993063928407790897e-01
-1.052388036957509421e+01 -2.992300470128290146e-01
-1.052426492084727094e+01 -2.991660758645849350e-01
-1.052487379242730370e+01 -2.990302187293372715e-01
-1.052519699576218670e+01 -2.989467182251591137e-01
-1.052550418387148490e+01 -2.988817383931028915e-01
-1.052583676405462221e+01 -2.987855480241392581e-01
-1.052605945389731978e+01 -2.986878211134981198e-01
-1.052623083550189342e+01 -2.985978317616017619e-01
-1.052640833093244410e+01 -2.984628131271614415e-01
-1.052647783016654515e+01 -2.983800228509155827e-01
-1.052651212805061220e+01 -2.983035492711287873e-01
-1.052649408529338793e+01 -2.981742867452676360e-01
-1.052643426366669743e+01 -2.980824351650776527e-01
-1.052627332994637399e+01 -2.979870542645733922e-01
-1.052610173456545617e+01 -2.979108716570476600e-01
-1.052587480731484071e+01 -2.978185482690843267e-01
-1.052547760871796712e+01 -2.976755374550517086e-01
-1.052512114189461201e+01 -2.975691110928397887e-01
-1.052468656993788088e+01 -2.974598864300931900e-01
-1.052436287521026870e+01 -2.973985434067637490e-01
-1.052370774811491039e+01 -2.972693435813223428e-01
-1.052313189787584236e+01 -2.971774514189448047e-01
-1.052234368160444333e+01 -2.970470906467164718e-01
-1.052163977573231257e+01 -2.969451745710985358e-01
-1.052081058073180131e+01 -2.968357997886730271e-01
-1.051988844372696619e+01 -2.967188353252619426e-01
-1.051889712463909277e+01 -2.966238090343121248e-01
-1.051786448502443960e+01 -2.964970406590463625e-01
-1.051682854992358251e+01 -2.964025194513714712e-01
-1.051575094984400494e+01 -2.963058129566474297e-01
-1.051438651869616869e+01 -2.961726777445689018e-01
-1.051297730745336345e+01 -2.960572393638384314e-01
-1.051177471183868484e+01 -2.959636170181401127e-01
-1.051025331229034343e+01 -2.958548879984260194e-01
-1.050893168987500204e+01 -2.957468247899396330e-01
-1.050783339540942407e+01 -2.956808993757822357e-01
-1.050648371471680953e+01 -2.955874071067455255e-01
-1.050502668173440135e+01 -2.954854398558834361e-01
-1.050335595215872075e+01 -2.953716111676315537e-01
-1.050210948414601297e+01 -2.953045398301265556e-01
-1.050072540357633599e+01 -2.952287429448078870e-01
-1.049919785150060569e+01 -2.951392270409091134e-01
-1.049716186241825788e+01 -2.950239845969807595e-01
-1.049496711157088669e+01 -2.948939241363660035e-01
-1.049293346368908075e+01 -2.948138285669496539e-01
-1.049107668461892473e+01 -2.947280794278228089e-01
-1.048878611071133271e+01 -2.946249634387567706e-01
-1.048700414812870818e+01 -2.945252120994999445e-01
-1.048533749660355419e+01 -2.944618378492482869e-01
-1.048264843963292137e+01 -2.943459587054240711e-01
-1.047986258910828461e+01 -2.941967732591432849e-01
-1.047749070204466015e+01 -2.940849737748125192e-01
-1.047503707423341446e+01 -2.939899065314439119e-01
-1.047207684844271114e+01 -2.938583910249594200e-01
-1.046927335379711543e+01 -2.937444665862855575e-01
-1.046700938793526880e+01 -2.936588706193934417e-01
-1.046425526145717733e+01 -2.935670413386016753e-01
-1.046157509617064640e+01 -2.934672606040371057e-01
-1.045837117808564010e+01 -2.933516042891133324e-01
-1.045526822588825233e+01 -2.932407644555126147e-01
-1.045338418258109847e+01 -2.931849224582598890e-01
-1.045056563710702058e+01 -2.930816800808072053e-01
-1.044701460958501826e+01 -2.929614703301547385e-01
-1.044400287061707999e+01 -2.928561728048402757e-01
-1.044119803888129283e+01 -2.927771171014349472e-01
-1.043836619320505399e+01 -2.926799269622522570e-01
-1.043551941427375773e+01 -2.925947430748749856e-01
-1.043309102200027283e+01 -2.925155218262125989e-01
-1.043026331328885625e+01 -2.924392237238532810e-01
-1.042775078436521596e+01 -2.923697224942112816e-01
-1.042457566709040684e+01 -2.922808853534627493e-01
-1.042153275489562958e+01 -2.921780304291684560e-01
-1.041866110303265458e+01 -2.920887117934416466e-01
-1.041508308211690803e+01 -2.919831574069253199e-01
-1.040956083677166077e+01 -2.918308359906681693e-01
-1.040659691079795834e+01 -2.917566870682065105e-01
-1.040323611541111148e+01 -2.916807498455511460e-01
-1.039980632649271186e+01 -2.915874592540484977e-01
-1.039577150758423407e+01 -2.914875591496968732e-01
-1.039181667084400829e+01 -2.913844427990421315e-01
-1.038843723095309635e+01 -2.912993308719381558e-01
-1.038322579123388678e+01 -2.911946170173687620e-01
-1.037999230979720089e+01 -2.911080477958454260e-01
-1.037487091886091939e+01 -2.909959695050397532e-01
-1.036956996627895755e+01 -2.908657361969139155e-01
-1.036611510277502113e+01 -2.907777700725535652e-01
-1.036292476961885001e+01 -2.906975337469017151e-01
-1.035898963593166400e+01 -2.906109693288462248e-01
-1.035500479247637351e+01 -2.905166157484538880e-01
-1.035119095110944265e+01 -2.904341037771453471e-01
-1.034585206033941418e+01 -2.902900342076958351e-01
-1.034155270724714271e+01 -2.901905744328786008e-01
-1.033668308865602370e+01 -2.900844514039446764e-01
-1.033349828420376504e+01 -2.900051507768535153e-01
-1.032858045307897576e+01 -2.898943875242893098e-01
-1.032421176644734118e+01 -2.898035674735062184e-01
-1.032036212558132782e+01 -2.897052720991361574e-01
-1.031590082285802090e+01 -2.896067127796758678e-01
-1.031147111848042286e+01 -2.894898186551497776e-01
-1.030664154829618262e+01 -2.893736686543997294e-01
-1.030262246223846923e+01 -2.892935880026445417e-01
-1.029864157017023452e+01 -2.891958483248558420e-01
-1.029521658288870967e+01 -2.891276348325573786e-01
-1.029215558688175669e+01 -2.890594632096024630e-01
-1.028801932311884215e+01 -2.889658779794009869e-01
-1.028376996569840784e+01 -2.888640992992208001e-01
-1.028012294950812411e+01 -2.887741571608414826e-01
-1.027595364715397430e+01 -2.886790586354400778e-01
-1.027135915794983134e+01 -2.885534325062747985e-01
-1.026547374949918456e+01 -2.884141480809109259e-01
-1.025951095937006485e+01 -2.882648478694301297e-01
-1.025472962396009713e+01 -2.881248226754905550e-01
-1.025208944110868714e+01 -2.880536087538539958e-01
-1.024774985211498546e+01 -2.879548024068449563e-01
-1.024409850900577013e+01 -2.878745363399857204e-01
-1.023923209505140974e+01 -2.877613800818262790e-01
-1.023412391446476377e+01 -2.876298498755827660e-01
-1.022690943553456755e+01 -2.874105758627020779e-01
-1.022311070144998624e+01 -2.873108108858153931e-01
-1.021914217653378998e+01 -2.872190923634044823e-01
-1.021451739484839294e+01 -2.871187978887731473e-01
-1.020967005357435653e+01 -2.870047460880598145e-01
-1.020459482097222192e+01 -2.868858109822486346e-01
-1.020128260215903282e+01 -2.868041519206268597e-01
-1.019640675307216604e+01 -2.866896801829041941e-01
-1.019279880648209158e+01 -2.866122723836316832e-01
-1.018896991026235099e+01 -2.865151359121386188e-01
-1.018311805693328331e+01 -2.863820674748958073e-01
-1.018010424578061013e+01 -2.863151027395893777e-01
-1.017559573644212279e+01 -2.862055733907372668e-01
-1.017199692501162822e+01 -2.861258110688982281e-01
-1.016773507570464830e+01 -2.860095649255001704e-01
-1.016457375726600354e+01 -2.859117580238670908e-01
-1.016098967695014821e+01 -2.858351991260249525e-01
-1.015694990140500487e+01 -2.857364975364478088e-01
-1.015289739916623013e+01 -2.856320876301116085e-01
-1.014908445481351151e+01 -2.855587125925444503e-01
-1.014617132965622659e+01 -2.854722910501242272e-01
-1.014304751222394252e+01 -2.853934475399686477e-01
-1.013903028211839619e+01 -2.853028883057679987e-01
-1.013551779579317191e+01 -2.852316920258525790e-01
-1.013088695834384012e+01 -2.851144582165900387e-01
-1.012773062997430529e+01 -2.850519981107588752e-01
-1.012292476607774105e+01 -2.849465332667997508e-01
-1.011881650104828800e+01 -2.848441591643224302e-01
-1.011572868598260300e+01 -2.847699007617054412e-01
-1.011097963600643190e+01 -2.846728217374356884e-01
-1.010695216018461196e+01 -2.845995767074163130e-01
-1.010294165123930910e+01 -2.845058464544273913e-01
-1.009879378467917554e+01 -2.844067663165886217e-01
-1.009563595384353896e+01 -2.843382134248915727e-01
-1.009182880985343544e+01 -2.842257740553997269e-01
-1.008763027184238226e+01 -2.841392633209118279e-01
-1.008140226202706913e+01 -2.839520208678478208e-01
-1.007790068520661642e+01 -2.838568319095883807e-01
-1.007528113444092455e+01 -2.838028864042703159e-01
-1.007165011412597089e+01 -2.837024120367781510e-01
-1.006760407160121495e+01 -2.836159188028550826e-01
-1.006265308265230729e+01 -2.834979279871789881e-01
-1.005894686911117653e+01 -2.833960186179611540e-01
-1.005428602254235138e+01 -2.833032169878817452e-01
-1.005093465290319443e+01 -2.832098077884117604e-01
-1.004618357396996409e+01 -2.831078718584519316e-01
-1.004220271221156757e+01 -2.830105156468373240e-01
-1.003867317524410652e+01 -2.829402783337107152e-01
-1.003510802284691650e+01 -2.828568350573532619e-01
-1.003111725975160162e+01 -2.827802733355951337e-01
-1.002687174372945478e+01 -2.826899437598297538e-01
-1.002227991008395946e+01 -2.825914821656271836e-01
-1.001912832784378260e+01 -2.825218903440454565e-01
-1.001554257086788802e+01 -2.824370574772058773e-01
-1.001112607460832571e+01 -2.823424030791222283e-01
-1.000626278531993485e+01 -2.822213336597499400e-01
-1.000152242265542313e+01 -2.821005277176703574e-01
-9.997034363544045732e+00 -2.819845725873975084e-01
-9.993010900470842728e+00 -2.818956592022290319e-01
-9.989518515184059311e+00 -2.818096460783946489e-01
-9.986091363392269216e+00 -2.817195092175776572e-01
-9.982705651620930709e+00 -2.816344356044729880e-01
-9.978702095146619655e+00 -2.815335507844902718e-01
-9.975518036268409716e+00 -2.814572710677096246e-01
-9.971531533967356253e+00 -2.813448240938953293e-01
-9.968625189149170396e+00 -2.812721861909116550e-01
-9.965057439510415449e+00 -2.811857130415391093e-01
-9.961070028808698851e+00 -2.810853024838926850e-01
-9.956163655294268722e+00 -2.809852864564200137e-01
-9.951628026114521575e+00 -2.808894223937773993e-01
-9.948558487979045850e+00 -2.808129888027058318e-01
-9.944051082377301398e+00 -2.806863202232938170e-01
-9.940197553408443909e+00 -2.805935106302044346e-01
-9.935857369957126650e+00 -2.804975431028822186e-01
-9.931613700704401637e+00 -2.803897897936725170e-01
-9.928733162935367673e+00 -2.803034684871937854e-01
-9.925066086185635683e+00 -2.802159573636514023e-01
-9.922837362772140679e+00 -2.801525689252856721e-01
-9.919838197043359784e+00 -2.800783722671021381e-01
-9.917057664561431451e+00 -2.800000574936703512e-01
-9.914072243053555056e+00 -2.799274928098156590e-01
-9.910718251016295000e+00 -2.798437468079494339e-01
-9.906973793881789447e+00 -2.797488402419204823e-01
-9.903042757776733040e+00 -2.796654353700002149e-01
-9.899557581948162266e+00 -2.795870796374032574e-01
-9.896091545453559846e+00 -2.794999723461853436e-01
-9.891877875009551957e+00 -2.794157208315813379e-01
-9.888792348039848079e+00 -2.793394880123743484e-01
-9.885096603206307009e+00 -2.792469642652914974e-01
-9.881934220583522333e+00 -2.791575246050588266e-01
-9.878474266360115053e+00 -2.790978643835579365e-01
-9.875107971395046036e+00 -2.789954738712489557e-01
-9.870454371977688268e+00 -2.788847281611238071e-01
-9.866308086133798838e+00 -2.787824231440812484e-01
-9.862380653330861335e+00 -2.786880330242935688e-01
-9.857491025904028703e+00 -2.785825242240968502e-01
-9.854235172528939657e+00 -2.785084673459357063e-01
-9.849462404441782226e+00 -2.783719615179267581e-01
-9.847396008706846615e+00 -2.783203414261010700e-01
-9.844323510132857891e+00 -2.782359463855981208e-01
-9.840416538761969534e+00 -2.781375355019551909e-01
-9.834914409236453992e+00 -2.780151629671701596e-01
-9.830320092428308953e+00 -2.779145286493605038e-01
-9.825641181386227885e+00 -2.778081153447738427e-01
-9.822045364785905619e+00 -2.777040311431591690e-01
-9.817201157234897835e+00 -2.775703212407198972e-01
-9.812701734473927573e+00 -2.774624443852098388e-01
-9.810155158629550343e+00 -2.774033493357696556e-01
-9.806503776024634078e+00 -2.773030403433336399e-01
-9.802677578741009867e+00 -2.772095050972913644e-01
-9.798927312046510352e+00 -2.771149853437779309e-01
-9.795773968038512081e+00 -2.770375897077010374e-01
-9.791533120441142657e+00 -2.769204946927526501e-01
-9.787298872242020664e+00 -2.768285764038846963e-01
-9.782405415914304569e+00 -2.767057192995308612e-01
-9.778923836828100846e+00 -2.766332570589511985e-01
-9.774047716088826832e+00 -2.765096808377145998e-01
-9.770537129357427020e+00 -2.763964249211975366e-01
-9.767812333161323579e+00 -2.763434074756006553e-01
-9.764119084229896828e+00 -2.762513601687334175e-01
-9.761244409249538734e+00 -2.761841286375261162e-01
-9.758375683769251907e+00 -2.761038056804934193e-01
-9.755968877654861870e+00 -2.760431252144134873e-01
-9.753093146611760744e+00 -2.759712783259667401e-01
-9.749275197720880470e+00 -2.758779340568573435e-01
-9.744062927112361550e+00 -2.757423468514242360e-01
-9.740922966097878444e+00 -2.756510919847218744e-01
-9.738068796338879451e+00 -2.755740226964054074e-01
-9.731660887148828820e+00 -2.754070791843253319e-01
-9.727613254870782100e+00 -2.753103943120045471e-01
-9.722209680470513149e+00 -2.751730974908429550e-01
-9.717709081786221503e+00 -2.750723892913868873e-01
-9.713878816424239560e+00 -2.749640582481478468e-01
-9.710448466402077372e+00 -2.748688204493699438e-01
-9.706271584805923780e+00 -2.747486424792514592e-01
-9.703504261104107798e+00 -2.746768006794090833e-01
-9.700351990501546950e+00 -2.745966858116459797e-01
-9.695485123803280203e+00 -2.744692230596847415e-01
-9.691757365830120818e+00 -2.743850048838490374e-01
-9.687947190952845844e+00 -2.742782700946899688e-01
-9.682895276755390412e+00 -2.741600298697733362e-01
-9.679146476762058526e+00 -2.740636538978813985e-01
-9.674334712842821205e+00 -2.739362334850243830e-01
-9.671513598817679025e+00 -2.738530447163518566e-01
-9.668405226183494960e+00 -2.737919687134541258e-01
-9.664970027560187305e+00 -2.737054211410649418e-01
-9.661103704886903287e+00 -2.736068670624484667e-01
-9.658624789637615393e+00 -2.735518518972391844e-01
-9.655162341851777796e+00 -2.734587831147026749e-01
-9.650926384044431927e+00 -2.733345170919276867e-01
-9.648181232580464339e+00 -2.732778827413051559e-01
-9.643658062672885833e+00 -2.731558900871027262e-01
-9.639232278728295356e+00 -2.730485872620762589e-01
-9.635648632396742741e+00 -2.729602390510420529e-01
-9.632226955965640158e+00 -2.728881307958438973e-01
-9.628815605862431681e+00 -2.728071257116271853e-01
-9.624867949635024900e+00 -2.727253934940396807e-01
-9.619995372407155187e+00 -2.726095349285552194e-01
-9.616580949574709436e+00 -2.725170944756389324e-01
-9.612226093764039803e+00 -2.724218022229419334e-01
-9.608694108254580257e+00 -2.723139235203902442e-01
-9.604687346685279792e+00 -2.721962266353531446e-01
-9.601123860788364439e+00 -2.721061485412962777e-01
-9.596777089632540836e+00 -2.719985589788432301e-01
-9.593286066320464656e+00 -2.719186042166434891e-01
-9.589944075790075573e+00 -2.718450567991761990e-01
-9.586647502508306218e+00 -2.717584444492162632e-01
-9.582951985345889767e+00 -2.716631898524466404e-01
-9.578970668317504433e+00 -2.715667273283772776e-01
-9.574685707001952650e+00 -2.714674251390635229e-01
-9.571014164645729849e+00 -2.713638565462073160e-01
-9.567251758740022538e+00 -2.712783902563622451e-01
-9.564323057228108382e+00 -2.712116263020905027e-01
-9.561020297326079387e+00 -2.711206239079441138e-01
-9.557125081393930799e+00 -2.710598052053399543e-01
-9.554230202860111376e+00 -2.709782070802932430e-01
-9.550652383323560812e+00 -2.708780416715566575e-01
-9.547860435218783692e+00 -2.708105161559348772e-01
-9.544963032720534812e+00 -2.707430722317871741e-01
-9.541691665588968974e+00 -2.706762615902786329e-01
-9.538244112249122608e+00 -2.705782838241498900e-01
-9.534896716972228958e+00 -2.704946034549728373e-01
-9.530095170688044348e+00 -2.704017865640838125e-01
-9.526468080808735195e+00 -2.703245258461690614e-01
-9.523414540643049264e+00 -2.702607346096568830e-01
-9.520096983978165284e+00 -2.701773924255010950e-01
-9.516791397073033565e+00 -2.701117708824318231e-01
-9.513525406398445128e+00 -2.700263628475171318e-01
-9.508185250293065494e+00 -2.698874697526864042e-01
-9.504694383993960827e+00 -2.698040908883155287e-01
-9.501105486489533902e+00 -2.697063441310313947e-01
-9.497821714096517098e+00 -2.696448738092590003e-01
-9.494004922918716005e+00 -2.695314745683070057e-01
-9.489763181406811299e+00 -2.694565787597155704e-01
-9.486223943270729819e+00 -2.693698386047058135e-01
-9.482798615298984046e+00 -2.692800680872614039e-01
-9.479081744255472231e+00 -2.692071773169321114e-01
-9.474808824387483952e+00 -2.691117320120001155e-01
-9.471013611871418547e+00 -2.690365303369717243e-01
-9.467964494604462544e+00 -2.689639332372956160e-01
-9.464793926202359486e+00 -2.688831399859705762e-01
-9.461473668114306790e+00 -2.688007476646539495e-01
-9.458038242267841511e+00 -2.687063697264462925e-01
-9.452657315484934486e+00 -2.685903629599014075e-01
-9.449088776776983778e+00 -2.685077416632771219e-01
-9.445383027805609899e+00 -2.684011377985562330e-01
-9.441871521902072573e+00 -2.683317703287831923e-01
-9.437532443467707921e+00 -2.681968662592563168e-01
-9.432792127000659832e+00 -2.680803971672024444e-01
-9.429330359401117079e+00 -2.680027460604748057e-01
-9.425896994273792018e+00 -2.679157419974272925e-01
-9.422295670249475563e+00 -2.678342608154618554e-01
-9.418588775388620604e+00 -2.677266054415584073e-01
-9.416040867563490124e+00 -2.676427568697219983e-01
-9.412118600434148163e+00 -2.675503999573735081e-01
-9.409015050705034966e+00 -2.674692239928126991e-01
-9.405250174969813415e+00 -2.673895321360262312e-01
-9.401383302271741016e+00 -2.672895223713799839e-01
-9.398651334452514661e+00 -2.672044747627241867e-01
-9.396338646702540487e+00 -2.671509397654895923e-01
-9.392823165838532162e+00 -2.670661253684347702e-01
-9.390427640593692615e+00 -2.670078780539936192e-01
-9.387044469394233204e+00 -2.669063724136318538e-01
-9.383191032443841451e+00 -2.667993522168410347e-01
-9.379061981926831493e+00 -2.666877182184529405e-01
-9.376464372048287643e+00 -2.666272530020699083e-01
-9.372585947137382689e+00 -2.665278676064740115e-01
-9.369144031447218524e+00 -2.664448079052605944e-01
-9.367000443963762635e+00 -2.663701484807012854e-01
-9.362880300750138218e+00 -2.662575663647860913e-01
-9.359628254266640468e+00 -2.661680810393954322e-01
-9.356986601513222368e+00 -2.661173302107113225e-01
-9.353686209080169789e+00 -2.660417456893099386e-01
-9.350214910957934222e+00 -2.659472919946435643e-01
-9.346370565030211353e+00 -2.658517323499804408e-01
-9.341215240640599049e+00 -2.657113923907253872e-01
-9.336995413333610827e+00 -2.656000253207224104e-01
-9.333899227598958959e+00 -2.655166501064364359e-01
-9.330859505396395193e+00 -2.654417793506636536e-01
-9.327778931672309426e+00 -2.653751257436575139e-01
-9.324078355936178397e+00 -2.652828643332634240e-01
-9.320377714792655865e+00 -2.651969458729998008e-01
-9.316686234782387999e+00 -2.651079822683213294e-01
-9.313476701453639706e+00 -2.650364948009911181e-01
-9.309783873180723646e+00 -2.649538855849672969e-01
-9.305108167909795114e+00 -2.648245109298185684e-01
-9.301259566113840194e+00 -2.647476637412887746e-01
-9.297805538302997164e+00 -2.646924896961631579e-01
-9.292959329459787199e+00 -2.645761196794860770e-01
-9.290792402219544499e+00 -2.645236770175512508e-01
-9.286686690360358654e+00 -2.644334455184951804e-01
-9.283679253852044511e+00 -2.643617752705975654e-01
-9.279721562221162401e+00 -2.642758497923829997e-01
-9.277401303171567193e+00 -2.642150204515522072e-01
-9.273907541947219002e+00 -2.641277302223737355e-01
-9.270941474698508600e+00 -2.640770017039889561e-01
-9.267652790254754080e+00 -2.639856626036637399e-01
-9.265150662027350492e+00 -2.639474726617814793e-01
-9.262046685206701824e+00 -2.638731851272502760e-01
-9.257580915194965954e+00 -2.637576192952620913e-01
-9.253376741719858245e+00 -2.636453767022730044e-01
-9.249561492911363203e+00 -2.635390235439780127e-01
-9.247102230756961916e+00 -2.634835027262444895e-01
-9.243778864559269337e+00 -2.634007954625923742e-01
-9.240658352447804091e+00 -2.633253559933736443e-01
-9.238064385268058842e+00 -2.632617348431209314e-01
-9.235465444973849358e+00 -2.632014363608148888e-01
-9.230871209115337095e+00 -2.630781441638777585e-01
-9.227952227325948442e+00 -2.630007175006900955e-01
-9.224888104750309736e+00 -2.629193246728926403e-01
-9.222546847824711236e+00 -2.628602329610201238e-01
-9.219849021593008231e+00 -2.627856189164812784e-01
-9.216532351734000983e+00 -2.626940776059988325e-01
-9.212568411611325558e+00 -2.626116590017653074e-01
-9.210319576094372351e+00 -2.625637744226526071e-01
-9.205529741276802014e+00 -2.624302577192958452e-01
-9.203047070339875901e+00 -2.623588292327672655e-01
-9.199722292497993337e+00 -2.622763988472067154e-01
-9.196860750752430036e+00 -2.622010256762158931e-01
-9.192936269835888297e+00 -2.621128716364636291e-01
-9.188450850376538526e+00 -2.620012451353320726e-01
-9.185561547848505981e+00 -2.619459735171998371e-01
-9.182497408442818809e+00 -2.618778026335866760e-01
-9.180073492434754456e+00 -2.618155986868775376e-01
-9.177095632867773745e+00 -2.617348690795481825e-01
-9.173818424525141069e+00 -2.616574161356344241e-01
-9.170799866183665827e+00 -2.615936275695309177e-01
-9.167639865654621190e+00 -2.615183357330780334e-01
-9.164182278039547214e+00 -2.614461909887465518e-01
-9.159950402085121013e+00 -2.613562770822652759e-01
-9.157436907706246743e+00 -2.613010397297286791e-01
-9.154524682973002925e+00 -2.612279702357137023e-01
-9.151947042681371158e+00 -2.611567864240762482e-01
-9.147680547632369041e+00 -2.610455700576972404e-01
-9.144347473127405479e+00 -2.609637949181334293e-01
-9.140461776921432246e+00 -2.608721878372210479e-01
-9.136190127842029440e+00 -2.607773740746281432e-01
-9.132792683150942281e+00 -2.606884112650733609e-01
-9.129660347661857855e+00 -2.606003523732082772e-01
-9.126361717688027397e+00 -2.605325506248311607e-01
-9.122548861772285633e+00 -2.604225363921188197e-01
-9.119982468278395871e+00 -2.603479783590832430e-01
-9.117578619193233536e+00 -2.602907968185367293e-01
-9.114477775674805216e+00 -2.602298961144401401e-01
-9.110951249277270847e+00 -2.601334509578256959e-01
-9.108003638939974778e+00 -2.600452581161448729e-01
-9.103936502313400680e+00 -2.599441854480917802e-01
-9.100902101195233129e+00 -2.598565414212867242e-01
-9.097820989268758041e+00 -2.597829027640904953e-01
-9.094908990364693580e+00 -2.597013345301429910e-01
-9.092136211826854719e+00 -2.596236055051429070e-01
-9.087608147224798927e+00 -2.595226663540207701e-01
-9.084958725394235657e+00 -2.594394456149680117e-01
-9.081210798129246697e+00 -2.593462808946525033e-01
-9.078163797226173060e+00 -2.592984676498141794e-01
-9.075524819304963131e+00 -2.592392774267824329e-01
-9.072101358235581614e+00 -2.591533493211617967e-01
-9.069730439750886219e+00 -2.590870506741115853e-01
-9.066888880775762161e+00 -2.590289331314332144e-01
-9.063935841435776908e+00 -2.589578620124495245e-01
-9.060177537336761233e+00 -2.588714022278610916e-01
-9.055518288842373309e+00 -2.587731819985601422e-01
-9.052339257957541463e+00 -2.587178412558817087e-01
-9.049211085415940659e+00 -2.586593103650993153e-01
-9.045184202846542121e+00 -2.585626328583601752e-01
-9.042207037897421529e+00 -2.585007504890389218e-01
-9.036969088084550350e+00 -2.583884902979340925e-01
-9.033336739638954782e+00 -2.583072593247560667e-01
-9.030793783494146965e+00 -2.582520680625175480e-01
-9.027636209630092168e+00 -2.581759996112230060e-01
-9.023865002135682545e+00 -2.580811825593496978e-01
-9.021556877390162654e+00 -2.580101681029788319e-01
-9.018763667755644420e+00 -2.579249231478330517e-01
-9.015547827639158740e+00 -2.578389947012077466e-01
-9.012947837362425219e+00 -2.577653621536437067e-01
