4.000000000000000000e+00 4.000000000000000000e+00
2.373333333333332629e+00 7.733333333333334281e+00
7.466666666666661456e-01 1.146666666666666856e+01
-8.800000000000003375e-01 1.520000000000000107e+01
-2.971539625126455864e+00 1.779375011715681509e+01
-7.321424656857858260e+00 1.409493611364393395e+01
-1.244482199636975395e+01 1.058483147276858816e+01
-1.703712113240143111e+01 9.878574921841275724e+00
-2.011561744698090592e+01 9.217118885195967337e+00
-2.225547307556121979e+01 8.602192173259586738e+00
-2.402080506567926932e+01 8.027919520076524762e+00
-2.545233441646096395e+01 7.491544737507171092e+00
-2.659830257216422922e+01 6.986262341450252045e+00
-2.747159656742707767e+01 6.516911090712141252e+00
-2.810303085440303761e+01 6.081567364211958093e+00
-2.852670213696671553e+01 5.675020668530243562e+00
-2.876938503695505744e+01 5.294128578352412795e+00
-2.885046674732892313e+01 4.940569803603046317e+00
-2.879205874613307259e+01 4.610603393155397356e+00
-2.861231262328271541e+01 4.301785946158413587e+00
-2.832714450956846974e+01 4.012483525049509225e+00
-2.795042444824615657e+01 3.741516478120710865e+00
-2.749864181091566806e+01 3.490727278873337003e+00
-2.697995446733559533e+01 3.255970936735526067e+00
-2.640932725278997140e+01 3.038244454484423596e+00
-2.579488344379246101e+01 2.835397895245598043e+00
-2.514425447462183172e+01 2.646038227199985382e+00
-2.446494821851500490e+01 2.469179508205342266e+00
-2.376376562323217811e+01 2.304032284013671550e+00
-2.304687537531164310e+01 2.149900496259369742e+00
-2.231982968222408914e+01 2.006133284125718674e+00
-2.158756869657093702e+01 1.872105273281847948e+00
-2.085430868080483435e+01 1.747185604679354354e+00
-2.011442134179444352e+01 1.629189026521464134e+00
-1.937707807734503263e+01 1.518713476917269434e+00
-1.865394793243446614e+01 1.416668881767523036e+00
-1.794481153175218680e+01 1.322126797967982270e+00
-1.724196474759706987e+01 1.233244378492340365e+00
-1.654968402161656371e+01 1.149961744063858093e+00
-1.587863579865484986e+01 1.073038559296014771e+00
-1.521515357772453569e+01 1.000347831736313475e+00
-1.457303554892313535e+01 9.330336336716759105e-01
-1.395264390905921914e+01 8.706901129177254672e-01
-1.334686346809951374e+01 8.122123060718778875e-01
-1.276046260219581718e+01 7.577512332705774734e-01
-1.219524216448342635e+01 7.071770612682555246e-01
-1.164251861157887724e+01 6.594407868047400534e-01
-1.110602094980497689e+01 6.146684593945006547e-01
-1.059424010020107154e+01 5.733811079429877999e-01
-1.009633387431505724e+01 5.344915525611735330e-01
-9.621556477162318544e+00 4.985728144784601357e-01
-9.160375849315226304e+00 4.647226259578967622e-01
-8.721516935352493505e+00 4.334627647624132996e-01
-8.296161031041920708e+00 4.040176640811241060e-01
-7.892235472522306949e+00 3.768378621072956958e-01
-7.501541385891196789e+00 3.512495466666095134e-01
-7.131211674291373370e+00 3.276380324141586753e-01
-6.773646656399506583e+00 2.885390580272385597e-01
-6.430641150533209505e+00 -4.577477779713611916e+00
-6.104429312275164499e+00 -1.079619856142268652e+01
-4.968336971827325144e+00 -1.622194292313432129e+01
-2.022989492149917634e+00 -2.025825073858956671e+01
2.706907157908557959e+00 -2.131629108527262773e+01
8.731106511387777047e+00 -1.789723417271108730e+01
1.521760362893651575e+01 -1.535874390176451776e+01
2.087031739513347972e+01 -1.433447011032725626e+01
2.513355976931327618e+01 -1.337864420058198256e+01
2.850683961921514964e+01 -1.248651699207270660e+01
3.132674154340568862e+01 -1.165167205291883690e+01
3.363649145019302722e+01 -1.087456189333842893e+01
3.550318996079202094e+01 -1.014770065636512442e+01
3.696748657896549162e+01 -9.470519837294972376e+00
3.808714295400162797e+01 -8.834376525232835675e+00
3.889133837801748683e+01 -8.240783520915419658e+00
3.941918530089670014e+01 -7.685035348381172859e+00
3.969671521600930220e+01 -7.169964312543481100e+00
3.975882267720983521e+01 -6.690020868366055140e+00
3.963405845082901635e+01 -6.241358761641614628e+00
3.934701843178346081e+01 -5.821331155898822551e+00
3.891875786950161853e+01 -5.428029582810815157e+00
3.837269166975119106e+01 -5.064145795030304598e+00
3.772281294996940915e+01 -4.723765730632429438e+00
3.699017593767531764e+01 -4.408077609348853620e+00
3.618735376346599253e+01 -4.113847663224483142e+00
3.531770262886566059e+01 -3.836051766877559999e+00
3.440619330312875945e+01 -3.578475051350742842e+00
3.345577413033894487e+01 -3.337592787148267348e+00
3.248394235811071695e+01 -3.114599846791767490e+00
3.147613300582542095e+01 -2.902835244746417409e+00
3.045860298830746160e+01 -2.705940810903677107e+00
2.943786835240959476e+01 -2.522994109321971212e+00
2.841895513391190420e+01 -2.353013022980301905e+00
2.740681758824602099e+01 -2.195062195909704972e+00
2.640565448222266198e+01 -2.048261770516905500e+00
2.539887995462785852e+01 -1.908839367576750323e+00
2.441144573693878428e+01 -1.779426259570351831e+00
2.344649549663443366e+01 -1.659452902134024077e+00
2.250558862743280386e+01 -1.548223555363219095e+00
2.157185033127597507e+01 -1.442882192232027183e+00
2.066659264171030586e+01 -1.345283206126013598e+00
1.979107236933610281e+01 -1.254924603027569363e+00
1.894504163849466849e+01 -1.171193842934724172e+00
1.811289993547135779e+01 -1.092004026275450235e+00
1.731548122049196436e+01 -1.018980631139084325e+00
1.654193044738303797e+01 -9.506878832048720751e-01
1.579647966713392293e+01 -8.871740325394477100e-01
1.506611084646604226e+01 -8.269955451191469686e-01
1.436713016946686139e+01 -7.712839904084589637e-01
1.369935191250278272e+01 -7.197540758998739463e-01
1.305085614630035451e+01 -6.712354821971918684e-01
1.242836854150023562e+01 -6.260435768994226935e-01
1.183403266177515611e+01 -5.841440805104669565e-01
1.125653649209499463e+01 -5.445588809602088798e-01
1.070770625411608457e+01 -5.079718274379885212e-01
1.017660471699411318e+01 -4.734975979720767447e-01
9.673169521967214024e+00 -4.416760509717662098e-01
9.187104835114938695e+00 -4.117225226260629034e-01
8.727172393321604105e+00 -3.840869169368353320e-01
8.283804952490042339e+00 -3.580821035455418744e-01
7.864837868363315110e+00 -3.340924425338926973e-01
7.461439020602363748e+00 -3.115189744770884839e-01
7.080659190006121761e+00 -2.906938286854773845e-01
6.714396046661072148e+00 -5.823085748606629530e-02
6.366679499525086605e+00 6.050247984525638500e+00
6.000111948415291607e+00 1.209367770569143374e+01
4.581426373959485154e+00 1.733428243304847527e+01
1.186877327853168573e+00 2.099135076161223168e+01
-3.896176508871973532e+00 2.102787612776507231e+01
-1.015335489522277257e+01 1.637887916581439640e+01
-1.662013589446676676e+01 1.527351723337961253e+01
-2.187333878939890042e+01 1.425493305462252813e+01
-2.579926230294016065e+01 1.330398322842802905e+01
-2.910144588281939448e+01 1.241650719292207050e+01
-3.186549102198496897e+01 1.158362294337481302e+01
-3.411959793798892804e+01 1.080959592735224994e+01
-3.593597584945589318e+01 1.008520193643547813e+01
-3.734954889058414551e+01 9.411908378042259216e+00
-3.841921589211990096e+01 8.780883586887275882e+00
-3.917355134830595631e+01 8.194844949387581678e+00
-3.965525183248718122e+01 7.648139693700824360e+00
-3.989834940548109188e+01 7.137348336588161146e+00
-3.993310033316875263e+01 6.658990268052212613e+00
-3.978482491010657895e+01 6.210772677229662975e+00
-3.947755150037804128e+01 5.795559812670320277e+00
-3.903153115093932257e+01 5.406318401531807538e+00
-3.846927459842147101e+01 5.044779236533851297e+00
-3.780742455173685812e+01 4.707417931728810068e+00
-3.706061884283629126e+01 4.392020753157144242e+00
-3.624278560617791101e+01 4.097071957134864384e+00
-3.536652096155354030e+01 3.821384103569140045e+00
-3.444335861234347362e+01 3.563911816188841009e+00
-3.348383893909397102e+01 3.323664180739833718e+00
-3.249750855159929586e+01 3.099670089657182714e+00
-3.149291536793491275e+01 2.890970156580657591e+00
-3.047762269853759776e+01 2.696620461657778023e+00
-2.945824650817410628e+01 2.515700317249751627e+00
-2.844051178439566030e+01 2.347320232412946517e+00
-2.742929781827974978e+01 2.190615002045178006e+00
-2.641542124067631647e+01 2.042710905793788445e+00
-2.541150765515809695e+01 1.904432365044262054e+00
-2.442470787669441634e+01 1.775761419182847023e+00
-2.345900917972108601e+01 1.656277919001817978e+00
-2.251698504346571994e+01 1.545398176769878340e+00
-2.158187132318634482e+01 1.440318200564991047e+00
-2.067525593845340381e+01 1.342932864869456289e+00
-1.979846190822602026e+01 1.252757200478948896e+00
-1.893476702362833564e+01 1.167495932154413385e+00
-1.810291139033151353e+01 1.088593819643571825e+00
-1.730319710041839443e+01 1.015612934077934737e+00
-1.651978861935147336e+01 9.466810889308044930e-01
-1.576889352057104432e+01 8.829263549925346899e-01
-1.505004846438608723e+01 8.239635398069348193e-01
-1.434811813593414342e+01 7.682410688782256303e-01
-1.367219897599597545e+01 7.162654396100919252e-01
-1.302554541266339072e+01 6.680640604146423911e-01
-1.240847333375147521e+01 6.234459211029936831e-01
-1.181022936121733835e+01 5.814226122867438562e-01
-1.123709999032624118e+01 5.422854700639866410e-01
-1.069097379269209647e+01 5.060090759064558297e-01
-1.016136119271356186e+01 4.717488949237164664e-01
-9.658942624197932147e+00 4.400914592061182518e-01
-9.173578627882545078e+00 4.102692881888078125e-01
-8.714210398810790181e+00 3.827452088084660753e-01
-8.271321505664593232e+00 3.568388064156690076e-01
-7.852795439676356182e+00 3.329372628052895133e-01
-7.449818611543806313e+00 3.104449504031676632e-01
-7.069425895188064857e+00 2.896926882370440826e-01
-6.706699438630911558e+00 -6.060720142433874413e-02
-6.358514622276342898e+00 -6.009138868677701417e+00
-5.973244641783973741e+00 -1.201811717086337516e+01
-4.543124698060021949e+00 -1.723937276824733900e+01
-1.170274450657334819e+00 -2.087403309275335062e+01
3.881704238695725451e+00 -2.087997054381223805e+01
1.010463643783769783e+01 -1.625669152881074098e+01
1.653029569179639324e+01 -1.514407213354664883e+01
2.174179912112871804e+01 -1.413441754845003118e+01
2.563075440251233061e+01 -1.319207511160926671e+01
2.890487739621520547e+01 -1.231128453181522886e+01
3.164370911483350213e+01 -1.148509031799804525e+01
3.387646187966364408e+01 -1.071739759428104222e+01
3.567494756285523749e+01 -9.998963875763077880e+00
3.707401844869896479e+01 -9.331210751874387199e+00
3.813210281414816194e+01 -8.705377371828973310e+00
3.887755263231487390e+01 -8.124167029218376967e+00
3.935267699426451316e+01 -7.581981167309776559e+00
3.959120250436384936e+01 -7.075436776109336634e+00
3.962264124382861752e+01 -6.602248735865518192e+00
3.947320312061109604e+01 -6.159280600309622322e+00
3.916549290528381988e+01 -5.744332564765111115e+00
3.872296585575421801e+01 -5.360019588439534743e+00
3.816186188588159922e+01 -4.999848455364339195e+00
3.750384899767210101e+01 -4.665452659498869004e+00
3.676318352270519796e+01 -4.353587792570358772e+00
3.595272005249480429e+01 -4.062190100930602732e+00
3.508486043228237605e+01 -3.789824474767813367e+00
3.417083487142478049e+01 -3.535352594888471423e+00
3.322088964542946599e+01 -3.297768479926042051e+00
3.224433168479041711e+01 -3.076121918918094611e+00
3.124953028495233909e+01 -2.869488253235493946e+00
3.024392350023004283e+01 -2.676961042832174176e+00
2.923404374053422217e+01 -2.497654758183077472e+00
2.822556386278845508e+01 -2.330710807317206701e+00
2.720273130923134275e+01 -2.171883972794021123e+00
2.619217185808490811e+01 -2.024312730437181074e+00
2.519824356598762449e+01 -1.887421262866958660e+00
2.422353782647015308e+01 -1.760462419052383432e+00
2.327043374412538412e+01 -1.642681354776298619e+00
2.232202881394621130e+01 -1.531043111681231084e+00
2.140035733140760499e+01 -1.427548866326984411e+00
2.050701537643863404e+01 -1.331683519313975772e+00
1.964212739073581560e+01 -1.242827553715648348e+00
1.880109145280746219e+01 -1.159905320406555029e+00
1.797761729895575300e+01 -1.081812923262560622e+00
1.718016390818415218e+01 -1.008987420158354631e+00
1.641206414718472573e+01 -9.413699172328149345e-01
1.565933175204951411e+01 -8.773757330036997537e-01
1.493845677021794316e+01 -8.181617127340872209e-01
1.424929908399286660e+01 -7.634162245549146464e-01
1.357782506872549178e+01 -7.117449105575058832e-01
1.293738760765702800e+01 -6.639780476437756596e-01
1.231524700844214770e+01 -6.189344161000712718e-01
1.172334275553980376e+01 -5.773270697066470447e-01
1.114979301560560287e+01 -5.381288162734952918e-01
1.060531169559657449e+01 -5.019438996895674299e-01
1.007882870048883461e+01 -4.678763660548753700e-01
9.579944044251060831e+00 -4.364400733935484000e-01
9.098379177031887366e+00 -4.068538804247537888e-01
8.642751530796974890e+00 -3.795578943943501149e-01
8.203554417754164163e+00 -3.538717812591945511e-01
7.788541258528649536e+00 -3.301749355646920181e-01
7.388950028676655180e+00 -3.078753057083370437e-01
7.011744006749445646e+00 -2.873000435680463371e-01
6.651440821993318764e+00 1.437203150996175571e+00
6.300774861231397850e+00 6.710444348891489774e+00
5.685045981627303568e+00 1.261186431433623056e+01
3.920839489222344376e+00 1.753482453967322030e+01
3.732154972956486794e-01 2.052215304668657936e+01
-4.776877446316593279e+00 1.968047741798662287e+01
-1.093217340902677037e+01 1.426165134859545880e+01
-1.703815132495850193e+01 1.330651827534090437e+01
-2.167279580071702227e+01 1.241936364916998059e+01
-2.491569133742108377e+01 1.159118667565674521e+01
-2.765001730891837184e+01 1.081283630367054727e+01
-2.989317477544768309e+01 1.009064726420446512e+01
-3.171058316411471978e+01 9.417427748612828609e+00
-3.315526523762089539e+01 8.787703455030959176e+00
-3.427841871655927974e+01 8.194408560599930169e+00
-3.510017105897779288e+01 7.641763840929060692e+00
-3.564817889093395564e+01 7.131603322216930607e+00
-3.596451983370126726e+01 6.655541976610988897e+00
-3.607997237689506420e+01 6.209471143523503933e+00
-3.601858129000101627e+01 5.795124277574965177e+00
-3.580438031875495142e+01 5.408174749605684895e+00
-3.545734333640842095e+01 5.045905535057249480e+00
-3.499532263423082412e+01 4.706528126593158667e+00
-3.443411167067191059e+01 4.388736180570535161e+00
-3.378818300015117160e+01 4.091447475716619486e+00
-3.307748863882739698e+01 3.816665623894558657e+00
-3.230787913180679993e+01 3.559852181740797317e+00
-3.149676514220134038e+01 3.321982214588350413e+00
-3.064825987100198290e+01 3.099707206853018260e+00
-2.976895536433763922e+01 2.891482027298650337e+00
-2.887534303035484839e+01 2.698548140816283691e+00
-2.796080761094231448e+01 2.516910064746514575e+00
-2.703421515427560706e+01 2.346556144562771173e+00
-2.611217847577546891e+01 2.188940989731939180e+00
-2.519640716425112004e+01 2.042712129536852661e+00
-2.427118580721294805e+01 1.903892906039404309e+00
-2.335940739927039900e+01 1.774998132975429188e+00
-2.246433233927033868e+01 1.655429790582535698e+00
-2.158788350281828272e+01 1.544500853138129681e+00
-2.071471062162198962e+01 1.439361912463227311e+00
-1.986526312460068766e+01 1.341901134811410046e+00
-1.904119099869939902e+01 1.251638538711630666e+00
-1.824291737839171645e+01 1.168011925241269067e+00
-1.745541593966016336e+01 1.088862742794501015e+00
-1.669592587621568569e+01 1.015553039802041813e+00
-1.596477327727448348e+01 9.476780632511394575e-01
-1.525379302738636511e+01 8.840884092216779733e-01
-1.456794856917704628e+01 8.249097816818407036e-01
-1.389555683064476455e+01 7.688281335035334063e-01
-1.325184060545579356e+01 7.169148817375321503e-01
-1.263680068663367173e+01 6.689170971677150801e-01
-1.203794152472810453e+01 6.236204708766719396e-01
-1.146714012190976639e+01 5.817532234771720656e-01
-1.091302117874991850e+01 5.422813723176810319e-01
-1.038615165935060425e+01 5.058263346433781171e-01
-9.875918966985663516e+00 4.714876499084471595e-01
-9.391794802079502347e+00 4.397918644660598897e-01
-8.923899663335911114e+00 4.099534799012747310e-01
-8.480722132396897095e+00 3.824209787687899986e-01
-8.053098774507805757e+00 3.565096617596000272e-01
-7.648653201694592063e+00 3.326042771141472509e-01
-7.258918452715078296e+00 3.101086041311711394e-01
-6.890757393671123943e+00 2.893544224881520188e-01
-6.531884786415725230e+00 -4.052156568534540426e+00
-6.193289282124593953e+00 -1.044210853420073626e+01
-5.140618349623356842e+00 -1.598407206686629678e+01
-2.333538628962192440e+00 -2.019506383827019036e+01
2.314492102896125836e+00 -2.153323056447565520e+01
8.312138967471268458e+00 -1.848608558700349747e+01
1.485208035839540130e+01 -1.552427573432582086e+01
2.066904263592829949e+01 -1.448758819863102687e+01
2.510991096802741041e+01 -1.351515149017310158e+01
2.854228153531354195e+01 -1.261321530932761981e+01
3.142050811475251137e+01 -1.176694551313959280e+01
3.377407508446801643e+01 -1.098059870098653867e+01
3.567049128839703087e+01 -1.024743013724777541e+01
3.716813389936571355e+01 -9.560960086229584931e+00
3.830054788137947952e+01 -8.922871894955124006e+00
3.911553548189531426e+01 -8.327490112744630579e+00
3.965036778348184754e+01 -7.772118139413852766e+00
3.994362103341551062e+01 -7.249788085978711827e+00
4.001783311805947818e+01 -6.766223022643893970e+00
3.990461476236770011e+01 -6.310163227513764461e+00
3.962619136103303674e+01 -5.885593225884418800e+00
3.920484719752094804e+01 -5.489098328399327542e+00
3.865947254348544959e+01 -5.118361788225485931e+00
3.801345855363074122e+01 -4.775461917003944734e+00
3.727775052430467895e+01 -4.454547165782148710e+00
3.647304294669104507e+01 -4.156931147786781189e+00
3.561010570785627039e+01 -3.879587590608403858e+00
3.469688393387941971e+01 -3.619921640054248879e+00
3.374488129826675475e+01 -3.377138114566340388e+00
3.276026426199869235e+01 -3.149462099059765929e+00
3.176170272729944699e+01 -2.938560497565826601e+00
3.075314133632455693e+01 -2.742500194316112250e+00
2.972974315326994699e+01 -2.558075254267409449e+00
2.870349670140234366e+01 -2.385723147032527081e+00
2.767867035352832872e+01 -2.224593438651854882e+00
2.667045067584991003e+01 -2.075748294945897854e+00
2.565953213480771922e+01 -1.934902755060413648e+00
2.466847388812317377e+01 -1.804303779551330145e+00
2.369967025717541986e+01 -1.683218054194170588e+00
2.275434821589765377e+01 -1.570874600984028646e+00
2.181471998352619579e+01 -1.464296988067982364e+00
2.089535736255830400e+01 -1.364605713084038774e+00
2.000308846354436909e+01 -1.271978736129409926e+00
1.914056413956217639e+01 -1.186149743790132938e+00
1.830873005014039023e+01 -1.106672963594495185e+00
1.749182484145966754e+01 -1.031535735497046913e+00
1.670725412804250354e+01 -9.620082510694334399e-01
1.595493745052042911e+01 -8.976971244339702061e-01
1.521968942614199349e+01 -8.369522608163517674e-01
1.451648364642024092e+01 -7.807658795343777047e-01
1.383154702402197245e+01 -7.277501795720502376e-01
1.317835199873936425e+01 -6.787604849974452348e-01
1.255618072802012186e+01 -6.335067126238203006e-01
1.195462833248193490e+01 -5.910121180955050235e-01
1.137926104356161794e+01 -5.515065877121408944e-01
1.082406962035394216e+01 -5.144135938275589126e-01
1.028767965852023636e+01 -4.795166365068651571e-01
9.779576863339073611e+00 -4.473232943826972452e-01
9.289059122125536305e+00 -4.170251208968089873e-01
8.824862630234019178e+00 -3.890695366951240630e-01
8.377279436889100594e+00 -3.627578636528621669e-01
7.954236820476729086e+00 -3.384801866960546191e-01
7.546802266144263527e+00 -3.156297536877727405e-01
7.162102090112259845e+00 -2.945432055576114871e-01
6.793505804482615318e+00 -2.725434307306769943e-01
6.442738387243974962e+00 6.038298808472554846e+00
6.099165723362072633e+00 1.242416069567103598e+01
4.712322354046700745e+00 1.773939318037439250e+01
1.256798799934714328e+00 2.147430494592206429e+01
-3.955347087924076632e+00 2.159468861811314966e+01
-1.035851412872251309e+01 1.685878646985357321e+01
-1.699079562771731844e+01 1.572324918310139807e+01
-2.239662315523316849e+01 1.467478449582521094e+01
-2.644337404388422286e+01 1.369628900483715483e+01
-2.985380852468147594e+01 1.278183473951174243e+01
-3.269601387276215831e+01 1.192719877812437090e+01
-3.502107011500844180e+01 1.113100062504195620e+01
-3.688824416249725857e+01 1.038846552057178307e+01
-3.835973570541472810e+01 9.691628346209689937e+00
-3.946743709445114945e+01 9.042387989575582097e+00
-4.025613454893750287e+01 8.435924438112346380e+00
-4.075863744201208050e+01 7.872441423710506037e+00
-4.101395884748371401e+01 7.346220516041166881e+00
-4.105234448315383133e+01 6.856112114215291875e+00
-4.090284756241278075e+01 6.397254987263016446e+00
-4.058994407409265648e+01 5.969249549736479032e+00
-4.013483140295317497e+01 5.568191356457093733e+00
-3.956013698539155143e+01 5.195746431441368607e+00
-3.888250765104962881e+01 4.848244923920034033e+00
-3.811708955690170342e+01 4.523385042152101576e+00
-3.727825926201960982e+01 4.219594275406471695e+00
-3.637900802101870568e+01 3.935644148556882715e+00
-3.543122813935016779e+01 3.670455676725736360e+00
-3.444578788544695414e+01 3.423007571919094438e+00
-3.343253232547976950e+01 3.192299677162290905e+00
-3.240027842967327842e+01 2.977344176240710460e+00
-3.135682931680271679e+01 2.777169223330270498e+00
-3.030901226942300752e+01 2.590826842483640924e+00
-2.926273647225159991e+01 2.417401098997138398e+00
-2.822305000415968834e+01 2.256002719997244554e+00
-2.718218054096768910e+01 2.103928238777060145e+00
-2.615198229710819433e+01 1.961828307771416702e+00
-2.513928719947644908e+01 1.829597148382215543e+00
-2.414800183844346648e+01 1.706771042821773721e+00
-2.318072666755474032e+01 1.592744134955188517e+00
-2.222016901352709084e+01 1.484629454695901574e+00
-2.128859755666741549e+01 1.384396396118161121e+00
-2.038739154211145177e+01 1.291551925432053771e+00
-1.949935949591583650e+01 1.203736036544913235e+00
-1.864385978193381987e+01 1.122450827356858749e+00
-1.782123635333811507e+01 1.047249939448980705e+00
-1.701520658816668430e+01 9.762064877022741394e-01
-1.624250481231850785e+01 9.104900496173770064e-01
-1.550264758702540213e+01 8.497038323613966826e-01
-1.477641762009977633e+01 7.919493630759320002e-01
-1.407592807454830997e+01 7.379887647566225617e-01
-1.340576765309297436e+01 6.879529644131471278e-01
-1.276672133333265258e+01 6.416845227819801822e-01
-1.214629886804233294e+01 5.980566378683827011e-01
-1.155668609231693189e+01 5.577710202825648667e-01
-1.099695743788105062e+01 5.205849328341360938e-01
-1.045580187358558355e+01 4.855789905734622658e-01
-9.940194234737488088e+00 4.530855065060019893e-01
-9.444524555356391460e+00 4.226251168107424405e-01
-8.967126024207214385e+00 3.939988206804628801e-01
-8.516048358014730368e+00 3.676037450981370358e-01
-8.081579868519263243e+00 3.427712530802702884e-01
-7.671235987550350188e+00 3.198600136684792705e-01
-7.279666168107027602e+00 2.984844732500135378e-01
-6.901488332207800447e+00 2.782840508130778323e-01
-6.539573172315989780e+00 -4.409130705031432562e+00
-6.201200229385334772e+00 -1.070587764393532382e+01
-5.085521706606198400e+00 -1.623590447797133152e+01
-2.176589624092835074e+00 -2.038277264567916802e+01
2.549930884137295184e+00 -2.157601827934535521e+01
8.606314141600448053e+00 -1.829216495092541805e+01
1.516613335367632409e+01 -1.560041692872921182e+01
2.093388021744815575e+01 -1.455992097799036245e+01
2.530691253577445110e+01 -1.358800917885551307e+01
2.874954986231336918e+01 -1.268159013340002872e+01
3.164174907821636040e+01 -1.182993211983841775e+01
3.400058539307659800e+01 -1.104055437661473249e+01
3.590359908876246209e+01 -1.030360058938441448e+01
3.740467260220221135e+01 -9.614123186828377854e+00
3.854058224119772547e+01 -8.972701930088659239e+00
3.935955542266439977e+01 -8.373209965472261374e+00
3.989583028014584443e+01 -7.814641137396406201e+00
4.019039901757174249e+01 -7.288001861387526148e+00
4.026568602186699053e+01 -6.797449701799681776e+00
4.014896746247998749e+01 -6.343151397824779991e+00
3.986679569968487868e+01 -5.919581824159718231e+00
3.944194741263491721e+01 -5.523344923327552891e+00
3.889420403701395657e+01 -5.152274653773061708e+00
3.824083407505502663e+01 -4.804842801440516453e+00
3.749756023340945177e+01 -4.479821828462229760e+00
3.667893503553645473e+01 -4.176104048590888240e+00
3.579843488007582408e+01 -3.892614690605697092e+00
3.486844492774082482e+01 -3.628278487509538852e+00
3.390022198138074572e+01 -3.382014442840924229e+00
3.290387501054357244e+01 -3.152743582391781541e+00
3.188837638521410156e+01 -2.939401138924934820e+00
3.086160295968174339e+01 -2.740948752451263903e+00
2.983040013262436574e+01 -2.556384703356219479e+00
2.880066061680853551e+01 -2.384751538864255505e+00
2.777741055191130215e+01 -2.225141133817715389e+00
2.676473036156707508e+01 -2.076666218666945785e+00
2.575176143644564064e+01 -1.936411862054626010e+00
2.475042565162656771e+01 -1.805118549558317742e+00
2.377603100678411607e+01 -1.683912191309026252e+00
2.280906798550321213e+01 -1.569415851859464084e+00
2.186997608761806333e+01 -1.463407857160877068e+00
2.095983306899007559e+01 -1.365258542710592549e+00
2.006128663255630329e+01 -1.272427478546034552e+00
1.919399536042777754e+01 -1.186486121792702297e+00
1.835850189112345632e+01 -1.106960460502061538e+00
1.753842779512973138e+01 -1.031810651133310941e+00
1.675102630863750619e+01 -9.622832910805810824e-01
1.599608775404387373e+01 -8.979712019158162528e-01
1.526409805357546823e+01 -8.377150483360846778e-01
1.456017197054315915e+01 -7.816562134149860341e-01
1.387219595848419473e+01 -7.285601909782271068e-01
1.321544974350520185e+01 -6.794309392743121956e-01
1.258958555413581770e+01 -6.340171285571266635e-01
1.198520769077341086e+01 -5.914269219312624504e-01
1.140690432511586927e+01 -5.518167935168326599e-01
1.084470051031809135e+01 -5.143387666863230567e-01
1.031071193541818865e+01 -4.796918411970016449e-01
9.804110738365141131e+00 -4.476810004188649939e-01
9.315577307706524479e+00 -4.175879719965345238e-01
8.843171826936789159e+00 -3.891925337574857480e-01
8.392785468364525769e+00 -3.627688552657688525e-01
7.965977584073242745e+00 -3.383234579143790666e-01
7.562272413723962750e+00 -3.157413301579254372e-01
7.168191628147927652e+00 -2.941814406889985967e-01
6.800414253442840007e+00 -2.730746503784111101e-01
6.450101845444583759e+00 6.219327464813304118e+00
6.109623070859001359e+00 1.249336988491338474e+01
4.691375643430151676e+00 1.781459539170769801e+01
1.197128610327457432e+00 2.149939342348037385e+01
-4.036122210356835716e+00 2.153100219008208427e+01
-1.045093170720092246e+01 1.671928038569770791e+01
-1.707140312370148294e+01 1.558382894152096299e+01
-2.243907978729421870e+01 1.454435519472399108e+01
-2.643515043113623264e+01 1.357464602082556127e+01
-2.980331485095042865e+01 1.266756851098454284e+01
-3.261840047233676643e+01 1.181723370068462309e+01
-3.491191105720567833e+01 1.102735620685672835e+01
-3.675849436475165533e+01 1.028821943651343851e+01
-3.819443577854411132e+01 9.601201360155359410e+00
-3.927988974863545479e+01 8.957265457646277795e+00
-4.004398382136664480e+01 8.359207360447133084e+00
-4.053015796701285467e+01 7.801277638204870968e+00
-4.077303392553065464e+01 7.280013118328214183e+00
-4.080277516980463304e+01 6.793466973813364618e+00
-4.064668090551736412e+01 6.338128949338985407e+00
-4.032815310176829371e+01 5.911599731856679085e+00
-3.986806204200652815e+01 5.512108039828676809e+00
-3.929022135688431661e+01 5.142481519276594248e+00
-3.860844555191221872e+01 4.796752531598769131e+00
-3.784420603716620946e+01 4.476135726866819375e+00
-3.701009870160209658e+01 4.177367381150331127e+00
-3.611777146074839351e+01 3.898369081328808328e+00
-3.517855884065481575e+01 3.637695736179786810e+00
-3.420272396142198801e+01 3.394205763483577609e+00
-3.319960267425863520e+01 3.166898464485169651e+00
-3.217763402486189506e+01 2.954837670844218778e+00
-3.114436307081083299e+01 2.757120531446980660e+00
-3.010645359085548378e+01 2.572868562671431825e+00
-2.906953396205082285e+01 2.401192028669598244e+00
-2.802425761318069419e+01 2.238892193904096217e+00
-2.698449639272998724e+01 2.086979004940038074e+00
-2.596649630654287222e+01 1.946698037250208069e+00
-2.496973812751929955e+01 1.816769142448872554e+00
-2.397347399944484181e+01 1.693384809949875613e+00
-2.299403259640380526e+01 1.577890238897407205e+00
-2.203946290289782084e+01 1.470530645313066431e+00
-2.111324410367984683e+01 1.371025075183582631e+00
-2.021697194356571714e+01 1.278874721583911356e+00
-1.935118042237180802e+01 1.193505486267695481e+00
-1.849979314324524893e+01 1.112772605148770078e+00
-1.767418776128915781e+01 1.037391397624894074e+00
-1.687905141593530089e+01 9.674153396450413389e-01
-1.611562700653226798e+01 9.025965604546328791e-01
-1.536934862530196177e+01 8.413420163989550060e-01
-1.465580532367270727e+01 7.846917584652017830e-01
-1.397435793422441996e+01 7.323099827742513002e-01
-1.330456719139214172e+01 6.823657497726084431e-01
-1.267405971889003879e+01 6.367682515949890654e-01
-1.205831922021062574e+01 5.934992854216866176e-01
-1.147182797610810567e+01 5.534500666061994423e-01
-1.091453929956464997e+01 5.164404047002202347e-01
-1.037862188241837025e+01 4.817939283081177360e-01
-9.867442129865910516e+00 4.495993320267605009e-01
-9.375888233032974028e+00 4.194099448577563449e-01
-8.907514328822802696e+00 3.913477536769307541e-01
-8.454059484409301106e+00 3.648169561835122865e-01
-8.025006699772006868e+00 3.403038941196380729e-01
-7.611733511441559408e+00 3.172269538008195555e-01
-7.221707034163876493e+00 2.959416449284594242e-01
-6.846741578984949506e+00 2.759074394065080815e-01
-6.493425782079016884e+00 -5.757275754182344940e+00
-6.148174212820809892e+00 -1.217152856286560692e+01
-4.806325747076462207e+00 -1.755398082890193834e+01
-1.436539239064976270e+00 -2.137478424565968282e+01
3.713634900540769834e+00 -2.176613263257770470e+01
1.008556154299256491e+01 -1.727068941639795696e+01
1.675026147769564488e+01 -1.602708644096428614e+01
2.227387747832570852e+01 -1.495785843617449018e+01
2.645273732125999189e+01 -1.396005907957190217e+01
2.995727526233984150e+01 -1.302924702413381830e+01
3.288284675468917584e+01 -1.215885910435722472e+01
3.528441093084045832e+01 -1.134663003229482570e+01
3.722813517899638924e+01 -1.058547208819224750e+01
3.874676815331134350e+01 -9.878018040734088956e+00
3.990099569289430548e+01 -9.215364033434333635e+00
4.072094048327991800e+01 -8.600308077784763583e+00
4.125884482958129240e+01 -8.021884654706072482e+00
4.154443312070887373e+01 -7.479085172024704242e+00
4.160168689049380930e+01 -6.978427784008990997e+00
4.146346045929133339e+01 -6.512729676237440479e+00
4.115535154862394052e+01 -6.072942104791939855e+00
4.070432762622898082e+01 -5.666890435981907004e+00
4.012346186504685619e+01 -5.282904334053569073e+00
3.943986578278725119e+01 -4.927693086514194576e+00
3.866834111494360116e+01 -4.597230398695434594e+00
3.782204713211667269e+01 -4.288909403262694653e+00
3.691439376197258326e+01 -4.000976607722680711e+00
3.595739249392796921e+01 -3.732098103266714872e+00
3.496193077578165287e+01 -3.481139158009128209e+00
3.393787274976781987e+01 -3.247057002386026348e+00
3.289408308487243460e+01 -3.028854049141323390e+00
3.183844176236057777e+01 -2.825561830828631216e+00
3.077787324475522368e+01 -2.636239246007610948e+00
2.971839408425519480e+01 -2.459976420087658600e+00
2.866496597571496352e+01 -2.295845736391665781e+00
2.761055664258983811e+01 -2.141262421162426932e+00
2.656655023343247990e+01 -1.996780789325544259e+00
2.553582354196624493e+01 -1.861729940855746612e+00
2.453289028293999152e+01 -1.737087887976639600e+00
2.353756474452253045e+01 -1.619320795079279396e+00
2.257074398803255733e+01 -1.510244700551145902e+00
2.163345559168087462e+01 -1.409204520787430193e+00
2.070774976780011301e+01 -1.313583559875963092e+00
1.981398993098395422e+01 -1.225022436685948568e+00
1.895275814584752538e+01 -1.143039414104431328e+00
1.810715478137349876e+01 -1.065535193350239052e+00
1.729507168511785764e+01 -9.938099301095366656e-01
1.651627713396296926e+01 -9.274443500077985680e-01
1.575434526749911512e+01 -8.646806648324364408e-01
1.501951798708597785e+01 -8.061150415972639927e-01
1.431559831694801765e+01 -7.517928338887231998e-01
1.364317337439205069e+01 -7.015119549104662511e-01
1.298900221444157665e+01 -6.540351212275081760e-01
1.236621551715726142e+01 -6.101483341395153026e-01
1.176237009038598558e+01 -5.687752060519860597e-01
1.118891336845790896e+01 -5.305681069209721157e-01
1.063421029098089221e+01 -4.945838286192191235e-01
1.010845928590299891e+01 -4.613718117423326048e-01
9.600841275937501251e+00 -4.301080116018585753e-01
9.120485430068743682e+00 -4.012607413160628744e-01
8.657377222114325477e+00 -3.741115812315946587e-01
8.219718265957459025e+00 -3.490631859922656011e-01
7.798274219542899566e+00 -3.254900340048789142e-01
7.400403678111024064e+00 -3.037387535118237225e-01
7.020161143202913401e+00 -2.834043802222979136e-01
6.652084242258984759e+00 1.153835232737689065e+00
6.298075617141438265e+00 5.986263974082022266e+00
5.730209554829883700e+00 1.192979324186112855e+01
4.134196775671151514e+00 1.693861264742315242e+01
8.122104524200804976e-01 2.014990972023317894e+01
-4.150044355832373633e+00 1.968713694388654289e+01
-1.018140552099221097e+01 1.486245471275768004e+01
-1.627751803221767801e+01 1.384281765584478663e+01
-2.106830204545691387e+01 1.291956800333756661e+01
-2.454681758713418205e+01 1.205766401951513700e+01
-2.747943367225568778e+01 1.124900624132070348e+01
-2.989990802118913749e+01 1.049733379836932379e+01
-3.187390673057359791e+01 9.795905487107326337e+00
-3.344763115694691180e+01 9.142218143177442968e+00
-3.467599373524655704e+01 8.529291795821874800e+00
-3.558866529969508008e+01 7.958256117733798263e+00
-3.622545279770673687e+01 7.424467530345889799e+00
-3.661496043040830273e+01 6.928161679628623837e+00
-3.679051531854288726e+01 6.464407688085292314e+00
-3.677821948673694408e+01 6.032382723074722009e+00
-3.660305277910697441e+01 5.627883147993702373e+00
-3.628711894460987253e+01 5.252197665510928815e+00
-3.584975856561957386e+01 4.901419105238069562e+00
-3.530759903263077604e+01 4.573155215312727506e+00
-3.467592465124599244e+01 4.265832369933065138e+00
-3.396844327359881532e+01 3.978271422472237528e+00
-3.319775895739076788e+01 3.709463049854544003e+00
-3.237551625250700482e+01 3.458456599950594068e+00
-3.151240924132071441e+01 3.224312990398449763e+00
-3.061815552897393999e+01 3.006091546195426290e+00
-2.970147967849283788e+01 2.802853036669435749e+00
-2.877012163268394929e+01 2.613668990022833150e+00
-2.783087100369530020e+01 2.437632127269379279e+00
-2.688962175559286294e+01 2.273865525176456792e+00
-2.595144013236786762e+01 2.121529635670873937e+00
-2.502065454374178799e+01 1.979827061027867430e+00
-2.408207369367508832e+01 1.845132907523431065e+00
-2.315938017904866086e+01 1.720044980814734892e+00
-2.225583529165623986e+01 1.604038147859867092e+00
-2.137318590089207149e+01 1.496458285323665871e+00
-2.051279646947914159e+01 1.396612749622965222e+00
-1.966062679014552828e+01 1.302136848551410653e+00
-1.883853114391805761e+01 1.214969943972784794e+00
-1.803588232089190413e+01 1.133382865574562359e+00
-1.725771977254791878e+01 1.057449669374297407e+00
-1.649101878339015315e+01 9.854491051700579041e-01
-1.575356439568861511e+01 9.187650937471228962e-01
-1.504587991151073290e+01 8.570851266559242898e-01
-1.435397819109254414e+01 7.988503957569105252e-01
-1.369204336750452100e+01 7.450121635857811508e-01
-1.305952164767753310e+01 6.952436881923282908e-01
-1.244512483434418293e+01 6.484033191517287742e-01
-1.185505507990995966e+01 6.047762382436202566e-01
-1.129130890930801634e+01 5.643224002497748693e-01
-1.074315628568447423e+01 5.260944456376573930e-01
-1.022188235846791038e+01 4.907554887733109328e-01
-9.717127719209036840e+00 4.574503811362127803e-01
-9.238401276483712010e+00 4.267038602179002438e-01
-8.775947935179811310e+00 3.977584113452168335e-01
-8.338153408595609051e+00 3.710508577945333952e-01
-7.915944122030725616e+00 3.459177378844702222e-01
-7.516815003293470632e+00 3.227315665676063761e-01
-7.132381279435932697e+00 3.009138789879780562e-01
-6.769381132726293160e+00 2.650874481925306059e-01
-6.417646588547058606e+00 -4.730860997290560199e+00
-6.085022534425092999e+00 -1.089902337324923387e+01
-4.920076337566705149e+00 -1.630127877350231813e+01
-1.934180742054050217e+00 -2.029016120179725036e+01
2.819297226077665197e+00 -2.124921712225314963e+01
8.854412972105299318e+00 -1.771329553388988387e+01
1.533009627481052384e+01 -1.532562729412869551e+01
2.093334024682085115e+01 -1.430331804291685316e+01
2.516279663874236405e+01 -1.334823947980830638e+01
2.852899685888705861e+01 -1.245684060659772285e+01
3.133645596995363647e+01 -1.162410351623324800e+01
3.363597822647473379e+01 -1.084864286967960645e+01
3.549233512466550167e+01 -1.012373512107206608e+01
3.695288943267686932e+01 -9.446374470597730166e+00
3.805978764823721150e+01 -8.814250965100928425e+00
3.885051358565884527e+01 -8.225993490035838462e+00
3.937366899740923287e+01 -7.671005967340271958e+00
3.964624179328498599e+01 -7.158932655889212349e+00
3.970929698651755047e+01 -6.675041480775571578e+00
3.958354899741726030e+01 -6.227302896115567421e+00
3.929599649881124179e+01 -5.810256284363351398e+00
3.886807606553213645e+01 -5.420437076753569450e+00
3.831957732342832657e+01 -5.055619887831362291e+00
3.766772068660863226e+01 -4.714228230808391373e+00
3.692811098169783435e+01 -4.394998074185344272e+00
3.611513119057652688e+01 -4.096796610102261482e+00
3.525000714332556129e+01 -3.821453810571814103e+00
3.433622466860401090e+01 -3.564324986588834232e+00
3.339197417968424020e+01 -3.326344388322453050e+00
3.240431508862771182e+01 -3.100266447810603232e+00
3.139969528081613603e+01 -2.889964602425314943e+00
3.038540998756352707e+01 -2.694462906205917552e+00
2.936725470248262937e+01 -2.512737499510885097e+00
2.835096398275314655e+01 -2.343816090491619430e+00
2.734145214323301687e+01 -2.186782186611136769e+00
2.634286140726342040e+01 -2.040766651352685201e+00
2.534840064575899987e+01 -1.903469856486113887e+00
2.436798960443781326e+01 -1.775295963729897730e+00
2.340722450567694324e+01 -1.656056899096055801e+00
2.246921965002968236e+01 -1.545291122317488108e+00
2.153745747887528950e+01 -1.440244939381322586e+00
2.063376349881464478e+01 -1.342861882584533983e+00
1.975958270076524315e+01 -1.252675575151415144e+00
1.891479018638031206e+01 -1.169095151087231832e+00
1.808615610605757595e+01 -1.090273924667725325e+00
1.728152645711611868e+01 -1.016581491531385106e+00
1.650183308293914308e+01 -9.477381350372278135e-01
1.575718495897255167e+01 -8.843174164806617554e-01
1.503134579915267821e+01 -8.245697416561572624e-01
1.433770146746390850e+01 -7.693507771441462362e-01
1.366227432937494157e+01 -7.172561626353013420e-01
1.301812911769840753e+01 -6.691075603159221119e-01
1.239241515324028597e+01 -6.237100677743915300e-01
1.179709976327920273e+01 -5.817781328294373555e-01
1.122022668784822308e+01 -5.422753600789523842e-01
1.067256468339537001e+01 -5.058097214078209891e-01
1.014298044715763325e+01 -4.714780341002541841e-01
9.641132132049079928e+00 -4.397979990549120699e-01
9.156683570320542032e+00 -4.099823901497326450e-01
8.698306783151799948e+00 -3.824747431729014768e-01
8.256441371783038718e+00 -3.565894765442109704e-01
7.838890303315836583e+00 -3.327089409855878976e-01
7.436841324889505778e+00 -3.102365281764474236e-01
7.057303231748432104e+00 -2.895019910372270688e-01
6.694968838284188983e+00 2.382285321652184984e-01
6.348545658833200989e+00 6.460593905278075866e+00
5.933844731464437139e+00 1.242623201427812418e+01
4.399445697465192318e+00 1.758381974371960865e+01
8.949989048333049091e-01 2.100707475564898985e+01
-4.266621263096094907e+00 2.061236165985320667e+01
-1.054477858936479429e+01 1.562953905524079978e+01
-1.692087478278492085e+01 1.454572472235906311e+01
-2.195711646770696390e+01 1.357547033236549616e+01
-2.562521900860739166e+01 1.267004212862970647e+01
-2.870608420081917700e+01 1.182326027965481785e+01
-3.127686436467227793e+01 1.102880976235300636e+01
-3.336856980417820040e+01 1.028956664475235172e+01
-3.504885455438081010e+01 9.596570079765923467e+00
-3.634876880458322290e+01 8.951717749200932772e+00
-3.730852150308943038e+01 8.353768659225625726e+00
-3.797544307641732075e+01 7.796299436078896861e+00
-3.838790860139022243e+01 7.274697382751519115e+00
-3.857501174109339814e+01 6.788797528927102753e+00
-3.856630922738780498e+01 6.333944904473106874e+00
-3.838601844298057841e+01 5.911394219311691955e+00
-3.805773781064495154e+01 5.516985232897248181e+00
-3.759995474593535647e+01 5.146302081983350263e+00
-3.703428033006302655e+01 4.801676119033180257e+00
-3.637564676319608736e+01 4.480028383195322483e+00
-3.563777893203766212e+01 4.179373137097857516e+00
-3.483391492338797235e+01 3.898307897197453187e+00
-3.397606274063500109e+01 3.635702360807373079e+00
-3.307520290551826037e+01 3.390543678436820585e+00
-3.214134011914875799e+01 3.161865217991191468e+00
-3.118350407807373514e+01 2.948719645459651595e+00
-3.020975180380195724e+01 2.750173857163877855e+00
-2.922718922062518132e+01 2.565313334463268813e+00
-2.824201384270161697e+01 2.393249422513278990e+00
-2.725957396008587352e+01 2.233126417135659736e+00
-2.628432278422765478e+01 2.084102813592450421e+00
-2.531012445008398259e+01 1.943877128908563012e+00
-2.434369359659945786e+01 1.812406604405526478e+00
-2.340061787670387972e+01 1.690909366867018093e+00
-2.246240905111781672e+01 1.576023113846319434e+00
-2.154938533664692457e+01 1.469592289353565562e+00
-2.066291903727113421e+01 1.371010433003940099e+00
-1.978630119172803958e+01 1.277735183735740909e+00
-1.893898289814308811e+01 1.191365250971098799e+00
-1.812170975531734030e+01 1.111434707349279183e+00
-1.731860566051139827e+01 1.035896300626946154e+00
-1.654671801126757202e+01 9.660079732426382071e-01
-1.580602498764992525e+01 9.013693902593321594e-01
-1.508164645184389308e+01 8.403191973757115907e-01
-1.438838042719995158e+01 7.838526328052846104e-01
-1.371272434824563646e+01 7.305754617602550072e-01
-1.306801739886874891e+01 6.813465084444657593e-01
-1.245340296337534625e+01 6.358566308751659735e-01
-1.185242722155859596e+01 5.926673860679155803e-01
-1.127486428359034143e+01 5.523416497084665533e-01
-1.072417023537557768e+01 5.149675625513729926e-01
-1.020067815328242489e+01 4.804190653680094902e-01
-9.693923927274527230e+00 4.478525066664955645e-01
-9.213601850165817453e+00 4.177849068342090466e-01
-8.749883863057787536e+00 3.894761312329098613e-01
-8.311154634057501767e+00 3.633544732305712954e-01
-7.888271770261976457e+00 3.387708139973475974e-01
-7.488718872955712591e+00 3.160900719288798899e-01
-7.104056707538821236e+00 2.947460471866037990e-01
-6.740983326707915779e+00 2.013145002340769041e-01
-6.394442212099787248e+00 -6.309485131368039568e+00
-6.051689941476102952e+00 -1.234745746047550519e+01
-4.609843360956909386e+00 -1.761917935826149773e+01
-1.130760644991208874e+00 -2.123556710382022672e+01
4.040070821064944084e+00 -2.117540224607787280e+01
1.037776610005601974e+01 -1.638252638410999040e+01
1.689850098651103139e+01 -1.526203411122792986e+01
2.216061869832543607e+01 -1.424390346773781602e+01
2.606320480409106466e+01 -1.329424184142052034e+01
2.935145110248456746e+01 -1.240559230547379599e+01
3.209915978881554821e+01 -1.157236879445418509e+01
3.433805055132265238e+01 -1.079790802691203133e+01
3.614008899380451822e+01 -1.007290264931712542e+01
3.753990746262186207e+01 -9.398915465812226699e+00
3.859594764775540909e+01 -8.767215399409931109e+00
3.933667936246272490e+01 -8.180620023893849790e+00
3.980465810830114037e+01 -7.633525446324414432e+00
4.003397313941520252e+01 -7.122560495168749561e+00
4.005476086341511177e+01 -6.644883328525070354e+00
3.989301679297811631e+01 -6.201530438411245960e+00
3.957364278077334063e+01 -5.787093642442826535e+00
3.911695867283599171e+01 -5.398137977863881609e+00
3.854549919644153277e+01 -5.036734730676625915e+00
3.787506713139275405e+01 -4.699495874436471432e+00
3.712023770651387622e+01 -4.384263448140829134e+00
3.629495688991372759e+01 -4.089537115102884535e+00
3.541184846143789855e+01 -3.814125638896462167e+00
3.448245968223751845e+01 -3.556971960383581433e+00
3.351732597085399590e+01 -3.317071556424199485e+00
3.252597259320597090e+01 -3.093440654360593456e+00
3.151691408217204327e+01 -2.885109296807527368e+00
3.049767286190617455e+01 -2.691125339121898996e+00
2.947482036525676463e+01 -2.510562043168718116e+00
2.845403629847635329e+01 -2.342525705433590844e+00
2.744015002851286056e+01 -2.186147478518341014e+00
2.642302251938536273e+01 -2.038420684922091386e+00
2.541587922426400681e+01 -1.900270912254384603e+00
2.442613337779256710e+01 -1.771724704930895067e+00
2.345785404054464607e+01 -1.652377903536933257e+00
2.251361977707253459e+01 -1.541649621680085680e+00
2.157664216423417258e+01 -1.436741165176227852e+00
2.066848671996395481e+01 -1.339533370017754077e+00
1.979044994127325552e+01 -1.249538311367702104e+00
1.894234075603484868e+01 -1.166162722541742358e+00
1.810734897445413694e+01 -1.087207979396058288e+00
1.731006356783471745e+01 -1.014650939350410175e+00
1.652664955077504416e+01 -9.458696891453052258e-01
1.576863629606038764e+01 -8.816200895836220353e-01
1.504077229795776027e+01 -8.220039289527026893e-01
1.434409377000044827e+01 -7.668237559475838960e-01
1.366517756695646746e+01 -7.147302695927287841e-01
1.301783262409834485e+01 -6.665872574277041940e-01
1.240115308164108932e+01 -6.220968380603199011e-01
1.180135537856212302e+01 -5.800550112359111887e-01
1.122336253669758577e+01 -5.406615353595811690e-01
1.067595355720983719e+01 -5.043751922769035279e-01
1.014714718590997222e+01 -4.702458880784176620e-01
9.646136706917010528e+00 -4.387545922082116689e-01
9.162404835494898592e+00 -4.091051874393186738e-01
8.704594770880209609e+00 -3.817385960484467877e-01
8.263085287214519070e+00 -3.559698418258451791e-01
7.845720096673516331e+00 -3.321836456472851418e-01
7.446268463407023752e+00 -3.099346352189757958e-01
7.059011171889702396e+00 -2.888363184072415546e-01
6.693068839828421268e+00 2.094765977693479053e-01
6.344238955932078206e+00 5.854635362909185403e+00
5.934464457031212170e+00 1.185973849703163552e+01
4.507823358514523981e+00 1.705710056361959914e+01
1.194575218083887780e+00 2.062055598803745227e+01
-3.801699741375420771e+00 2.068022352828389643e+01
-9.954412806847264150e+00 1.613608578414092420e+01
-1.631283769066336475e+01 1.492889856444551455e+01
-2.148468533012547965e+01 1.393352729557159719e+01
-2.533685370400916170e+01 1.300396876619393005e+01
-2.855621501192664269e+01 1.213659798855885441e+01
-3.125188526798087452e+01 1.132211772982818232e+01
-3.345103373547305381e+01 1.056469812536796304e+01
-3.522298631567586114e+01 9.855585258775249713e+00
-3.660093670776905839e+01 9.196425500442103385e+00
-3.764206861054311304e+01 8.578693715573688650e+00
-3.837430744984566644e+01 8.005104503574040464e+00
-3.883943314143870396e+01 7.470149316631650827e+00
-3.907087216253080442e+01 6.970498367322609745e+00
-3.909809222186586197e+01 6.503361859191017835e+00
-3.894661834102505082e+01 6.068023682191383550e+00
-3.863972485546294422e+01 5.660348108535352196e+00
-3.820003068944846092e+01 5.281791550194652629e+00
-3.764591099408038843e+01 4.928506798427822133e+00
-3.699356357053274280e+01 4.598107220448905963e+00
-3.625808889998402407e+01 4.288993143449352452e+00
-3.545307594906019943e+01 3.999940314759010018e+00
-3.459098877566426467e+01 3.729886865780095206e+00
-3.368327889364337580e+01 3.477830363711697181e+00
-3.274039068458763779e+01 3.242785460113146723e+00
-3.177174621940538302e+01 3.023772815331831509e+00
-3.078574488863075231e+01 2.819822482374884309e+00
-2.978978796405233709e+01 2.629982592884735126e+00
-2.879032629628615325e+01 2.453328720461052548e+00
-2.779292483765792099e+01 2.288971859258792207e+00
-2.680235030258720030e+01 2.136064323898380302e+00
-2.580255030795882476e+01 1.990698642523133666e+00
-2.481888368705872239e+01 1.855689758817580914e+00
-2.385495262380521808e+01 1.730477495081971906e+00
-2.291272649467940070e+01 1.614359482969915716e+00
-2.199392267253157129e+01 1.506617853674282692e+00
-2.107939892546475136e+01 1.404192406448647068e+00
-2.018457549087458247e+01 1.308328315553471510e+00
-1.931663164023815327e+01 1.219268622249386702e+00
-1.847829041444772358e+01 1.136781226497903807e+00
-1.767045193850238505e+01 1.060439765048023286e+00
-1.687781438261603029e+01 9.883124496652196944e-01
-1.611711050943542034e+01 9.216002807699472665e-01
-1.538817911458339616e+01 8.599191211227887877e-01
-1.467627697583435875e+01 8.016833433149403998e-01
-1.399576843267630721e+01 7.478325189328065559e-01
-1.333329423874825714e+01 6.970348786043958356e-01
-1.270179543064389804e+01 6.501029444027928150e-01
-1.210052353203144726e+01 6.067558766736257381e-01
-1.151921240460671925e+01 5.660439251334673516e-01
-1.096345147445192048e+01 5.282037163721132744e-01
-1.042739797935967871e+01 4.926812499277946067e-01
-9.909665419450718105e+00 4.592657818114478929e-01
-9.419360679093696120e+00 4.284406335436486968e-01
-8.946130918092725537e+00 3.994308349298195671e-01
-8.498383234402846043e+00 3.726640645886296621e-01
-8.066734180699658197e+00 3.474709786850143090e-01
-7.658818665298525730e+00 3.242250159243376118e-01
-7.266007961854120900e+00 3.023450170140191129e-01
-6.895154804257553671e+00 2.821528015714720450e-01
-6.536917256142115384e+00 -4.746837496796548095e+00
-6.192165162956913882e+00 -1.116577030042574314e+01
-5.020213347531542247e+00 -1.666028858869574591e+01
-1.979929690332588477e+00 -2.072192575006345905e+01
2.882595852200489528e+00 -2.170131600738145394e+01
9.047457530971724893e+00 -1.807991188181692976e+01
1.565781374948653948e+01 -1.579756983310413609e+01
2.137923670646672392e+01 -1.474354552768559579e+01
2.571525991405642131e+01 -1.376025024801477770e+01
2.920007041316998908e+01 -1.284128270253913051e+01
3.210361151114161515e+01 -1.198400239285318847e+01
3.448987722678290169e+01 -1.118383554948082548e+01
3.642299756099966856e+01 -1.043419492918692271e+01
3.793566055538522619e+01 -9.737708636815748164e+00
3.908824042468629045e+01 -9.085519913209754606e+00
3.991514488923702686e+01 -8.477825359880633016e+00
4.045573012428940984e+01 -7.911432554165089392e+00
4.074575172479269014e+01 -7.382671911175168411e+00
4.081594562791934067e+01 -6.889885591325336733e+00
4.069521396532808666e+01 -6.428996261639253973e+00
4.040784402289955324e+01 -5.997291591406438194e+00
3.997521363571311070e+01 -5.592845617661845736e+00
3.942095141123864721e+01 -5.218334941600752508e+00
3.875894270900425198e+01 -4.867507800224325720e+00
3.801093887101740165e+01 -4.541941256044078834e+00
3.718995159241553949e+01 -4.238465311060334528e+00
3.630795548795374117e+01 -3.955041672426557131e+00
3.537662006817257776e+01 -3.690237458794235259e+00
3.440651457966979621e+01 -3.442908409853266516e+00
3.340725184286225158e+01 -3.212043150660614188e+00
3.238752108865174506e+01 -2.996690734469343642e+00
3.135509262477347292e+01 -2.795931672683850344e+00
3.031683204045199176e+01 -2.608870285502609576e+00
2.927874057155697329e+01 -2.434636367119266787e+00
2.822467885541082921e+01 -2.268807236215804046e+00
2.718227133381578042e+01 -2.114691462190956273e+00
2.615614821633929665e+01 -1.971701228938911976e+00
2.514911374871522654e+01 -1.839066942960598583e+00
2.416374592960360701e+01 -1.716007881365285925e+00
