4.000000000000000000e+00 4.000000000000000000e+00
3.936436714257833369e+00 4.145937240244332855e+00
3.893148529061314811e+00 4.245137808467453588e+00
3.835071403756056707e+00 4.378230449810917690e+00
3.789705718512939026e+00 4.482187239629525699e+00
3.736667454775940200e+00 4.603864087667314919e+00
3.677813823728405929e+00 4.739177882086817561e+00
3.598219522506111101e+00 4.921744803682051028e+00
3.535039654680150800e+00 5.066899717834962402e+00
3.473519151442481689e+00 5.208065421176049981e+00
3.404897780793752382e+00 5.365643132596361831e+00
3.351682425303910140e+00 5.488064750951375359e+00
3.289486426810266817e+00 5.631064440320246334e+00
3.224605722856960011e+00 5.780615217076544354e+00
3.118055396565845072e+00 6.023420440839265311e+00
3.055935161291532864e+00 6.161119678230152275e+00
2.986147978223583355e+00 6.313831368007494227e+00
2.919124618446328423e+00 6.456852729987788919e+00
2.857088625543427352e+00 6.586836909849571597e+00
2.767447080311519425e+00 6.769450618569718969e+00
2.711427260603097800e+00 6.880768241002423125e+00
2.644146480423306134e+00 7.012079499766147528e+00
2.579786723026586959e+00 7.134868666285853145e+00
2.508436232646231723e+00 7.267423583442098156e+00
2.413849606326964992e+00 7.438006741713945935e+00
2.336427580872830756e+00 7.572604118009389929e+00
2.245818220943089027e+00 7.725758210419639838e+00
2.174385005970311369e+00 7.842054195185121479e+00
2.098672401687029510e+00 7.961721133075227996e+00
1.982166373763354139e+00 8.138604345787236127e+00
1.898322872973900788e+00 8.259696250294629394e+00
1.812015717873162846e+00 8.379151807283040654e+00
1.743129694136944297e+00 8.470633120953818818e+00
1.644218617970579555e+00 8.596507640159355645e+00
1.543558856202152940e+00 8.718187264156075145e+00
1.417967173029447192e+00 8.858902750507841262e+00
1.348006043694911726e+00 8.932930791583981289e+00
1.257450349838977743e+00 9.023664687229247861e+00
1.157981762377655377e+00 9.116022235928909367e+00
1.056954378161425456e+00 9.202428817525850846e+00
9.509255588318152874e-01 9.284165926590080886e+00
8.434450734401557348e-01 9.356128944942822656e+00
7.320906960081933201e-01 9.416723793159157196e+00
6.558645795131077261e-01 9.448847441487938426e+00
5.582477845660844817e-01 9.481448497540938547e+00
4.488070558061974524e-01 9.505515725439472874e+00
3.148873522807921210e-01 9.518418147552145214e+00
2.160239865127761560e-01 9.518459956538709577e+00
7.509328204177240229e-02 9.507506869598643107e+00
-8.649992563348050945e-02 9.483316904433493733e+00
-2.459553005255205316e-01 9.452014897591840992e+00
-3.666812103709851667e-01 9.425245203473346933e+00
-4.971688558026062799e-01 9.394066819211817077e+00
-6.822085026636872662e-01 9.349488780071325777e+00
-8.922445208867026967e-01 9.296991830649036004e+00
-1.054596787037613170e+00 9.255948703243387143e+00
-1.202337729280919421e+00 9.219309687234810369e+00
-1.368810749216525346e+00 9.178405926866533449e+00
-1.530553122135563049e+00 9.138534164664484649e+00
-1.662709633958895594e+00 9.104971026034471393e+00
-1.806303095388566371e+00 9.068117543737294284e+00
-2.016839645885212473e+00 9.009490271954353702e+00
-2.259351369987377733e+00 8.930022647041521822e+00
-2.433093172681492167e+00 8.856789348853121524e+00
-2.557803072442866643e+00 8.794375870174018672e+00
-2.787380697458676782e+00 8.652926772416535073e+00
-2.907847187353758578e+00 8.568017598444164662e+00
-3.073843479657857980e+00 8.441661953171212929e+00
-3.237831300666052847e+00 8.307740337523208396e+00
-3.380178158481707662e+00 8.185519697572875231e+00
-3.520592621140488543e+00 8.059379197389487715e+00
-3.668896974588172544e+00 7.920052595551805297e+00
-3.895130713542877210e+00 7.696386672950882080e+00
-4.016464104469756435e+00 7.570189290327369314e+00
-4.123066210194253678e+00 7.455761622731722937e+00
-4.263842376912023724e+00 7.299352524274857146e+00
-4.438903901766106053e+00 7.096819271201704638e+00
-4.560832834305202255e+00 6.950197809307792518e+00
-4.711608457312951970e+00 6.762387962195805180e+00
-4.875178373763326967e+00 6.550587933230906046e+00
-5.046309391601611516e+00 6.319056177978361610e+00
-5.160894159460891473e+00 6.158228291954829459e+00
-5.271674569653801434e+00 5.998552152843497076e+00
-5.402305026082955486e+00 5.804269953737988708e+00
-5.554946994738082289e+00 5.568872933098143463e+00
-5.669168329798604411e+00 5.387440595197528381e+00
-5.781825205568680737e+00 5.202858957350590785e+00
-5.847918046565153460e+00 5.092196284011542673e+00
-5.977611559286520659e+00 4.869647719625151083e+00
-6.102242698588775660e+00 4.649406471469434976e+00
-6.182522305796271489e+00 4.504120467511650183e+00
-6.287409477188508511e+00 4.310439551068865782e+00
-6.351739839518215192e+00 4.189160318829212137e+00
-6.441529133700967691e+00 4.016911475652206853e+00
-6.523709274363751476e+00 3.856299311143416286e+00
-6.604546825998134807e+00 3.695052252357030831e+00
-6.711556908790504927e+00 3.477528060672889332e+00
-6.766242195462599973e+00 3.364265653985857973e+00
-6.845738569706060872e+00 3.197010141412587547e+00
-6.881844795805308834e+00 3.120151007048761027e+00
-6.924861379983360266e+00 3.027745628324706839e+00
-6.991938311921486182e+00 2.881977580284622142e+00
-7.064876352454560582e+00 2.721074318911090639e+00
-7.117132094445745238e+00 2.604273267507344780e+00
-7.161953389471563902e+00 2.502994253827593774e+00
-7.205526859068728029e+00 2.403627175986838616e+00
-7.253241249631894760e+00 2.293606513890309895e+00
-7.280095471385241268e+00 2.231359035383458256e+00
-7.312054150866949875e+00 2.156787899090435889e+00
-7.351266595944306204e+00 2.064628021269158342e+00
-7.391326720062362909e+00 1.969848116559258067e+00
-7.420537671752399866e+00 1.900096700721092491e+00
-7.449555499989279461e+00 1.830216177614564455e+00
-7.472776681087759165e+00 1.774123075712336295e+00
-7.499814904758830281e+00 1.708461635054269179e+00
-7.531954548361688317e+00 1.629928354821835956e+00
-7.558914108738241211e+00 1.563606322364401224e+00
-7.588678418311824103e+00 1.490049313709931544e+00
-7.605471724085724361e+00 1.448353652466579211e+00
-7.634903627518482949e+00 1.374903246794704659e+00
-7.658424640920552307e+00 1.315844083441736867e+00
-7.686902414356578284e+00 1.243942657140227448e+00
-7.715118500033658400e+00 1.172361603417303222e+00
-7.733786411312620679e+00 1.124660802846522811e+00
-7.750311362074807420e+00 1.082364563629285792e+00
-7.772208189590602778e+00 1.026053925485877816e+00
-7.791208428172462952e+00 9.769585353879483014e-01
-7.805548970297583544e+00 9.397481648200741722e-01
-7.822209572036293856e+00 8.963330743616533258e-01
-7.840462185846590160e+00 8.486894439646047728e-01
-7.857611438043830887e+00 8.037262490191914299e-01
-7.869364069253979466e+00 7.728054551718080978e-01
-7.877214109876376824e+00 7.521022394214974538e-01
-7.887103027302328151e+00 7.259665729295339265e-01
-7.902297296442240437e+00 6.857107064559909704e-01
-7.914006509042300408e+00 6.546050895898500865e-01
-7.926985889190821588e+00 6.200317353952091715e-01
-7.937838109970767775e+00 5.910290508580657853e-01
-7.948295653614746215e+00 5.630603668491568348e-01
-7.955831903475561795e+00 5.428393550440338000e-01
-7.964441618734730888e+00 5.196503085613485284e-01
-7.978173432453009362e+00 4.826382296214295486e-01
-7.985412170099064788e+00 4.630720901956021374e-01
-7.994078195803722586e+00 4.396032102994215651e-01
-8.002005321311836283e+00 4.181058219320303304e-01
-8.009475682892739812e+00 3.977828366162805551e-01
-8.016821516813358528e+00 3.777693440437179806e-01
-8.022943730242227289e+00 3.610976021062848873e-01
-8.029753656504611925e+00 3.425007431174073580e-01
-8.033829731025596388e+00 3.313656010587923695e-01
-8.040790838057727541e+00 3.122800162436962790e-01
-8.046753564472606257e+00 2.959358324113096628e-01
-8.052255083535417413e+00 2.808342175784182548e-01
-8.057036028442739806e+00 2.676751184447065945e-01
-8.062321325161461161e+00 2.531080161141471829e-01
-8.066941066412210759e+00 2.403748557791137996e-01
-8.072256918051760266e+00 2.257123838364101243e-01
-8.075736415586399986e+00 2.161006230416295526e-01
-8.080363500234200913e+00 2.033247192691883254e-01
-8.084235194596837815e+00 1.926069999893516016e-01
-8.086273019313590993e+00 1.869652564891753355e-01
-8.090167763598927309e+00 1.761648278860897254e-01
-8.092172564842364579e+00 1.706127550753221700e-01
-8.094659247726610829e+00 1.637185602799433592e-01
-8.096879915625956770e+00 1.575463551804780482e-01
-8.099482640764021468e+00 1.503112531255915152e-01
-8.101506217210326710e+00 1.446893083435400185e-01
-8.104570459122575343e+00 1.361654565534349548e-01
-8.108008473188210274e+00 1.265892428034436634e-01
-8.110494364410866908e+00 1.196727588328847097e-01
-8.112842508411976183e+00 1.131320467473223429e-01
-8.114251690430320352e+00 1.092046185941435710e-01
-8.115594749398155727e+00 1.054597543067073151e-01
-8.117448387541505994e+00 1.002904709635758368e-01
-8.118897670908424402e+00 9.625222860907968470e-02
-8.120875513702248583e+00 9.074463532671508958e-02
-8.122361267945345631e+00 8.659727896646146617e-02
-8.123854342660745687e+00 8.243085778847579481e-02
-8.124971240150122398e+00 7.931311948715444315e-02
-8.126341168740221832e+00 7.548669904375508721e-02
-8.128055046130253203e+00 7.070124047769264786e-02
-8.129454708885988978e+00 6.678896579340852513e-02
-8.130718717779005900e+00 6.325889694050940149e-02
-8.131638990094916863e+00 6.068318112832180727e-02
-8.132502234880293557e+00 5.827138880222928335e-02
-8.133224898853066875e+00 5.625063120936846239e-02
-8.134250596653744836e+00 5.338020845019984806e-02
-8.135291491486293936e+00 5.046542008752342295e-02
-8.135847357244131217e+00 4.890880920851108787e-02
-8.136801716727159572e+00 4.623702722365960471e-02
-8.137531928866021502e+00 4.419369589652494962e-02
-8.138482580185529613e+00 4.153157505486598788e-02
-8.139086320805439811e+00 3.984098262380809941e-02
-8.139871280965627065e+00 3.764474316336522547e-02
-8.140288903175878943e+00 3.647469485251658011e-02
-8.140959327371838583e+00 3.459805594962792052e-02
-8.141625525572404598e+00 3.273397523872863257e-02
-8.142108518030488185e+00 3.138190738625343257e-02
-8.142550814157416994e+00 3.014258331705064325e-02
-8.142972926001529999e+00 2.896059027420365417e-02
-8.143427884029822650e+00 2.768511629910612101e-02
-8.144020161876429853e+00 2.602509719793590429e-02
-8.144361494521868750e+00 2.506926079018959724e-02
-8.144705971916321730e+00 2.410454861215120120e-02
-8.145112823442110184e+00 2.296617700755522115e-02
-8.145454117779340919e+00 2.200901473622077914e-02
-8.145758786462709011e+00 2.115514450312079228e-02
-8.146037159779753623e+00 2.037554822997844281e-02
-8.146352487820610833e+00 1.949298717710599288e-02
-8.146669433229778434e+00 1.860445511426318463e-02
-8.146879414639430550e+00 1.801567282909697851e-02
-8.147178954939281681e+00 1.717690226862784303e-02
-8.147554037412662709e+00 1.612631031095270243e-02
-8.147971354502429264e+00 1.495643078622553579e-02
-8.148269046508458402e+00 1.412385939346583533e-02
-8.148555799341323791e+00 1.332092600775697071e-02
-8.148836873808118497e+00 1.253477630089096587e-02
-8.149000961751060146e+00 1.207495869309259222e-02
-8.149175229418945676e+00 1.158652394201165406e-02
-8.149378809681438796e+00 1.101598976155637732e-02
-8.149588120888852316e+00 1.042921536437656921e-02
-8.149754950028986755e+00 9.961750984564036321e-03
-8.149876036244426913e+00 9.622618415005635209e-03
-8.150030960608246389e+00 9.188722399397192264e-03
-8.150194042211575507e+00 8.731590186643893928e-03
-8.150389888919729486e+00 8.182763331893994074e-03
-8.150523154795806136e+00 7.809219705689958782e-03
-8.150698022777829621e+00 7.319484980269354638e-03
-8.150826429997032108e+00 6.959892548128733016e-03
-8.150966103387160544e+00 6.568820853120755851e-03
-8.151099189900646635e+00 6.195511030196016594e-03
-8.151223505244736600e+00 5.846931108816131976e-03
-8.151308720672377106e+00 5.607892210534327557e-03
-8.151403153937089030e+00 5.342743573550484508e-03
-8.151457649049213217e+00 5.190133155914358233e-03
-8.151554484496298159e+00 4.918680553363950075e-03
-8.151639427994831877e+00 4.680618088984195117e-03
-8.151718344051968046e+00 4.459758319088218820e-03
-8.151804985189622599e+00 4.217522153528116026e-03
-8.151883568645800437e+00 3.997006371629840613e-03
-8.151957557856309933e+00 3.790025463740696269e-03
-8.152009261263632567e+00 3.645013881187030361e-03
-8.152069033363757100e+00 3.477678727246011348e-03
-8.152127806746644723e+00 3.313109681690499901e-03
-8.152173852474620119e+00 3.184128277695642568e-03
-8.152238221921555450e+00 3.003652909526231991e-03
-8.152310063311347221e+00 2.802441934211492586e-03
-8.152348474963805103e+00 2.694784888375663379e-03
-8.152408343370506572e+00 2.527263208797108588e-03
-8.152454625742294070e+00 2.397573534770905575e-03
-8.152488264396962947e+00 2.303397005648985616e-03
-8.152529049238809833e+00 2.189168725014060957e-03
-8.152569567280393059e+00 2.075613926384020733e-03
-8.152619277553910138e+00 1.936132833445322653e-03
-8.152652308857947006e+00 1.843732862490338967e-03
-8.152671895864543217e+00 1.788897996035333001e-03
-8.152699007783278162e+00 1.712905069254062797e-03
-8.152727910804474121e+00 1.631815768220549459e-03
-8.152754460576913331e+00 1.557428028187177009e-03
-8.152778925422715872e+00 1.488890717309981470e-03
-8.152804419385857315e+00 1.417470577386475972e-03
-8.152829983478758535e+00 1.345931156413468846e-03
-8.152855122306737812e+00 1.275440618047150648e-03
-8.152878508068674535e+00 1.209859576583257896e-03
-8.152897556421669023e+00 1.156390501534038887e-03
-8.152928045522305212e+00 1.071055182686842877e-03
-8.152948693058018392e+00 1.013214363277053316e-03
-8.152963059956979563e+00 9.729376912131816341e-04
-8.152981305020830405e+00 9.218271313511999451e-04
-8.152994514177724028e+00 8.848528834709067743e-04
-8.153013247355241688e+00 8.323602880917917212e-04
-8.153031523337912034e+00 7.812306549370291427e-04
-8.153042173626415590e+00 7.513638959461580932e-04
-8.153055933203489758e+00 7.127753198959264989e-04
-8.153070041600853912e+00 6.732908730299747013e-04
-8.153080126230502600e+00 6.450603586942651882e-04
-8.153094379426091720e+00 6.051499885755072918e-04
-8.153106996861337663e+00 5.698226191788973837e-04
-8.153117942186032252e+00 5.391747003935318120e-04
-8.153129851809543638e+00 5.058061962852005789e-04
-8.153135797867031798e+00 4.891450362619375377e-04
-8.153147565323058288e+00 4.561914419526513385e-04
-8.153155859858745913e+00 4.329798431228903542e-04
-8.153164315354501923e+00 4.093121839176425093e-04
-8.153170564200641124e+00 3.918118297770129357e-04
-8.153177178608997266e+00 3.732730946058975268e-04
-8.153186748256224803e+00 3.464482235428200112e-04
-8.153195800249234182e+00 3.210902245559278385e-04
-8.153199851807736209e+00 3.097460456066595202e-04
-8.153204510506354197e+00 2.966832687331635485e-04
-8.153210083057549795e+00 2.810640255444858291e-04
-8.153213824343227500e+00 2.705801660218577482e-04
-8.153218732543500380e+00 2.568367325965129457e-04
-8.153223699023561366e+00 2.429046924559556979e-04
-8.153228137006301779e+00 2.304620163516527692e-04
-8.153232839716217484e+00 2.172814410260242896e-04
-8.153236611128908962e+00 2.067031757677968316e-04
-8.153240109455811790e+00 1.968865203936400572e-04
-8.153242946913090705e+00 1.889323590717643464e-04
-8.153246242676088329e+00 1.796931549014008176e-04
-8.153248852716414419e+00 1.723722780732232839e-04
-8.153251440002344808e+00 1.651266926890310302e-04
-8.153254896323597123e+00 1.554449003714592447e-04
-8.153256881369701503e+00 1.498794074750620531e-04
-8.153260189777599365e+00 1.406055305091003535e-04
-8.153262453954855715e+00 1.342705829509443529e-04
-8.153265148253179717e+00 1.267217344389558002e-04
-8.153268004885793729e+00 1.187297216216300397e-04
-8.153269975643933520e+00 1.132078816474139314e-04
-8.153271578642371509e+00 1.087163796724768285e-04
-8.153273991186171799e+00 1.019566499698472693e-04
-8.153275850050684781e+00 9.674729090343288048e-05
-8.153277845839213001e+00 9.115781798141365003e-05
-8.153279274778736152e+00 8.715515648842793038e-05
-8.153280676908288171e+00 8.322269435628847371e-05
-8.153282149297323755e+00 7.910519368509780875e-05
-8.153283441973242063e+00 7.548236234569437656e-05
-8.153285030549072943e+00 7.103458413613214907e-05
-8.153286030530164652e+00 6.823620934992769482e-05
-8.153287104903062854e+00 6.522189162979722126e-05
-8.153288557966190453e+00 6.115149000929649649e-05
-8.153289508952669351e+00 5.848476293360612029e-05
-8.153290275467329096e+00 5.633717425560832829e-05
-8.153291188541320622e+00 5.377852861891009839e-05
-8.153291971356599888e+00 5.158557346179201111e-05
-8.153293024740349892e+00 4.863488649470665113e-05
-8.153293969751901571e+00 4.599112937424074544e-05
-8.153294659396134847e+00 4.406006973408598643e-05
-8.153295345449656395e+00 4.213656388458927464e-05
-8.153296014582144480e+00 4.026275182981921448e-05
-8.153296834728797293e+00 3.796456966772912431e-05
-8.153297254769151792e+00 3.678872712306737136e-05
-8.153298064959166425e+00 3.452068411199149712e-05
-8.153298693760783422e+00 3.276175535246955115e-05
-8.153299309228664526e+00 3.103658558183391704e-05
-8.153299892955132577e+00 2.940189836780429948e-05
-8.153300360831032378e+00 2.809066947129458381e-05
-8.153300849312566712e+00 2.672241377734869768e-05
-8.153301229095571756e+00 2.565882115273618465e-05
-8.153301635662634439e+00 2.451959800991328334e-05
-8.153302157635142322e+00 2.305693816268843577e-05
-8.153302555901772664e+00 2.194078850207489896e-05
-8.153302873305060317e+00 2.105185929937510329e-05
-8.153303273490152492e+00 1.993075652699601068e-05
-8.153303609596358470e+00 1.898897481386767664e-05
-8.153304016303733803e+00 1.785057585200509818e-05
-8.153304294360415483e+00 1.707197656509654629e-05
-8.153304708685100266e+00 1.591054736477221266e-05
-8.153304931158633195e+00 1.528854681737225926e-05
-8.153305209831266609e+00 1.450733157887616917e-05
-8.153305469282939200e+00 1.378127930462162560e-05
-8.153305780933671087e+00 1.290873987119462368e-05
-8.153306093458120074e+00 1.203289520230839091e-05
-8.153306342717005606e+00 1.133483161253118303e-05
-8.153306508525268725e+00 1.087006020359253265e-05
-8.153306709876085634e+00 1.030598907041102235e-05
-8.153306892197193179e+00 9.794473405163536624e-06
-8.153307094492889817e+00 9.226911636930215798e-06
-8.153307242372184405e+00 8.812711937018684617e-06
-8.153307432396433185e+00 8.279613971782885727e-06
-8.153307613061985037e+00 7.773993131365463576e-06
-8.153307777663066247e+00 7.313839646807680005e-06
-8.153307937763171864e+00 6.865564194034324623e-06
-8.153308060683420067e+00 6.521157144069714940e-06
-8.153308199300518311e+00 6.133196242133675902e-06
-8.153308331252528518e+00 5.763102855925063121e-06
-8.153308423963373741e+00 5.503077349975615705e-06
-8.153308538555778640e+00 5.182239569573410792e-06
-8.153308638686640464e+00 4.901552574441913944e-06
-8.153308730057842624e+00 4.645765025960678645e-06
-8.153308834660199622e+00 4.352853077126943354e-06
-8.153308920112168678e+00 4.113872451064232866e-06
-8.153308999304506699e+00 3.892162952457844232e-06
-8.153309060970377331e+00 3.719413252067140618e-06
-8.153309142983907520e+00 3.489399101605045818e-06
-8.153309225133593685e+00 3.259092427127000744e-06
-8.153309317914938958e+00 2.998593914865271389e-06
-8.153309389866201684e+00 2.797133744298970320e-06
-8.153309466733755784e+00 2.581414539771347886e-06
-8.153309532425971895e+00 2.397191580416611515e-06
-8.153309612885170310e+00 2.171988459435161778e-06
-8.153309671523395252e+00 2.007699332875078602e-06
-8.153309714165533961e+00 1.888196606519685157e-06
-8.153309772402806743e+00 1.725139281109280472e-06
-8.153309828498654710e+00 1.567996303709247045e-06
-8.153309871806420972e+00 1.446623375643793989e-06
-8.153309929627969410e+00 1.284490815370976477e-06
-8.153309963947851458e+00 1.188217310361131244e-06
-8.153310002317374128e+00 1.080573752476166082e-06
-8.153310035589862892e+00 9.874302665819588110e-07
-8.153310061713641588e+00 9.141937342153339878e-07
-8.153310095390819967e+00 8.199098433222479680e-07
-8.153310122535904370e+00 7.437839437740672693e-07
-8.153310156149245813e+00 6.495546636957715675e-07
-8.153310185440670210e+00 5.673221219367983673e-07
-8.153310206529955195e+00 5.082212063780691471e-07
-8.153310228811832872e+00 4.458448313581059710e-07
-8.153310253062704405e+00 3.778599460166438659e-07
-8.153310274176678973e+00 3.186573279118007004e-07
-8.153310294564118266e+00 2.615730890167734900e-07
-8.153310308512132565e+00 2.224286210651079429e-07
-8.153310325575750639e+00 1.745903536886046860e-07
-8.153310349205119323e+00 1.083500567785444493e-07
-8.153310368938964103e+00 5.308725811526962380e-08
-8.153310382187502370e+00 1.601637910426979981e-08
-8.153310399357042826e+00 -3.211038189111205216e-08
-8.153310420315378337e+00 -9.076098168412174902e-08
-8.153310436702584596e+00 -1.366889364111742706e-07
-8.153310455583749672e+00 -1.895635215552826382e-07
-8.153310473451979234e+00 -2.396255327027698170e-07
-8.153310507935174201e+00 -3.362087583240012317e-07
-8.153310523522470987e+00 -3.799310411246982903e-07
-8.153310552627662133e+00 -4.614697245673439588e-07
-8.153310577644115043e+00 -5.315701973938399477e-07
-8.153310607432725732e+00 -6.150571163102619452e-07
-8.153310633511825500e+00 -6.881790463119733972e-07
-8.153310672930654590e+00 -7.987053517440394652e-07
-8.153310709849094451e+00 -9.021311464380778371e-07
-8.153310742191866467e+00 -9.926126162334577974e-07
-8.153310779430738009e+00 -1.096950555398274403e-06
-8.153310813806744051e+00 -1.193403289072403369e-06
-8.153310858052007504e+00 -1.317389332904418296e-06
-8.153310895755288001e+00 -1.423088975516761362e-06
-8.153310936760144401e+00 -1.538015646707203199e-06
-8.153310980245805695e+00 -1.659788554907687028e-06
-8.153311023559803417e+00 -1.781103759605895331e-06
-8.153311066734424628e+00 -1.902122542992243192e-06
-8.153311114594682607e+00 -2.036138890351442139e-06
-8.153311167570478801e+00 -2.184695470085276630e-06
-8.153311204073597551e+00 -2.286894736000993186e-06
-8.153311264260956648e+00 -2.455508515138880908e-06
-8.153311329875874591e+00 -2.639514944822714939e-06
-8.153311410472793952e+00 -2.865474842124000896e-06
-8.153311478574146065e+00 -3.056383118968014700e-06
-8.153311555044947312e+00 -3.270835745367554756e-06
-8.153311632704109968e+00 -3.488233844761482477e-06
-8.153311690956442703e+00 -3.651461037947016833e-06
-8.153311751589425782e+00 -3.821139396577796652e-06
-8.153311859104618975e+00 -4.122447866664941517e-06
-8.153311988636923857e+00 -4.485267068540765778e-06
-8.153312091213116730e+00 -4.772832868655901310e-06
-8.153312219696875474e+00 -5.132685836729050443e-06
-8.153312343013569219e+00 -5.478466786023682772e-06
-8.153312454738333770e+00 -5.791032641074829690e-06
-8.153312609534429711e+00 -6.224725980510778334e-06
-8.153312698438606176e+00 -6.473959497951148661e-06
-8.153312837936306678e+00 -6.864307003457300981e-06
-8.153312988755175184e+00 -7.286449869194522575e-06
-8.153313142681069436e+00 -7.717635515620287941e-06
-8.153313279071758402e+00 -8.099692440177003026e-06
-8.153313404012306975e+00 -8.449540350603098677e-06
-8.153313577641323917e+00 -8.936441394649170838e-06
-8.153313713805289353e+00 -9.317986792507094833e-06
-8.153313927488408552e+00 -9.916413344469972587e-06
-8.153314088850644126e+00 -1.036776093020186702e-05
-8.153314291656572621e+00 -1.093637081479298994e-05
-8.153314584986077307e+00 -1.175769851871046500e-05
-8.153314872644028100e+00 -1.256251254434917427e-05
-8.153315096797976835e+00 -1.319073809053241407e-05
-8.153315256373181441e+00 -1.363740250036256847e-05
-8.153315570427894343e+00 -1.451857357889388814e-05
-8.153315868564485314e+00 -1.535298342768231418e-05
-8.153316195169590941e+00 -1.626856767914559791e-05
-8.153316553228089347e+00 -1.727022036126513985e-05
-8.153317001378466600e+00 -1.852479421184999029e-05
-8.153317355125908605e+00 -1.951545503044575225e-05
-8.153317754117916039e+00 -2.063307489388157680e-05
-8.153318193306951400e+00 -2.186012878714195220e-05
-8.153318570130208442e+00 -2.291436581811544872e-05
-8.153318870232014959e+00 -2.375568769162857613e-05
-8.153319347925584992e+00 -2.509541866145657970e-05
-8.153319899639608792e+00 -2.664307451357007700e-05
-8.153320273067871327e+00 -2.768754325457445099e-05
-8.153320671128579278e+00 -2.880276908842337530e-05
-8.153321068273003291e+00 -2.991502645986351646e-05
-8.153321578684748161e+00 -3.134354404355957330e-05
-8.153322088033144510e+00 -3.277160944508353274e-05
-8.153322617254755045e+00 -3.425333160605365700e-05
-8.153323241505072261e+00 -3.599923103860179588e-05
-8.153323958890519307e+00 -3.800578416486740508e-05
-8.153324559769602686e+00 -3.969194155531613927e-05
-8.153325296508389997e+00 -4.175571810705711756e-05
-8.153326033931904249e+00 -4.382198214612288597e-05
-8.153326907003801693e+00 -4.626617998107836096e-05
-8.153327958878374915e+00 -4.921595729525529575e-05
-8.153328986381557897e+00 -5.209039702903382659e-05
-8.153329884589672005e+00 -5.460714248582510753e-05
-8.153330626978334550e+00 -5.668533607456051159e-05
-8.153331560056720662e+00 -5.929945448638873200e-05
-8.153332703775040713e+00 -6.250361055657770236e-05
-8.153333869895515562e+00 -6.577372457140635517e-05
-8.153335320918543516e+00 -6.984160896803871289e-05
-8.153337307653757193e+00 -7.541076148788077905e-05
-8.153338743430163404e+00 -7.942950557653335780e-05
-8.153340148241937868e+00 -8.336578886527536147e-05
-8.153341629196033225e+00 -8.750963759125456509e-05
-8.153343514648954127e+00 -9.279029990324623683e-05
-8.153345955107857534e+00 -9.962227922218027840e-05
-8.153347448619934212e+00 -1.038004778259145799e-04
-8.153349023779817628e+00 -1.082126680121046436e-04
-8.153350281416354761e+00 -1.117400977366494867e-04
-8.153352895669728539e+00 -1.190704441777902620e-04
-8.153355043747280817e+00 -1.250881586369347574e-04
-8.153357506046138070e+00 -1.319896972078354370e-04
-8.153359233752903279e+00 -1.368322434575971883e-04
-8.153361632697468053e+00 -1.435546328441230811e-04
-8.153364103926023176e+00 -1.504814727503225023e-04
-8.153366585028262392e+00 -1.574303548029440934e-04
-8.153369726926575467e+00 -1.662249770062923016e-04
-8.153373622295918111e+00 -1.771214166681062141e-04
-8.153376867727642363e+00 -1.862198190690024827e-04
-8.153380243917361270e+00 -1.956841030216318667e-04
-8.153384728688315874e+00 -2.082645249972624299e-04
-8.153388598233455298e+00 -2.190963858037040109e-04
-8.153391588895336994e+00 -2.274685664160131708e-04
-8.153395106569570672e+00 -2.373288202251183502e-04
-8.153398132277938970e+00 -2.457996352713861100e-04
-8.153402083950709311e+00 -2.568777679857792194e-04
-8.153407317610232852e+00 -2.715306974228860141e-04
-8.153413058332175112e+00 -2.876068954634398186e-04
-8.153419472516564070e+00 -3.055631289370803745e-04
-8.153426182775223907e+00 -3.243821787681392473e-04
-8.153432635846222354e+00 -3.424789104204423867e-04
-8.153436934986473261e+00 -3.545287217552526280e-04
-8.153443429164884293e+00 -3.727385295483213795e-04
-8.153449238815122513e+00 -3.890227515899090057e-04
-8.153456438653787330e+00 -4.091706151013830097e-04
-8.153464690127531611e+00 -4.323241368941696007e-04
-8.153472183589249411e+00 -4.533058128861157171e-04
-8.153479452446369180e+00 -4.736822777978134621e-04
-8.153487844511655425e+00 -4.971744554210404728e-04
-8.153498406898641804e+00 -5.267665390893737452e-04
-8.153509975237296814e+00 -5.592013432470387038e-04
-8.153517031239076118e+00 -5.789666492448048221e-04
-8.153526390244495659e+00 -6.051812692709101398e-04
-8.153540906882668082e+00 -6.458732988820162918e-04
-8.153548918305775217e+00 -6.683178346154934482e-04
-8.153557815028857902e+00 -6.931827602390806505e-04
-8.153566701409767248e+00 -7.180616115060315567e-04
-8.153574801752800028e+00 -7.407668645314080666e-04
-8.153589744088568736e+00 -7.826148705699196998e-04
-8.153606972544233500e+00 -8.308738304219197984e-04
-8.153620994195547311e+00 -8.700920753778811729e-04
-8.153641747836598341e+00 -9.282085381605920723e-04
-8.153659735167892109e+00 -9.786727300081508093e-04
-8.153676144181684293e+00 -1.024630053270070545e-03
-8.153691683105048327e+00 -1.068210687607821152e-03
-8.153705556024785750e+00 -1.107107550068577462e-03
-8.153723910962130006e+00 -1.158578924904420798e-03
-8.153742663420004533e+00 -1.211117483888376036e-03
-8.153779582229876866e+00 -1.314567593565964384e-03
-8.153795142547039632e+00 -1.358184832680793151e-03
-8.153824933718949453e+00 -1.441644253306900584e-03
-8.153847486105448183e+00 -1.504768782196453953e-03
-8.153878315810615618e+00 -1.591223880932700384e-03
-8.153908498290048712e+00 -1.675679001754919141e-03
-8.153933683768766372e+00 -1.746260539150350363e-03
-8.153969986699770800e+00 -1.847887935877493004e-03
-8.154002458236970341e+00 -1.938878932420886594e-03
-8.154042695891982717e+00 -2.051836960368683040e-03
-8.154076857841010550e+00 -2.147550676726081662e-03
-8.154119076073556016e+00 -2.265880924192872469e-03
-8.154166209912910190e+00 -2.397910581598427463e-03
-8.154218107167992002e+00 -2.543251096921494980e-03
-8.154261497410768555e+00 -2.664805299283963622e-03
-8.154307435301799245e+00 -2.793358715620920286e-03
-8.154361905553383139e+00 -2.946041784565697937e-03
-8.154406555344536400e+00 -3.071270177567632115e-03
-8.154453422316905176e+00 -3.202606651791459116e-03
-8.154503316981594807e+00 -3.342361042385774434e-03
-8.154588695905680140e+00 -3.581412389107340496e-03
-8.154649331174027793e+00 -3.751018981178402909e-03
-8.154726724623301948e+00 -3.967528449864070154e-03
-8.154785135177236910e+00 -4.130950625097041390e-03
-8.154863236920176561e+00 -4.350117810216980879e-03
-8.154917643394684390e+00 -4.502441965837307956e-03
-8.155006032312481778e+00 -4.750137158557908752e-03
-8.155090530364255130e+00 -4.986740089847450583e-03
-8.155188317733742309e+00 -5.260415627579009649e-03
-8.155303403220479197e+00 -5.582878453390283970e-03
-8.155387983176362710e+00 -5.819754421655084879e-03
-8.155467732253839586e+00 -6.043475065776979759e-03
-8.155627026367010757e+00 -6.489917645755171119e-03
-8.155776756910686487e+00 -6.909472240747383670e-03
-8.155870889711271943e+00 -7.172631867376694399e-03
-8.156018536833023802e+00 -7.586152772191510907e-03
-8.156147624875082158e+00 -7.946947946296120668e-03
-8.156238757258519101e+00 -8.201948121214192033e-03
-8.156375791269312003e+00 -8.585415361460797812e-03
-8.156532011848474539e+00 -9.023049771435111971e-03
-8.156671777940173840e+00 -9.414677203475706538e-03
-8.156811555021056037e+00 -9.806301564946846155e-03
-8.156952427849789800e+00 -1.020082868237967046e-02
-8.157094879294680467e+00 -1.059957916368193392e-02
-8.157276500348871195e+00 -1.110790131083389150e-02
-8.157477363685726957e+00 -1.167108886155564761e-02
-8.157670830316195776e+00 -1.221287616665547165e-02
-8.157848649453733003e+00 -1.271041982789193787e-02
-8.158025416317974177e+00 -1.320512867169194166e-02
-8.158280307169306411e+00 -1.391960872204143530e-02
-8.158488447103835028e+00 -1.450285800800781878e-02
-8.158809319172103613e+00 -1.540145312324088349e-02
-8.159099143025903444e+00 -1.621337420147163366e-02
-8.159431161418989831e+00 -1.714446345868889457e-02
-8.159880334575548844e+00 -1.840171784062743024e-02
-8.160239094014357875e+00 -1.940605173315951629e-02
-8.160557535926631800e+00 -2.029592096962177725e-02
-8.160981197203151183e+00 -2.148121283376887639e-02
-8.161257444288478879e+00 -2.225451814500114742e-02
-8.161602454915900751e+00 -2.321976214765791163e-02
-8.161996326222881848e+00 -2.432204439415125777e-02
-8.162406455830772956e+00 -2.546961349248005185e-02
-8.162842440527928289e+00 -2.668973652322710610e-02
-8.163210292805072044e+00 -2.771922081991956208e-02
-8.163698411201947280e+00 -2.908424276946548759e-02
-8.164246914724547111e+00 -3.061909540233335655e-02
-8.165038885741143559e+00 -3.283374327447984020e-02
-8.165473203970398330e+00 -3.404952090519613311e-02
-8.166212723700118303e+00 -3.611781506459692259e-02
-8.166835019384311778e+00 -3.785565776000342914e-02
-8.167445683439108706e+00 -3.956234509245298847e-02
-8.168051514079069264e+00 -4.125378688911363750e-02
-8.169010919768288304e+00 -4.393232574275174329e-02
-8.169640171606054935e+00 -4.568763526794289431e-02
-8.170215680474493425e+00 -4.729457549833168684e-02
-8.170865883135400409e+00 -4.910847838661332870e-02
-8.171765522343049426e+00 -5.161358162609671479e-02
-8.173173705178465198e+00 -5.553733696881905935e-02
-8.173749690094878062e+00 -5.714080580860083497e-02
-8.174858411823898052e+00 -6.022775089933388865e-02
-8.175869485927282909e+00 -6.303805151978768284e-02
-8.177034227460408644e+00 -6.627514707060742916e-02
-8.177890813469916864e+00 -6.865322421763535299e-02
-8.179283283058230936e+00 -7.252207656079677489e-02
-8.180233655666192760e+00 -7.516173680808493907e-02
-8.182070804848997625e+00 -8.024349286575138684e-02
-8.183674878218514692e+00 -8.467303954778593322e-02
-8.185747619876531544e+00 -9.038729738915232681e-02
-8.187224041008594355e+00 -9.445013098725302259e-02
-8.188994267284156692e+00 -9.930593677183335855e-02
-8.190803608302154259e+00 -1.042569176977481415e-01
-8.192424390242683430e+00 -1.086826282173384423e-01
-8.194752930616802544e+00 -1.150232254731541615e-01
-8.196364419886524644e+00 -1.193878017183926527e-01
-8.198125779119552092e+00 -1.241492679782765785e-01
-8.200257595049370352e+00 -1.298825246402335321e-01
-8.202508272632989872e+00 -1.358989209574889279e-01
-8.205204802191492064e+00 -1.430613306112662464e-01
-8.207337124977149401e+00 -1.486866539776152130e-01
-8.210543727264802527e+00 -1.570767590844498740e-01
-8.213655057026780781e+00 -1.651184692195150905e-01
-8.216455686273112846e+00 -1.722793545255126013e-01
-8.220362899974491100e+00 -1.821378624348331532e-01
-8.223873800997322903e+00 -1.908059289257592606e-01
-8.228340584735766683e+00 -2.016025828179634771e-01
-8.231414141493766934e+00 -2.088449661366705845e-01
-8.235230988607229463e+00 -2.176348655689417100e-01
-8.239393667851189207e+00 -2.269276034038343326e-01
-8.241385106588516862e+00 -2.312677288784663332e-01
-8.245620448264704194e+00 -2.402297538073742134e-01
-8.250114585579522597e+00 -2.493212691382838131e-01
-8.253740134066303469e+00 -2.563381431987966086e-01
-8.256614251019984252e+00 -2.616793308528394535e-01
-8.261642663792120089e+00 -2.705705683412291118e-01
-8.264845665354883408e+00 -2.759135452539557276e-01
-8.267846402644442705e+00 -2.806913276693343562e-01
-8.272456635966930705e+00 -2.876075350495750360e-01
-8.278528134482510126e+00 -2.959191799724936178e-01
-8.282661729371596948e+00 -3.010497757366284999e-01
-8.287223734512467743e+00 -3.062185807620053657e-01
-8.292207705248010541e+00 -3.112924313768521412e-01
-8.298557017957994830e+00 -3.169216648518815016e-01
-8.304417936771903541e+00 -3.213691822313838320e-01
-8.309701110735973728e+00 -3.247471093762751559e-01
-8.314564037014365638e+00 -3.274276696446373203e-01
-8.320106827341087197e+00 -3.300118628655388520e-01
-8.326753506456165965e+00 -3.324865171250289131e-01
-8.331843369017594370e+00 -3.339925677146121652e-01
-8.338808950126693986e+00 -3.356380123482458622e-01
-8.344051948344464620e+00 -3.365736490109904611e-01
-8.349843855713272589e+00 -3.373883140153011717e-01
-8.356141237974583191e+00 -3.380292667731943923e-01
-8.364136126344934752e+00 -3.385773982913110047e-01
-8.371276134681698622e+00 -3.388799777964488502e-01
-8.377726794679764666e+00 -3.390570558426607706e-01
-8.383305566823002763e+00 -3.391379045621962796e-01
-8.389166809022002624e+00 -3.391694101775095671e-01
-8.395935666332453806e+00 -3.391905621464619824e-01
-8.400344134577851563e+00 -3.391951916455198668e-01
-8.404558726138617430e+00 -3.391850870180613819e-01
-8.412837347261378440e+00 -3.391152013847643087e-01
-8.416813989494851711e+00 -3.390901589278726980e-01
-8.422462503000936351e+00 -3.390573446018568249e-01
-8.428220617064676290e+00 -3.390169454477467426e-01
-8.435287629423715572e+00 -3.389559295691235152e-01
-8.439760466874810518e+00 -3.389257123721337583e-01
-8.445979497279099135e+00 -3.388789389382400596e-01
-8.450422267702224488e+00 -3.388197211084569282e-01
-8.456767907645156512e+00 -3.387794946482051706e-01
-8.460136414576766128e+00 -3.387356648020765637e-01
-8.464140254094052906e+00 -3.386870098620745062e-01
-8.470143113805960411e+00 -3.386336132286141276e-01
-8.475017453114645605e+00 -3.385972300971092919e-01
-8.481769718422127013e+00 -3.385238953388269856e-01
-8.488003900046075856e+00 -3.384856860926183098e-01
-8.494850077327914306e+00 -3.384309570431617287e-01
-8.500285402476057683e+00 -3.383822915278165144e-01
-8.504809719036600768e+00 -3.383507550480223669e-01
-8.509141813208250582e+00 -3.383055043384509131e-01
-8.515294273721847773e+00 -3.382356750065904638e-01
-8.519885723066058958e+00 -3.381976255691491184e-01
-8.524741732274581096e+00 -3.381536601481868742e-01
-8.528804025076302864e+00 -3.381121811922432885e-01
-8.535145909976176171e+00 -3.380712482567677091e-01
-8.541122731536637147e+00 -3.379973611918103416e-01
-8.550382280006822100e+00 -3.378993269267676069e-01
-8.555627102421549779e+00 -3.378582473622282478e-01
-8.561441635303943087e+00 -3.378206302160522423e-01
-8.567293485004311648e+00 -3.377702167617425699e-01
-8.570625910602799991e+00 -3.377507034818618692e-01
-8.575539569556134722e+00 -3.377101147159548011e-01
-8.580380273568158245e+00 -3.376609508086384492e-01
-8.586903115028283295e+00 -3.376169772282618942e-01
-8.594193656180127761e+00 -3.375443899421912697e-01
-8.598616541287118054e+00 -3.374905481362435178e-01
-8.603629144795881700e+00 -3.374341938589848211e-01
-8.609572643272544568e+00 -3.373672534231815234e-01
-8.613544764107315288e+00 -3.373363139568837932e-01
-8.616850454803717696e+00 -3.372928756743166501e-01
-8.621226850798375807e+00 -3.372361308506838795e-01
-8.627282876261325839e+00 -3.371617337657861202e-01
-8.632283738298957232e+00 -3.371075286836404672e-01
-8.638783455165791381e+00 -3.370327555027200495e-01
-8.645131107769376655e+00 -3.369504401788522840e-01
-8.649833520249320173e+00 -3.369024106320935852e-01
-8.655381504551488803e+00 -3.368401336486032127e-01
-8.662883743916708568e+00 -3.367513271485058080e-01
-8.667468878314156910e+00 -3.367098149990693234e-01
-8.674068374229598533e+00 -3.366059843898003834e-01
-8.679322624365228833e+00 -3.365567311691115560e-01
-8.684792273589389211e+00 -3.365127484819257497e-01
-8.690645399288474238e+00 -3.364492411184597520e-01
-8.696951905905232039e+00 -3.363722947282488107e-01
-8.701017441909817407e+00 -3.363169405694448888e-01
-8.705902443058064932e+00 -3.362675409040040142e-01
-8.710654563760909852e+00 -3.362143802678433935e-01
-8.714993434489811008e+00 -3.361740240655519685e-01
-8.719537692209744506e+00 -3.361445393142311611e-01
-8.726495461284219601e+00 -3.361110741745307329e-01
-8.730262559962261193e+00 -3.360556904221059238e-01
-8.734437858665240029e+00 -3.360339895849938641e-01
-8.739504227370026967e+00 -3.359764725438624811e-01
-8.743694513831217208e+00 -3.359239743546502677e-01
-8.747751914028391695e+00 -3.358759373969009698e-01
-8.753487770120903733e+00 -3.358130727322290454e-01
-8.756656903410679149e+00 -3.357820276599948195e-01
-8.761317786864339041e+00 -3.357333258527975262e-01
-8.767370293507196877e+00 -3.356584978951324127e-01
-8.772512837063283442e+00 -3.356179512438158263e-01
-8.775941982682098796e+00 -3.355743108700084965e-01
-8.779829455663962889e+00 -3.355385986032629608e-01
-8.784918998791050981e+00 -3.354734164652393158e-01
-8.790477995639534470e+00 -3.354260531577691329e-01
-8.796188436888556339e+00 -3.353383264662921359e-01
-8.801581941569324385e+00 -3.352718302744637224e-01
-8.806545978456224333e+00 -3.352279091610977368e-01
-8.811263703260644675e+00 -3.351761262685700737e-01
-8.815761516167219369e+00 -3.351308831897621410e-01
-8.822128949239989026e+00 -3.350877110938394465e-01
-8.826434591582245304e+00 -3.350462753605672472e-01
-8.832301984251166971e+00 -3.350067034186764436e-01
-8.837626136956879819e+00 -3.349515727327682102e-01
-8.842852977130585046e+00 -3.349086698573394139e-01
-8.848900074756615552e+00 -3.348682470062195327e-01
-8.855225783614956825e+00 -3.348027502119079735e-01
-8.859843333835645041e+00 -3.347702096822056106e-01
-8.866028114285873230e+00 -3.347194823266292363e-01
-8.872229739784973646e+00 -3.346306651077405880e-01
-8.876909919966186280e+00 -3.345766671516513524e-01
-8.884210945231588497e+00 -3.344917348899050791e-01
-8.888851206152468265e+00 -3.344215358097737401e-01
-8.892995979181645083e+00 -3.343820144594117361e-01
-8.900120014776099708e+00 -3.343177593864194996e-01
-8.905645714879883101e+00 -3.342530050031015665e-01
-8.910867748900196617e+00 -3.341974915744017616e-01
-8.917130686006274232e+00 -3.341320639612540555e-01
-8.924118180702008019e+00 -3.340657162739164576e-01
-8.927404455844897058e+00 -3.340238358246329642e-01
-8.931840083917116146e+00 -3.339786367006894463e-01
-8.936240069051077484e+00 -3.339362378323094127e-01
-8.940375077072214793e+00 -3.339030442557994194e-01
-8.946706304904616047e+00 -3.338212886475289687e-01
-8.951312639857928133e+00 -3.337921014139680898e-01
-8.957040495028891769e+00 -3.337608473504513618e-01
-8.961906831320943567e+00 -3.337159509237526134e-01
-8.968749897219241873e+00 -3.336521333617117890e-01
-8.973247167256499068e+00 -3.336081268237109376e-01
-8.978428711168191967e+00 -3.335389109061482338e-01
-8.982296893876860366e+00 -3.334856460734190176e-01
-8.986926408832465185e+00 -3.334169118198699322e-01
-8.993302209028462002e+00 -3.333361714709631163e-01
-8.998760553650832605e+00 -3.332909852935977968e-01
-9.002006843833809668e+00 -3.332505482855647738e-01
-9.007323516064190017e+00 -3.331852612467787744e-01
-9.012192264019168064e+00 -3.331271672027906749e-01
-9.017869758964298654e+00 -3.330521306669700921e-01
-9.021566292661974629e+00 -3.330014491367218055e-01
-9.025903602581145435e+00 -3.329603668313179110e-01
-9.029470698340661627e+00 -3.329365847838512416e-01
-9.035097117332243855e+00 -3.328604160817328905e-01
-9.040530008559588993e+00 -3.328189494412013838e-01
-9.044545371691086189e+00 -3.327617717291884714e-01
-9.048640561188594944e+00 -3.327082816233493667e-01
-9.053694204618860653e+00 -3.326334758542621173e-01
-9.058866344874571652e+00 -3.325966140185619979e-01
-9.064866270904385459e+00 -3.325170024965418136e-01
-9.071303381421651935e+00 -3.324718096747538154e-01
-9.076662850067572563e+00 -3.324494823462200710e-01
-9.081563892232056290e+00 -3.323835894687398596e-01
-9.086464366637384771e+00 -3.323237400737466540e-01
-9.089810399802129126e+00 -3.322959594309053410e-01
-9.093250471576491023e+00 -3.322595260682508767e-01
-9.098395072103521386e+00 -3.322347633194499550e-01
-9.104263908389164328e+00 -3.321517729168134148e-01
-9.107837607058513640e+00 -3.321125156528726974e-01
-9.114306336241888573e+00 -3.320641077017914555e-01
-9.119190188205452685e+00 -3.320031061006107898e-01
-9.123806370875222171e+00 -3.319375353373669735e-01
-9.128275806040427653e+00 -3.318767010744152479e-01
-9.133852602863026249e+00 -3.318339774356633409e-01
-9.138609920411246534e+00 -3.317944523852217609e-01
-9.143261963389061719e+00 -3.317595112877559371e-01
-9.149652224478485252e+00 -3.317045818917999100e-01
-9.153476442350024556e+00 -3.316292379381066135e-01
-9.158923824684423565e+00 -3.315800572691866566e-01
-9.164081613993168673e+00 -3.315214013344172650e-01
-9.169215093491185797e+00 -3.314612079382604493e-01
-9.173630752810348454e+00 -3.314198530073976801e-01
-9.177934475344162735e+00 -3.313912267897028974e-01
-9.183755296260450507e+00 -3.313336667699953719e-01
-9.188392118445291246e+00 -3.312724177822473082e-01
-9.192361954996675522e+00 -3.312317349535762179e-01
-9.197640161445153950e+00 -3.311664367252782348e-01
-9.201713184777389642e+00 -3.311111132959717041e-01
-9.207334601536761198e+00 -3.310651829731306450e-01
-9.211177063735382475e+00 -3.310162461348371554e-01
-9.215607162234235261e+00 -3.309540477201240449e-01
-9.219821311421297239e+00 -3.309031757581684108e-01
-9.224276916519603020e+00 -3.308268394794411371e-01
-9.227462214359411163e+00 -3.307916946859999485e-01
-9.232945885855604828e+00 -3.307345511926471637e-01
-9.238163535345885080e+00 -3.307078253220689934e-01
-9.241467940406749904e+00 -3.306662997478466148e-01
-9.244392720171129341e+00 -3.306129572633920155e-01
-9.249409354766747526e+00 -3.305787603050759915e-01
-9.253719446059154308e+00 -3.305364186586932096e-01
-9.259133108812187984e+00 -3.304684106499513052e-01
-9.263255635839623636e+00 -3.304328456247674350e-01
-9.267172054900445488e+00 -3.303980901281625693e-01
-9.271623632444594421e+00 -3.303420850182818280e-01
-9.276429523993007464e+00 -3.302967827268546985e-01
-9.279665426595332889e+00 -3.302754317634509218e-01
-9.285025077494717394e+00 -3.301977999197525104e-01
-9.289480204614338987e+00 -3.301435416225345088e-01
-9.295604835554380330e+00 -3.300676317642519675e-01
-9.299560748527085252e+00 -3.300329417612584137e-01
-9.305163201517682836e+00 -3.299933107671518817e-01
-9.308801746932617860e+00 -3.299555921382194001e-01
-9.312361941256611431e+00 -3.299004993113119899e-01
-9.317667127311523245e+00 -3.298202602553416130e-01
-9.321730347977934983e+00 -3.297668115967830049e-01
-9.325561473503189092e+00 -3.297054878145311840e-01
-9.329993650133179273e+00 -3.296382419429623178e-01
-9.334100084766687289e+00 -3.295972454928070561e-01
-9.338913515523382003e+00 -3.295358622158723882e-01
-9.342849889325560042e+00 -3.294821032070812117e-01
-9.346865333542611509e+00 -3.294358843676704063e-01
-9.350104718864207243e+00 -3.293796817593247495e-01
-9.353844001706812961e+00 -3.293357921051219828e-01
-9.358220451451611410e+00 -3.292661933138394392e-01
-9.362645214565857188e+00 -3.292266260832590330e-01
-9.367691328325015832e+00 -3.291852643082013863e-01
-9.372484415374829680e+00 -3.291440231042045417e-01
-9.377187117204837108e+00 -3.290802031221455315e-01
-9.381210993354777372e+00 -3.290215391192390371e-01
-9.385514788102019779e+00 -3.289567484530061536e-01
-9.389774841354363133e+00 -3.289051128672421109e-01
-9.395692457927291130e+00 -3.288578324634276462e-01
-9.399059615968516468e+00 -3.288292951657761920e-01
-9.402931348888989405e+00 -3.288001985251815529e-01
-9.407296544276201544e+00 -3.287659388679359251e-01
-9.412713305046475298e+00 -3.287189960222614560e-01
-9.417310590700353146e+00 -3.286937491191194161e-01
-9.421508828008471781e+00 -3.286342446588486621e-01
-9.425437283217888762e+00 -3.285672051555721396e-01
-9.429956359390663678e+00 -3.285042973664426547e-01
-9.433813222796485931e+00 -3.284599563328903238e-01
-9.437598094216609113e+00 -3.284214866307128000e-01
-9.442614491229463169e+00 -3.283864869054732849e-01
-9.447516262476872484e+00 -3.283470719772361712e-01
-9.452278535472910193e+00 -3.283059306078095485e-01
-9.456658132457398835e+00 -3.282505702954557347e-01
-9.461673521120204100e+00 -3.281879445720085053e-01
-9.465402438225197557e+00 -3.281306463301306708e-01
-9.469444141097740797e+00 -3.280843590024611900e-01
-9.474037354792184118e+00 -3.280275194818897955e-01
-9.480480012593979211e+00 -3.279418972479887229e-01
-9.484730338972363839e+00 -3.279042035778848008e-01
-9.488933126065834500e+00 -3.278282485238599442e-01
-9.494222935312528477e+00 -3.277381657682421623e-01
-9.499071652702706814e+00 -3.276830101321995259e-01
-9.503965485977861505e+00 -3.276384707555886067e-01
-9.507837745496271253e+00 -3.275860617950309694e-01
-9.512555618283652592e+00 -3.275450557902948590e-01
-9.516387285598034040e+00 -3.274925160552012993e-01
-9.519755164822074178e+00 -3.274672585003325920e-01
-9.523849358240953578e+00 -3.274144392850418805e-01
-9.527695378109308777e+00 -3.273595223432578805e-01
-9.530968349844576082e+00 -3.273190224241295798e-01
-9.534939849335479778e+00 -3.272791380159296160e-01
-9.539296025632857834e+00 -3.272303627873775489e-01
-9.544126613550481864e+00 -3.271738378042808315e-01
-9.547979292035236654e+00 -3.271370853141655766e-01
-9.553558357270681256e+00 -3.270810418773718586e-01
-9.557115354594055034e+00 -3.270230694553687423e-01
-9.561444185576744914e+00 -3.269743674776021680e-01
-9.564264528755293426e+00 -3.269430036661233885e-01
-9.569476420431334063e+00 -3.268983258655987489e-01
-9.573984013058149500e+00 -3.268365511285052927e-01
-9.577233814095663433e+00 -3.267769403567869491e-01
-9.581338098472432563e+00 -3.267221916311365271e-01
-9.585424378579164184e+00 -3.266735690616812127e-01
-9.590572810919155700e+00 -3.265938369851754119e-01
-9.594004043194980014e+00 -3.265545054417468007e-01
-9.597849210932766439e+00 -3.265030944093632037e-01
-9.601260291105255362e+00 -3.264452833116644470e-01
-9.605391887245200877e+00 -3.263790837045671411e-01
-9.609379296424448214e+00 -3.263247094931031045e-01
-9.615384274470695658e+00 -3.262880512952348599e-01
-9.619364765671488016e+00 -3.262316091432389542e-01
-9.623060504405813731e+00 -3.261744271210090251e-01
-9.627371239442545914e+00 -3.261049503700394481e-01
-9.631186572736384122e+00 -3.260482583747831842e-01
-9.636924926295360905e+00 -3.259683157879215698e-01
-9.640217739414410403e+00 -3.259293301019164923e-01
-9.644375660116246252e+00 -3.258404919231873698e-01
-9.647938436504626125e+00 -3.258056777763621015e-01
-9.652107934120024879e+00 -3.257700032434910353e-01
-9.655416507944989846e+00 -3.257083665200313782e-01
-9.660275035849366532e+00 -3.256442070240981312e-01
-9.663968844567357053e+00 -3.256009281589342663e-01
-9.668562905034930210e+00 -3.255324787272871334e-01
-9.671767520014924457e+00 -3.254839277066189362e-01
-9.675124828194551441e+00 -3.254651447871728664e-01
-9.678420364232014350e+00 -3.254256511380843597e-01
-9.683044614847766240e+00 -3.253735737261289618e-01
-9.686649293056326826e+00 -3.253305892834377211e-01
-9.689426925538818125e+00 -3.252992608414961850e-01
-9.692587213337334973e+00 -3.252510371937417655e-01
-9.697070032138560336e+00 -3.251983699919600013e-01
-9.701021279320706014e+00 -3.251684909950826041e-01
-9.704919200443310245e+00 -3.251222911791006864e-01
-9.707775299492679366e+00 -3.250759368955695727e-01
-9.710905990010964217e+00 -3.250334603127139066e-01
-9.714210873245443523e+00 -3.249967571480253947e-01
-9.717625746428103284e+00 -3.249722437716963119e-01
-9.721664532903844247e+00 -3.249286513524222153e-01
-9.724741287873809981e+00 -3.249055969703885105e-01
-9.728635936321277100e+00 -3.248544008158653629e-01
-9.733235537792323200e+00 -3.247848233823629194e-01
-9.737570476965121458e+00 -3.247224263188542848e-01
-9.740698397884992588e+00 -3.246876025238209507e-01
-9.744404622765033608e+00 -3.246268628227702013e-01
-9.747592244569158737e+00 -3.245880288673045899e-01
-9.750689519306652286e+00 -3.245570366122517147e-01
-9.753782688263791911e+00 -3.245057095575653583e-01
-9.756904088608086667e+00 -3.244397415424278841e-01
-9.760006507519314312e+00 -3.243849148203173938e-01
-9.762725836148094416e+00 -3.243639495963383523e-01
-9.767008136417322461e+00 -3.243115859373376653e-01
-9.770960664638197457e+00 -3.242562752425335870e-01
-9.774317663515136090e+00 -3.242113030968912235e-01
-9.777011503757893962e+00 -3.241744884989773978e-01
-9.780697079449655718e+00 -3.241292910165033958e-01
-9.784558623982590575e+00 -3.240821726072607434e-01
-9.787455832455909999e+00 -3.240567305160119704e-01
-9.791378271918480536e+00 -3.240041125879049022e-01
-9.795194724097553873e+00 -3.239390407918893433e-01
-9.799521220066790050e+00 -3.238637984937053349e-01
-9.803130336268152334e+00 -3.238088205455343371e-01
-9.806385919911331683e+00 -3.237535479186940401e-01
-9.811072328914502094e+00 -3.237032333184030608e-01
-9.816137407513457092e+00 -3.236158831426619309e-01
-9.819976526932407523e+00 -3.235402115884792318e-01
-9.822617518465227349e+00 -3.235028754091647252e-01
-9.826309990173124120e+00 -3.234363871263867263e-01
-9.831446754534255206e+00 -3.233776550883232792e-01
-9.834759487403008649e+00 -3.233396293302586155e-01
-9.838258401333806802e+00 -3.232995904241806051e-01
-9.841868237426762533e+00 -3.232508067858426148e-01
-9.844608256774973754e+00 -3.232140670986624054e-01
