4.000000000000000000e+00 4.000000000000000000e+00
2.625461911101600876e+00 7.154839827191170620e+00
1.090431117028161090e+00 9.507115018942419837e+00
-7.956310136841983072e-01 9.878115469981231911e+00
-3.575381871223987762e+00 9.071580458390243962e+00
-6.238370450111110799e+00 5.775956782875035778e+00
-7.870474350798062346e+00 2.422557705170762521e+00
-8.466238725536820553e+00 1.054723075521285081e+00
-8.938606552505504510e+00 1.036331804380571597e+00
-9.334688604920888366e+00 1.025431754495552683e+00
-9.661320124875501847e+00 1.015990017305065773e+00
-9.978337968634564348e+00 1.006102720496459435e+00
-1.024683687171391533e+01 9.968670709953930675e-01
-1.046509514930973062e+01 9.887408864711507706e-01
-1.067949826407162917e+01 9.799400652262502120e-01
-1.089900657259302896e+01 9.697537234050936927e-01
-1.109058702586117562e+01 9.589382185977293194e-01
-1.117424310839771628e+01 9.529427819590412518e-01
-1.125943292968726972e+01 9.444454346911020926e-01
-1.130728025356716060e+01 9.362257774233685437e-01
-1.131853636044980504e+01 9.265461757403897769e-01
-1.129165866910505578e+01 9.189623999158217371e-01
-1.125077408237417131e+01 9.125132896171980201e-01
-1.121880381504834823e+01 9.075650712227940620e-01
-1.116764925090495275e+01 8.997450453264737025e-01
-1.110416034121320905e+01 8.901247641132655763e-01
-1.106151245632331204e+01 8.836596376411672837e-01
-1.100972723834044409e+01 8.759836537551758395e-01
-1.096416027982427721e+01 8.692375709515584026e-01
-1.091485870826369542e+01 8.620296009281926963e-01
-1.086344237436989779e+01 8.545202836466838647e-01
-1.081438827947980919e+01 8.473890277962117246e-01
-1.077618843906210344e+01 8.418973348904030818e-01
-1.073705899609675818e+01 8.363080993435756394e-01
-1.069052554497632279e+01 8.297272536702954282e-01
-1.064100487185471344e+01 8.227319947809768053e-01
-1.059441019768298275e+01 8.162433240598676587e-01
-1.054518249948820063e+01 8.093954996301134797e-01
-1.048651727251954746e+01 8.013169438306906311e-01
-1.042263947180634354e+01 7.925667981130262163e-01
-1.037893532224393667e+01 7.866474974747539317e-01
-1.034201306114103502e+01 7.816640253017208551e-01
-1.029632883341053962e+01 7.755232891501748771e-01
-1.024619541968256264e+01 7.688189239618873350e-01
-1.020371309813867633e+01 7.632207321089830021e-01
-1.015909663457661161e+01 7.573289210049879427e-01
-1.010187156610828829e+01 7.497836930078223272e-01
-1.006694616097277084e+01 7.452684513116536458e-01
-1.002784290369680775e+01 7.401968151059626910e-01
-9.988565602830982826e+00 7.351559801487561607e-01
-9.958463505473337918e+00 7.313099894124895917e-01
-9.926380282299488655e+00 7.272090837932267959e-01
-9.880011608270898193e+00 7.213223413308567089e-01
-9.852349556057459878e+00 7.178138631218811128e-01
-9.803746499994190344e+00 7.116344188847582020e-01
-9.764712731694459080e+00 7.066962517859103343e-01
-9.726182992799406790e+00 7.018558906245850881e-01
-9.698921719090568772e+00 6.984445794320729428e-01
-9.665727292384257652e+00 6.942696105965718845e-01
-9.617612167512170629e+00 6.883748901267587872e-01
-9.575699899606849641e+00 6.832095504719615242e-01
-9.519940769964721383e+00 6.764361261006369697e-01
-9.485690522219574206e+00 6.722624989432037790e-01
-9.463169937022470890e+00 6.695711162271770212e-01
-9.435007682883671976e+00 6.662032849015298019e-01
-9.397318484704543451e+00 6.616915784360660746e-01
-9.367522011828533834e+00 6.581221829061251194e-01
-9.326474048501424363e+00 6.532820018254312799e-01
-9.299044206246437128e+00 6.500545217398925324e-01
-9.259451786802159745e+00 6.453868012277531596e-01
-9.220018416388340299e+00 6.407505780358321301e-01
-9.196007920004879210e+00 6.379730058200956400e-01
-9.166265164666446807e+00 6.345247568446069630e-01
-9.137656453193628181e+00 6.312208305340716308e-01
-9.106726442757757667e+00 6.276623120626867447e-01
-9.076064153602125373e+00 6.241351017361596032e-01
-9.038531634562380290e+00 6.198414146647854839e-01
-9.004633564483359720e+00 6.159684705277602701e-01
-8.961539096773689650e+00 6.111258919951034763e-01
-8.922020011816316654e+00 6.066450881765855785e-01
-8.893130399885086135e+00 6.033996021993938141e-01
-8.865157420665262578e+00 6.002573411190720298e-01
-8.835409156812145781e+00 5.969638587055524637e-01
-8.806221681309132521e+00 5.937684683713236877e-01
-8.775675922000349516e+00 5.903680269017061999e-01
-8.737722803645262104e+00 5.861760643325760745e-01
-8.705174176783215145e+00 5.825780831444115071e-01
-8.672673844964826628e+00 5.790302654693629814e-01
-8.639958980837125324e+00 5.754744747660819337e-01
-8.607812432664177393e+00 5.719429919368882453e-01
-8.579019623838270547e+00 5.687688838014629544e-01
-8.550700082170241245e+00 5.657084186032506068e-01
-8.518129080491803506e+00 5.622330275447344761e-01
-8.496625376693422993e+00 5.599335957579005818e-01
-8.463363748669049613e+00 5.563576649458079615e-01
-8.442939216235251010e+00 5.541850309793088236e-01
-8.418652527256693219e+00 5.515890787328652234e-01
-8.394868335633139722e+00 5.490791697955578199e-01
-8.365651708000877207e+00 5.459654943934340032e-01
-8.337226382722411344e+00 5.429499649590925348e-01
-8.314036580607981008e+00 5.404925297858612643e-01
-8.280061985090378940e+00 5.369409858157667692e-01
-8.249456612921552079e+00 5.338041179144606962e-01
-8.221531070149090681e+00 5.309244795632580560e-01
-8.191930484560236536e+00 5.278884712138693924e-01
-8.166101201778296570e+00 5.252391193777877776e-01
-8.138566627778274665e+00 5.224078484536843758e-01
-8.115454745937219272e+00 5.200536882198220079e-01
-8.090153081857190287e+00 5.174653748420628974e-01
-8.064340622435533845e+00 5.148651610465916351e-01
-8.044795884789415652e+00 5.128551279047081080e-01
-8.013956876400410323e+00 5.096726372395158355e-01
-7.986697303843606655e+00 5.069524674608676396e-01
-7.968981475143940507e+00 5.051753215809201558e-01
-7.939701088131694284e+00 5.022406732374029570e-01
-7.921720015164834372e+00 5.004524490913782042e-01
-7.896870458302982065e+00 4.979413250601574248e-01
-7.866960611139259818e+00 4.949766679728004326e-01
-7.842593455456523976e+00 4.925616290496267480e-01
-7.821055773474094863e+00 4.904386005047888242e-01
-7.795184158946224962e+00 4.878992016035329504e-01
-7.768377829717329597e+00 4.852499770591474637e-01
-7.744943654622630902e+00 4.829385435718630548e-01
-7.723837166860415770e+00 4.808721192410098100e-01
-7.695812996067686207e+00 4.781443958890598811e-01
-7.676286524153694835e+00 4.762367816469885717e-01
-7.658902566371970089e+00 4.745318953015275065e-01
-7.634974728426456636e+00 4.721885279898324628e-01
-7.608869984492833360e+00 4.696314519503206886e-01
-7.581907667155841857e+00 4.670463467786139522e-01
-7.559231507991069243e+00 4.648611004884840026e-01
-7.537756062564817228e+00 4.628235088328101487e-01
-7.517361404933827096e+00 4.608411140635311765e-01
-7.497220242372263144e+00 4.589262779373154966e-01
-7.481633856341421307e+00 4.574325675896003807e-01
-7.463792415645534639e+00 4.557270766502688475e-01
-7.444733235192718901e+00 4.539162426997012112e-01
-7.426040874831088878e+00 4.521653819656972217e-01
-7.406859702100174303e+00 4.503767771843613099e-01
-7.393131760835923494e+00 4.490969438411349102e-01
-7.369534623567471243e+00 4.468844083589668670e-01
-7.347957247751661924e+00 4.449006940640366503e-01
-7.330026902815442114e+00 4.432410313898438314e-01
-7.305687860060753103e+00 4.409953480388580926e-01
-7.284474501384383238e+00 4.390622165644881281e-01
-7.262907374125036952e+00 4.370641665205099446e-01
-7.241817903189078365e+00 4.351172535256189744e-01
-7.212796206372265928e+00 4.324547948557444510e-01
-7.189500153355826484e+00 4.302901116737277709e-01
-7.175728370922291433e+00 4.290038979651531470e-01
-7.157495465546571012e+00 4.273163378819958558e-01
-7.131315848988257322e+00 4.248785537840627513e-01
-7.116171195966233931e+00 4.235030689725695630e-01
-7.094396278328503058e+00 4.215284147923585856e-01
-7.079725141284854750e+00 4.202075267703246908e-01
-7.061262463949473656e+00 4.185233434999749980e-01
-7.036517141580035606e+00 4.162692568173604890e-01
-7.018578139379476610e+00 4.146045210398471292e-01
-7.005606819988551059e+00 4.133108370977232604e-01
-6.992071192407893321e+00 4.117351085956101331e-01
-6.979030361568903551e+00 4.097423550936143966e-01
-6.964057624210295394e+00 4.062403551615193509e-01
-6.948589384650741607e+00 3.997370255793492033e-01
-6.932013229162203416e+00 3.862590817977135105e-01
-6.917333290945259172e+00 3.642766683165001296e-01
-6.902602413116330382e+00 3.269846908906540728e-01
-6.889066873950065784e+00 2.734626449348713795e-01
-6.874303887963129966e+00 1.874165565697353542e-01
-6.865950096632785993e+00 1.235884401123275578e-01
-6.861530648104394281e+00 8.498429083083006152e-02
-6.858455439704455259e+00 5.608096959129527104e-02
-6.856711242675268991e+00 3.893519093127466996e-02
-6.855410646480676995e+00 2.578770173504428553e-02
-6.854533734686037327e+00 1.674824770909906849e-02
-6.853887670709496227e+00 1.000012393925654546e-02
-6.853493884478130127e+00 5.849475403146820428e-03
-6.853202222244344277e+00 2.756798468964424126e-03
-6.853120559961942249e+00 1.888192431354581303e-03
-6.853040883633592095e+00 1.039638250600204063e-03
-6.853000264757493021e+00 6.064593050117170030e-04
-6.852976858700954743e+00 3.567472031970992069e-04
-6.852964237573125672e+00 2.220472694575690339e-04
-6.852955862159923583e+00 1.326399247422483676e-04
-6.852952749574912517e+00 9.941274012811275802e-05
-6.852948629785440282e+00 5.542919639357936487e-05
-6.852946835824777594e+00 3.627454601679941338e-05
-6.852945473213076788e+00 2.172615463140293261e-05
-6.852944668250994020e+00 1.313003709718313008e-05
-6.852944231622835503e+00 8.468615334136782739e-06
-6.852943905574062633e+00 4.987262760173216648e-06
-6.852943699065287220e+00 2.782508582596459893e-06
-6.852943576665092351e+00 1.475603849811207680e-06
-6.852943477595760946e+00 4.179296707701342719e-07
-6.852943412670477130e+00 -2.752033838208358253e-07
-6.852943363824024026e+00 -7.967608174094686387e-07
-6.852943285157502729e+00 -1.636705053645185364e-06
-6.852943139230061043e+00 -3.194701672298879615e-06
-6.852942910098851037e+00 -5.641161456994258528e-06
-6.852942334892052401e+00 -1.178376090387596918e-05
-6.852941942883643556e+00 -1.596957746657903655e-05
-6.852940624808502967e+00 -3.004162059560285699e-05
-6.852937461831702493e+00 -6.381519450147022569e-05
-6.852933752298425496e+00 -1.034295625793808690e-04
-6.852926779799609847e+00 -1.779050982477564863e-04
-6.852910830583535784e+00 -3.482608779989406172e-04
-6.852881050309841626e+00 -6.664684749623598367e-04
-6.852847749974815272e+00 -1.022456659636569905e-03
-6.852796006386178362e+00 -1.576119229421702296e-03
-6.852725624588288156e+00 -2.329976222383912596e-03
-6.852599742050368370e+00 -3.680544769521506415e-03
-6.852363864968960883e+00 -6.218563623557158034e-03
-6.852080042780207769e+00 -9.287045731321831935e-03
-6.851514694745478806e+00 -1.544151807402724050e-02
-6.850507401886337000e+00 -2.655389856131168055e-02
-6.849346326655593842e+00 -3.959200866835536209e-02
-6.847310586693183154e+00 -6.305412606616041249e-02
-6.844683231582933125e+00 -9.445257817663753330e-02
-6.839661747489325982e+00 -1.579757634392369159e-01
-6.827573139033613181e+00 -3.292972185988485290e-01
-6.810379919709627750e+00 -6.141085965551038583e-01
-6.757532226033247547e+00 -1.689701855802713482e+00
-6.625970678412596904e+00 -4.618760014117305523e+00
-6.326601305700741307e+00 -1.097384967504476450e+01
-5.373580868097247887e+00 -1.660821432516877749e+01
-2.364453494150696944e+00 -2.099545629004180469e+01
2.483450822226010768e+00 -2.234920640248333257e+01
8.711657948101834137e+00 -1.909582363577563058e+01
1.550209373031160354e+01 -1.642328150836316425e+01
2.151488008936024698e+01 -1.532833363594517095e+01
2.611957640394613733e+01 -1.430688613651486385e+01
2.977648607749176790e+01 -1.335343189196323088e+01
3.282997218409281714e+01 -1.246268340116067108e+01
3.534484696278745730e+01 -1.163123439651097080e+01
3.737750852680687785e+01 -1.085591364216822896e+01
3.898217519690811628e+01 -1.013176504980355830e+01
4.020680805158044535e+01 -9.455982260368068992e+00
4.109473925123342752e+01 -8.824464708747013830e+00
4.168519174844656305e+01 -8.236459317750529863e+00
4.201405325580723371e+01 -7.687281844133776687e+00
4.211354000876963966e+01 -7.174516249426010184e+00
4.201806103969253314e+01 -6.708432807820996047e+00
4.174794050938841394e+01 -6.261008568589249812e+00
4.141051799008528178e+01 -5.915262188623646722e+00
4.106764981189716224e+01 -5.647474568372162551e+00
4.067005352622979331e+01 -5.391882848645169091e+00
4.022745256364905941e+01 -5.149636050224886574e+00
3.948586465126037126e+01 -4.806107260534939307e+00
3.886932800968143198e+01 -4.560929578542160634e+00
3.811199984266455942e+01 -4.294636090241006343e+00
3.739705125561524568e+01 -4.069945589792074436e+00
3.683998464835595854e+01 -3.908705539551389219e+00
3.615631364000488190e+01 -3.725028120588703473e+00
3.566370592193561606e+01 -3.600711257346961958e+00
3.506725540735639157e+01 -3.457871021364021580e+00
3.443707396085287087e+01 -3.315249845205990198e+00
3.402697419007327539e+01 -3.226657397766722113e+00
3.362241244902074300e+01 -3.142038855597928837e+00
3.323182593008731800e+01 -3.062756348202411605e+00
3.264253473381002379e+01 -2.947581944040041702e+00
3.203941982407792466e+01 -2.834689500932475958e+00
3.154553515669001129e+01 -2.745885830504690706e+00
3.126716026984282237e+01 -2.697059873058458734e+00
3.089447557471268624e+01 -2.633050296172485094e+00
3.055260677323809304e+01 -2.575771003250090008e+00
3.010834827521136603e+01 -2.502967456632243959e+00
2.972054439234071666e+01 -2.441008471405152314e+00
2.934776331719493569e+01 -2.382800581169431275e+00
2.905639963408674120e+01 -2.338067233753351015e+00
2.868885456184006344e+01 -2.282849690649657148e+00
2.837664507237309408e+01 -2.237066010218772494e+00
2.795097681298485881e+01 -2.175746862868912057e+00
2.746463072032634400e+01 -2.107045977825725114e+00
2.714457652919910302e+01 -2.062934437660879805e+00
2.671909644264786721e+01 -2.005404772925986290e+00
2.648612950967416779e+01 -1.974381337333475095e+00
2.621023955133123096e+01 -1.938160172175533935e+00
2.596701086438028483e+01 -1.906721374248996348e+00
2.565509159398748551e+01 -1.867016789802047771e+00
2.528073866295394723e+01 -1.820070355747238855e+00
2.494133547149915131e+01 -1.778253009115872141e+00
2.467455296474521376e+01 -1.745870376156687831e+00
2.437729657274056194e+01 -1.710296213238763574e+00
2.395777441751503645e+01 -1.661076753139490325e+00
2.374022853466253835e+01 -1.635865545156302892e+00
2.349090660304774048e+01 -1.607250073585101413e+00
2.331696316533927416e+01 -1.587374714983658341e+00
2.309842825351318396e+01 -1.562771300061001734e+00
2.292356331052823393e+01 -1.543330279435725982e+00
2.267564988731954045e+01 -1.515981299004343530e+00
2.250781082344934703e+01 -1.497606990820787187e+00
2.236237987128736648e+01 -1.481718263102774547e+00
2.217705114916570963e+01 -1.461702525044823675e+00
2.198124002375822883e+01 -1.440840660702630061e+00
2.181703280700004299e+01 -1.423394391763287636e+00
2.164862339999952212e+01 -1.405662577493320242e+00
2.145745542627551217e+01 -1.385765614375687571e+00
2.131434833568678400e+01 -1.371018779870350146e+00
2.103121583511934745e+01 -1.342107981581330822e+00
2.083457320396921730e+01 -1.322209767683519832e+00
2.068567429207605457e+01 -1.307250668609696520e+00
2.046397524118112798e+01 -1.285197063282194518e+00
2.030861319384498742e+01 -1.269783279316037961e+00
2.017339625731683839e+01 -1.256491405072277745e+00
1.999615572794440865e+01 -1.239205855536263279e+00
1.983024693095915580e+01 -1.223124893940884528e+00
1.967678297626582662e+01 -1.208350860750921463e+00
1.953390413709773554e+01 -1.194627313889883302e+00
1.940817463032301760e+01 -1.182631033839072865e+00
1.925511286673463474e+01 -1.168123047829786598e+00
1.908046287868648250e+01 -1.151773197468707322e+00
1.896774625660431113e+01 -1.141342154426286282e+00
1.885581824820710395e+01 -1.130955787910063792e+00
1.872061180313184892e+01 -1.118546887703463222e+00
1.854387960439265015e+01 -1.102453013063750875e+00
1.845824839021182839e+01 -1.094689161563235036e+00
1.832504844694425117e+01 -1.082652332183613897e+00
1.820869656244783030e+01 -1.072225267567634699e+00
1.806687212213403271e+01 -1.059458906337906070e+00
1.798254740832569709e+01 -1.051956900926861893e+00
1.783620345394527718e+01 -1.039033581691252595e+00
1.771372860793596971e+01 -1.028269910668509590e+00
1.760193795447476006e+01 -1.018485842890777482e+00
1.747998903070529764e+01 -1.007878763725614357e+00
1.736530287454530708e+01 -9.979316540953302450e-01
1.723058880264453308e+01 -9.863561023453618626e-01
1.714067632057144053e+01 -9.786439626642564615e-01
1.701124712471641942e+01 -9.676576188214075502e-01
1.690924317061876181e+01 -9.589830549709105201e-01
1.674221753287523384e+01 -9.448075270882277943e-01
1.658659089908398698e+01 -9.317606811538761136e-01
1.647628132140222945e+01 -9.225629472912232343e-01
1.640839840853171339e+01 -9.169176893874316780e-01
1.632677585475245863e+01 -9.101432756964700221e-01
1.624657047722488201e+01 -9.035127975443021375e-01
1.614922875593034135e+01 -8.955568082709521871e-01
1.604403749462564122e+01 -8.869315033981066687e-01
1.596231977537600599e+01 -8.802833260845277508e-01
1.587326433121005209e+01 -8.730378284585437187e-01
1.576192148341177734e+01 -8.640471737117667583e-01
1.565681121010534227e+01 -8.555883413207783228e-01
1.558267219724393904e+01 -8.496490350881276132e-01
1.546907987046422228e+01 -8.406431688083809695e-01
1.537878257417239958e+01 -8.334997170317764992e-01
1.531507478116680687e+01 -8.284465690620187450e-01
1.523429480512868928e+01 -8.220950098221520008e-01
1.514742585701147171e+01 -8.152528900934117306e-01
1.507341335336981025e+01 -8.094112121500512957e-01
1.500266059283390696e+01 -8.038717602803007178e-01
1.491346058158693566e+01 -7.969552231591892077e-01
1.483276414786173092e+01 -7.906562266180995335e-01
1.475271954298018784e+01 -7.844976188501010528e-01
1.467104156277053129e+01 -7.781956204224317331e-01
1.460228016939442774e+01 -7.729549360968264171e-01
1.454500067936226060e+01 -7.685278335104318570e-01
1.447434722134549645e+01 -7.631032690609591551e-01
1.439072856054824889e+01 -7.568446042529073381e-01
1.431340077696513724e+01 -7.509949940377085298e-01
1.425016078801531449e+01 -7.462248550738274089e-01
1.419621735450864364e+01 -7.421524341619165632e-01
1.411939455493568651e+01 -7.364058558900170581e-01
1.404700954692960124e+01 -7.309747350475279681e-01
1.398034489660471280e+01 -7.260297476383865689e-01
1.389614310763930760e+01 -7.198254259053262771e-01
1.382187835916968588e+01 -7.143162171777391878e-01
1.376173322665034782e+01 -7.098623659220413273e-01
1.369180381578290628e+01 -7.047223503218044138e-01
1.364008979747776884e+01 -7.009562430019553592e-01
1.356647204803197404e+01 -6.955227935772878567e-01
1.348924611006624197e+01 -6.898764249125720616e-01
1.342484952967951983e+01 -6.851812365695680862e-01
1.337008932135530337e+01 -6.811660739083591487e-01
1.329340061958515484e+01 -6.756124077348707457e-01
1.324851032613612389e+01 -6.724079398411084707e-01
1.317145403133502413e+01 -6.669123316077872898e-01
1.309880830455495015e+01 -6.616534645719395202e-01
1.304795494971044434e+01 -6.580353466309715182e-01
1.298851758845852089e+01 -6.538274153108851738e-01
1.293514076329785212e+01 -6.500361042761920727e-01
1.286964024504876747e+01 -6.453827750242098205e-01
1.280472488580740276e+01 -6.408158186259025335e-01
1.275534074029068066e+01 -6.373031321194055909e-01
1.267843879398749429e+01 -6.318249878461422719e-01
1.261334617007752534e+01 -6.272686388229776755e-01
1.254081509202043598e+01 -6.221709784438089752e-01
1.249987009852957520e+01 -6.192868833634213033e-01
1.244865897525876264e+01 -6.157636562863662011e-01
1.239701146913935581e+01 -6.121695511583327143e-01
1.234051460682023915e+01 -6.082553291887807800e-01
1.229495592587928954e+01 -6.050909532140004154e-01
1.223764677357957709e+01 -6.011341541073864647e-01
1.218840291021140665e+01 -5.977318625132687080e-01
1.214413744204759560e+01 -5.946981913682938270e-01
1.208892603825013978e+01 -5.909056815320270495e-01
1.205397118106807319e+01 -5.885272404910271149e-01
1.201237626953839666e+01 -5.857339198292784710e-01
1.195225444189039266e+01 -5.817006720479327431e-01
1.189335683411344924e+01 -5.776426101606881858e-01
1.184765663374997047e+01 -5.745712884136109366e-01
1.181116151404333792e+01 -5.721039978637072476e-01
1.176382425173543211e+01 -5.688919074491585182e-01
1.171323118168593069e+01 -5.654884053662546650e-01
1.165984109682089276e+01 -5.618990098631547747e-01
1.161172734192084910e+01 -5.586822099014275844e-01
1.156023278018413158e+01 -5.552520892056206359e-01
1.153091147076738920e+01 -5.532946468813288998e-01
1.149472673520228128e+01 -5.508832036437649737e-01
1.144996686958526766e+01 -5.478650979332285731e-01
1.140458393155610217e+01 -5.448807343734939357e-01
1.136507752987161979e+01 -5.422666159347189208e-01
1.131545822877164831e+01 -5.389694500895089169e-01
1.127804086123268057e+01 -5.365224566819242202e-01
1.123613044591145815e+01 -5.337335310932475041e-01
1.119962800391079405e+01 -5.313725682939057782e-01
1.116214105987044825e+01 -5.289500805701909947e-01
1.110449996941275863e+01 -5.251634765695876172e-01
1.106285040195162495e+01 -5.224582115838878327e-01
1.102234058313815446e+01 -5.197938907515319285e-01
1.098064637314440439e+01 -5.170549601917665550e-01
1.093740737340763758e+01 -5.142307729629550517e-01
1.089439578558088684e+01 -5.114467549501681143e-01
1.085197235871837584e+01 -5.086814794191193423e-01
1.081632409332382672e+01 -5.063609619876081602e-01
1.076781109875828513e+01 -5.032656094310999917e-01
1.073255643014620020e+01 -5.009638176218047523e-01
1.070195740968799214e+01 -4.990115115404247792e-01
1.066472359295561567e+01 -4.966453363287081091e-01
1.061985832517903106e+01 -4.937813569553212156e-01
1.058856908553994280e+01 -4.918241624008393709e-01
1.054726574722253396e+01 -4.891568298830085149e-01
1.050942710029005411e+01 -4.867543664156054883e-01
1.046873079288867459e+01 -4.841960533294942248e-01
1.043535263035041361e+01 -4.820931278481633275e-01
1.040752023067527787e+01 -4.803108348267487449e-01
1.037305098102400969e+01 -4.781642513754272850e-01
1.034250416452475285e+01 -4.762460831674093509e-01
1.030983231494317742e+01 -4.741824337171579584e-01
1.026617502516373825e+01 -4.714866455592413019e-01
1.022713591242619380e+01 -4.690554511715850361e-01
1.018458731977233356e+01 -4.664297824546363436e-01
1.015617652832934326e+01 -4.646613639913191318e-01
1.012471836520420432e+01 -4.627078034381192917e-01
1.009583046884720758e+01 -4.609334472914881631e-01
1.006549984509063300e+01 -4.590402037885835673e-01
1.003726812322841688e+01 -4.572639684129192750e-01
1.000362102959125465e+01 -4.551717074992909784e-01
9.969958450242057069e+00 -4.530900990952081986e-01
9.938312254881678243e+00 -4.511338866201770048e-01
9.901070840400464590e+00 -4.488432673446617893e-01
9.877282810613420949e+00 -4.473690732802992343e-01
9.829371994562670523e+00 -4.444292278260975615e-01
9.791695882008236040e+00 -4.421719228434476401e-01
9.768203009386617452e+00 -4.407329759822359305e-01
9.723735663517762973e+00 -4.380221195781031085e-01
9.701589893396924680e+00 -4.366753140303135106e-01
9.672167830929794263e+00 -4.348993359440950224e-01
9.625075578571363977e+00 -4.320128114725408364e-01
9.594773295306326943e+00 -4.301767587286070560e-01
9.554478914848335336e+00 -4.277024679459429102e-01
9.526322146815907388e+00 -4.260233560885564597e-01
9.497460546675521087e+00 -4.242686193547356988e-01
9.477557515701656499e+00 -4.230714725337870741e-01
9.452023014438637460e+00 -4.215496296900026474e-01
9.428678951710079303e+00 -4.201264271658842753e-01
9.398825534523835401e+00 -4.183464228952540331e-01
9.363312754437345120e+00 -4.162219075745502428e-01
9.327911676768881222e+00 -4.141290370424395850e-01
9.292971517545765892e+00 -4.120020878863564495e-01
9.262574446074935963e+00 -4.102109972266104188e-01
9.234591285452042442e+00 -4.085311013101911026e-01
9.212333972590251108e+00 -4.071958015930283725e-01
9.183224383882139463e+00 -4.054785231978066951e-01
9.160022588308782687e+00 -4.040947190986841075e-01
9.128970649274704030e+00 -4.022029415823323295e-01
9.102487491124916730e+00 -4.006100117056926591e-01
9.084129452732181420e+00 -3.995181835097416090e-01
9.066466545759118034e+00 -3.984534294276741995e-01
9.032437951695907685e+00 -3.964387578114234034e-01
9.011837384905817316e+00 -3.952255954258009352e-01
8.991327632778951084e+00 -3.940195651284878475e-01
8.964495537821363769e+00 -3.924476762564530485e-01
8.943527621126110105e+00 -3.912303009417228417e-01
8.922598669081029499e+00 -3.900005277390144465e-01
8.890674064894781736e+00 -3.881769066602563933e-01
8.862168504221337173e+00 -3.865211767606676618e-01
8.834658927399386741e+00 -3.849251988593480056e-01
8.807634590248420992e+00 -3.833477783796533367e-01
8.775333106089766133e+00 -3.814592721786518315e-01
8.750591650296083657e+00 -3.800208440928311004e-01
8.721879073238415714e+00 -3.783533035945195744e-01
8.689696760151051080e+00 -3.765317861764669871e-01
8.674634554049458046e+00 -3.756601454736936407e-01
8.655438170894990790e+00 -3.745365848911620943e-01
8.633311558383679696e+00 -3.732569391924153157e-01
8.601880785611555780e+00 -3.714636023566783574e-01
8.583424315725016740e+00 -3.704005927073514282e-01
8.562456928376478871e+00 -3.691930009978623417e-01
8.544025092339007088e+00 -3.681438670605921559e-01
8.511070942221934388e+00 -3.662707447192553034e-01
8.492144526635371449e+00 -3.651718070147076389e-01
8.469786570386329316e+00 -3.638929494202895465e-01
8.448680036065262300e+00 -3.626754658936264808e-01
8.427501069393443345e+00 -3.614724534679434331e-01
8.400513015685442397e+00 -3.599299127594089986e-01
8.379223290031351468e+00 -3.587187786523440280e-01
8.345735919769289524e+00 -3.568059153473401857e-01
8.319627083111557297e+00 -3.553076082759625831e-01
8.294062559363462483e+00 -3.538856812070882985e-01
8.267451489660476938e+00 -3.523486506897749448e-01
8.250634479477287897e+00 -3.513992196607484408e-01
8.235357430496920372e+00 -3.505301125114662630e-01
8.220158121118947392e+00 -3.496680250454463623e-01
8.194131507629249356e+00 -3.482074830571824653e-01
8.169681614225318356e+00 -3.468258910660914074e-01
8.146573243695458544e+00 -3.455175366042003149e-01
8.130337614326585083e+00 -3.445946819227697078e-01
8.113378947706932465e+00 -3.436340552762149336e-01
8.096820968118517925e+00 -3.427068613186429191e-01
8.079221782208978908e+00 -3.417278951737334203e-01
8.060608238849580331e+00 -3.406971680956421000e-01
8.043689368587886079e+00 -3.397464171024537349e-01
8.022770536074547820e+00 -3.385689002507934475e-01
8.002974041095622937e+00 -3.374511314965325526e-01
7.983399332468247955e+00 -3.363567973850528636e-01
7.961918480894476957e+00 -3.351625719545969773e-01
7.933345365242349345e+00 -3.335583074690632310e-01
7.914724005046804400e+00 -3.325104167675644318e-01
7.893794550595343296e+00 -3.313303666160851702e-01
7.873383212574481149e+00 -3.301819664849218183e-01
7.854072102906989983e+00 -3.291043571242849852e-01
7.835532910092123160e+00 -3.280837226857022948e-01
7.817015170266150115e+00 -3.270440699683287433e-01
7.795019482845118475e+00 -3.258428803409627039e-01
7.769778275206348006e+00 -3.244705398225310455e-01
7.748683397878816770e+00 -3.233018817057090044e-01
7.728094730313917360e+00 -3.221657503955248636e-01
7.710369324458627993e+00 -3.211878388751285840e-01
7.696911387979214147e+00 -3.204568645851303965e-01
7.673294106492447142e+00 -3.191679273888327062e-01
7.655939515779585314e+00 -3.182036272523969256e-01
7.633486611912228881e+00 -3.169664682466828420e-01
7.618636544249416609e+00 -3.161516345676499973e-01
7.601308101678141860e+00 -3.151941156928451115e-01
7.577169291462499068e+00 -3.138693646816810845e-01
7.558124840763262853e+00 -3.128413208520652855e-01
7.545797008067394174e+00 -3.121563826825298760e-01
7.529564285388947731e+00 -3.112842108766690208e-01
7.517406437909586181e+00 -3.106231433543629183e-01
7.502121863624063636e+00 -3.097904871681103067e-01
7.488721142373885975e+00 -3.090626873731994184e-01
7.472249525915852786e+00 -3.081719947391438064e-01
7.457086840750008605e+00 -3.073497436714709985e-01
7.438292221186113551e+00 -3.063259334346818963e-01
7.422241777518075345e+00 -3.054443853666944375e-01
7.408882954541402555e+00 -3.046968803864824049e-01
7.392037781607402991e+00 -3.037877060029696707e-01
7.372980241084175823e+00 -3.027665281414582132e-01
7.360324862194159934e+00 -3.020809851394960499e-01
7.344279689214234352e+00 -3.012100449186319029e-01
7.329662103626250591e+00 -3.004252533412959392e-01
7.315434353581858673e+00 -2.996516245877947071e-01
7.298702213870591038e+00 -2.987664984437684579e-01
7.282342366520436094e+00 -2.978757623484457606e-01
7.265708134369219806e+00 -2.969824776704594882e-01
7.243738687416248823e+00 -2.958054943500577627e-01
7.223211672637092740e+00 -2.947186672383042549e-01
7.204408777820789922e+00 -2.937028969910143172e-01
7.189134364138515920e+00 -2.929080548794384953e-01
7.179268748993750116e+00 -2.923778019585414056e-01
7.167278176363671705e+00 -2.917434132953019565e-01
7.154790415330706033e+00 -2.910685938967498276e-01
7.140351074926110542e+00 -2.902896380346579042e-01
7.122813058432202915e+00 -2.893326665580964741e-01
7.104337460405725224e+00 -2.883650594232862741e-01
7.085812655613501931e+00 -2.873594383622548043e-01
7.068102711283167139e+00 -2.864215610150457336e-01
7.047603013257150550e+00 -2.853014937924742145e-01
7.032357479602444172e+00 -2.844874619770852431e-01
7.019081588391902216e+00 -2.837854121581873112e-01
7.006258521016470731e+00 -2.831128372017071015e-01
6.987063948684625103e+00 -2.820242117654138680e-01
6.972120322232862932e+00 -2.810188475913145134e-01
6.959028137919420764e+00 -2.798462458990226831e-01
6.946722375387031079e+00 -2.781785630830773681e-01
6.934492170427117408e+00 -2.754605714167903119e-01
6.919945167887258997e+00 -2.696329533273258416e-01
6.909975062112869715e+00 -2.628771812039443767e-01
6.896417216416793394e+00 -2.479069078048515284e-01
6.879845841458672950e+00 -2.155638589377614489e-01
6.866675060978944423e+00 -1.737595947721637668e-01
6.860016191887105208e+00 -1.456194210878945239e-01
6.853682206419944301e+00 -1.137965817620995163e-01
6.847785795917404883e+00 -7.934817370276954496e-02
6.844165871783964405e+00 -5.575386427736883643e-02
6.841899565740911626e+00 -4.000384331803963356e-02
6.840530132268668240e+00 -3.011204661902202109e-02
6.839207045099708004e+00 -2.028186844012816459e-02
6.838338731005880078e+00 -1.368655465318997094e-02
6.837596186236343243e+00 -7.954410812877602335e-03
6.837238162699944333e+00 -5.160169089902471792e-03
6.837029420270309465e+00 -3.521532816041017706e-03
6.836879462355536674e+00 -2.340572721450157392e-03
6.836767266907184393e+00 -1.454710534482703006e-03
6.836704177262588722e+00 -9.556106352853902322e-04
6.836666490736570623e+00 -6.572143048128906801e-04
6.836641307194592621e+00 -4.577148825397833482e-04
6.836620935259514198e+00 -2.962215896947979245e-04
6.836604821392725739e+00 -1.684347813538984869e-04
6.836598247674245954e+00 -1.163026852377417781e-04
6.836592433785833478e+00 -7.018825386592960681e-05
6.836588795987319500e+00 -4.132873970846062331e-05
6.836586862413266630e+00 -2.599120401913580282e-05
6.836585495874575535e+00 -1.515074347182440561e-05
6.836584800423671560e+00 -9.632040105927822487e-06
6.836584322443131079e+00 -5.839242571626609865e-06
6.836584055019359951e+00 -3.717420223198261150e-06
6.836583840371853960e+00 -2.014624543963355491e-06
6.836583755883118840e+00 -1.344349517333803124e-06
6.836583656278433452e+00 -5.541929615488032433e-07
6.836583598056753530e+00 -9.225019668710462188e-08
6.836583546671924694e+00 3.154362469181822445e-07
6.836583464003280319e+00 9.713781625052038116e-07
6.836583311054913459e+00 2.184863579167484834e-06
6.836583147103374891e+00 3.485744592775933331e-06
6.836582934974019032e+00 5.168961344887871307e-06
6.836582548372052592e+00 8.235934340771910281e-06
6.836582176998119209e+00 1.118301936935792539e-05
6.836581392204220009e+00 1.740991836938954706e-05
6.836579981630551472e+00 2.860051459552869903e-05
6.836577742741793529e+00 4.636454139250484086e-05
6.836575208316481245e+00 6.647622903915376418e-05
6.836570179596432872e+00 1.063818464603833905e-04
6.836564478746433693e+00 1.516224958780494712e-04
6.836559289329676936e+00 1.928139076050468758e-04
6.836552261418464838e+00 2.485999810912170658e-04
6.836537990084127436e+00 3.619115130190392760e-04
6.836516208714237486e+00 5.349593421896013060e-04
6.836486085994161854e+00 7.743420592404805973e-04
6.836429343792922886e+00 1.225652166009781477e-03
6.836360369179242724e+00 1.774916274605362184e-03
6.836191899895738722e+00 3.119793809697341339e-03
6.835981054231004883e+00 4.808765925741873351e-03
6.835729652280438273e+00 6.832090421198487411e-03
6.835405814847052675e+00 9.452686343086673729e-03
6.834674492966252402e+00 1.543172563840154547e-02
6.833740382856927198e+00 2.319192271706138966e-02
6.832443678255133435e+00 3.419147470594662008e-02
6.830962278755185579e+00 4.708253303612496693e-02
6.827095467137559659e+00 8.237910610904908282e-02
6.822807050556741082e+00 1.243285474676305707e-01
6.812240267419499062e+00 2.401891127292866968e-01
6.792371518689765963e+00 5.039201036277615176e-01
6.753939863833124058e+00 1.144863121606929601e+00
6.592997386019873396e+00 4.248690842713242155e+00
6.251781891785283207e+00 1.060187152054318105e+01
5.389406872632621415e+00 1.619003434551751397e+01
2.505222023441156409e+00 2.061192475170497929e+01
-2.216738564464960870e+00 2.210688543499868786e+01
-8.327427337655580075e+00 1.913090054578746191e+01
-1.503582739933833601e+01 1.613032321114447853e+01
-2.104696353223437200e+01 1.505324898859581317e+01
-2.563882245621636002e+01 1.404982372157486559e+01
-2.923306086268387105e+01 1.311286753699555163e+01
-3.223306287891621480e+01 1.223839583462937952e+01
-3.470208055763004040e+01 1.142264720424088864e+01
-3.669907606993162830e+01 1.066088261689586680e+01
-3.827562345012314182e+01 9.949872920333811877e+00
-3.947807740702864265e+01 9.286395040176063986e+00
-4.009745788510456066e+01 8.865649869114115234e+00
-4.076756554709642444e+01 8.274837155926212162e+00
-4.117006158313793662e+01 7.723335361282253508e+00
-4.132398437326883567e+01 7.299995270658464541e+00
-4.132220432780159314e+01 6.813467162530888466e+00
-4.113706449888382366e+01 6.359157407354866010e+00
-4.086254676348925585e+01 6.006172863919140070e+00
-4.050470216922641953e+01 5.682962658634220787e+00
-3.994711007136579894e+01 5.303970014642821695e+00
-3.945206743752542167e+01 5.033219641550036094e+00
-3.885280343262656544e+01 4.754091615068607446e+00
-3.828017207722909632e+01 4.522185572968108858e+00
-3.780386092430138234e+01 4.347634137988019454e+00
-3.725945311419419426e+01 4.164344968643677092e+00
-3.667234855415726003e+01 3.982405724983698825e+00
-3.616119028987422013e+01 3.835214509561029494e+00
-3.549167035642354762e+01 3.654953092445927254e+00
-3.499463804783617604e+01 3.529790791151529827e+00
-3.450346168979780970e+01 3.411810163914434479e+00
-3.404139753881307229e+01 3.305832019441270031e+00
-3.349476804004586228e+01 3.186074133894394755e+00
-3.298041277352120204e+01 3.078236334015269193e+00
-3.248770626071195977e+01 2.978958603029343788e+00
-3.197068628584584360e+01 2.878722706387745411e+00
-3.157894553291590967e+01 2.805200675423277001e+00
-3.114918899777364203e+01 2.726826636773975743e+00
-3.075231517739202758e+01 2.656707928329647306e+00
-3.033112453637696859e+01 2.584196676189889352e+00
-2.992797712177345559e+01 2.516650301187944194e+00
-2.958308728901613804e+01 2.460463475043974668e+00
-2.922074129518201602e+01 2.402427497217023422e+00
-2.886914907013095188e+01 2.347318456382759599e+00
-2.857458741028611726e+01 2.302086301365170673e+00
-2.823783980383340264e+01 2.251510501742052472e+00
-2.796423338516159518e+01 2.210999886642575962e+00
-2.763630454656204449e+01 2.163453713387979871e+00
-2.739120520638612533e+01 2.128379773374884376e+00
-2.689066234840497316e+01 2.058286649283085801e+00
-2.647529392872031551e+01 2.001325765035385729e+00
-2.616516863025397299e+01 1.959664024204260446e+00
-2.586088010302286122e+01 1.919494174614939652e+00
-2.553869531360111722e+01 1.877576102084211662e+00
-2.531362591195096101e+01 1.848708381064252171e+00
-2.510071357526391722e+01 1.821645382466320129e+00
-2.489280573293059717e+01 1.795700384961682383e+00
-2.469841339964627380e+01 1.771609960856995070e+00
-2.445460866679948353e+01 1.741793940824992060e+00
-2.425308065464793827e+01 1.717328538269913496e+00
-2.396122174481241274e+01 1.682346767639209650e+00
-2.374459844549032184e+01 1.656641839499457758e+00
-2.357227642609268869e+01 1.636467465262205545e+00
-2.333560996848443381e+01 1.608982033299611869e+00
-2.310826368347624893e+01 1.582931309718975665e+00
-2.291437493873617015e+01 1.560942393076542922e+00
-2.267196857219664352e+01 1.533605022271767204e+00
-2.249199114543748479e+01 1.513638684206837892e+00
-2.224336283633738987e+01 1.486360189549111199e+00
-2.207261184530282350e+01 1.467740860637275047e+00
-2.176554573965838912e+01 1.434596977183463684e+00
-2.151163516471607196e+01 1.407662616572864511e+00
-2.133558715274444140e+01 1.389103556247606841e+00
-2.113547338618283788e+01 1.368270604688724301e+00
-2.100923049669847131e+01 1.355250818884192743e+00
-2.085867511356902071e+01 1.339766888665295808e+00
-2.064351958895903394e+01 1.317774511610803501e+00
-2.051302901864342942e+01 1.304475281416395127e+00
-2.034413022460798359e+01 1.287510874203914524e+00
-2.016710832239155593e+01 1.269830792805024089e+00
-2.002599814389579436e+01 1.255772613665163684e+00
-1.987850455255665594e+01 1.241256702749827801e+00
-1.974632736184453918e+01 1.228344236075898266e+00
-1.959661460714609404e+01 1.213720562815718162e+00
-1.942739616686812809e+01 1.197413553686956345e+00
-1.932393435717745689e+01 1.187464593229155652e+00
-1.916867059313822352e+01 1.172651072703096542e+00
-1.898463505553249675e+01 1.155255997398261458e+00
-1.885978728496240109e+01 1.143514532870104849e+00
-1.871958407146909664e+01 1.130322716157940777e+00
-1.856784429983283502e+01 1.116242589111433814e+00
-1.846292660192300872e+01 1.106555831870692286e+00
-1.835637842115024299e+01 1.096754161555891560e+00
-1.826612545575089186e+01 1.088578774702475771e+00
-1.812315631944184702e+01 1.075631057856744066e+00
-1.799142696099657712e+01 1.063776720028808409e+00
-1.786871215020740422e+01 1.052705116020025589e+00
-1.775700426869800097e+01 1.042731009130803299e+00
-1.764325505527285287e+01 1.032620061077638596e+00
-1.753348075106803350e+01 1.022936229721691959e+00
-1.741466657572710375e+01 1.012508127104886135e+00
-1.731184695940336837e+01 1.003473628380262328e+00
-1.720157691285298185e+01 9.938318205800702465e-01
-1.711561495264333743e+01 9.863941694807681904e-01
-1.702204801926192346e+01 9.782990174281295248e-01
-1.694163786158385676e+01 9.713254661621124608e-01
-1.683714869478529153e+01 9.623737048642209135e-01
-1.672180099151117361e+01 9.525690749240184330e-01
-1.664924558820586142e+01 9.464206266944464874e-01
-1.657214113289449386e+01 9.398429709740083737e-01
-1.645550724783517182e+01 9.300024882660090642e-01
-1.636669566997787229e+01 9.225296055146430252e-01
-1.624827099140983222e+01 9.126082910382954383e-01
-1.614730686496891465e+01 9.041859810243175755e-01
-1.605587018900267893e+01 8.966046337872529692e-01
-1.594223884500750898e+01 8.872352418501379123e-01
-1.584372200316693124e+01 8.791635365070799013e-01
-1.576978160522722305e+01 8.731447272373104029e-01
-1.568554872099101694e+01 8.662957266518732657e-01
-1.561430496667332690e+01 8.604794472978383180e-01
-1.550898626228968524e+01 8.519908194584353556e-01
-1.540820897833325454e+01 8.439041267818435665e-01
-1.531275556992856757e+01 8.362214764774651421e-01
-1.520493563405148230e+01 8.275828045054595128e-01
-1.513734725921861113e+01 8.221743923727327097e-01
-1.505640170167514924e+01 8.158344933007886102e-01
-1.498405215550581637e+01 8.100984491753655536e-01
-1.491205671352012985e+01 8.044038330149607674e-01
-1.478418342916979888e+01 7.943964345319985965e-01
-1.469079865676711982e+01 7.872347838659455865e-01
-1.458984413689958437e+01 7.793524548033341492e-01
-1.451804828090902078e+01 7.737695954703593948e-01
-1.443722698435111340e+01 7.675132771740111881e-01
-1.435450257278466069e+01 7.611320387756919104e-01
-1.428474226170575356e+01 7.557654844828005647e-01
-1.421398340259685256e+01 7.503461585645972987e-01
-1.414643134516361478e+01 7.452094063825146497e-01
-1.407252790139504839e+01 7.396475038096178567e-01
-1.397644479907956239e+01 7.323918104249573791e-01
-1.391324945708243810e+01 7.276313047181929283e-01
-1.385917774253851320e+01 7.235352006342060660e-01
-1.376695050594511294e+01 7.166138067879447293e-01
-1.370245893840377427e+01 7.117897979974732170e-01
-1.362612707836933801e+01 7.060691165847294837e-01
-1.355584191116662929e+01 7.008623352024636599e-01
-1.350495393763945629e+01 6.970429552356234293e-01
-1.344375159389876551e+01 6.925033324144111990e-01
-1.339338366645109524e+01 6.887816380150384443e-01
-1.333097482364260422e+01 6.842538610508503982e-01
-1.327160092398553637e+01 6.798993033680320597e-01
-1.320746679083809560e+01 6.752004017398929303e-01
-1.315264287749650940e+01 6.711863286664462303e-01
-1.308690540231821586e+01 6.664171464440364900e-01
-1.303114732228568862e+01 6.623653798831337092e-01
-1.295395627366005087e+01 6.567833410273893335e-01
-1.291061721815002272e+01 6.536656251455010835e-01
-1.281441304512804003e+01 6.468223179980361337e-01
-1.274579377622036702e+01 6.418902560209365227e-01
-1.269171164874805058e+01 6.380100067423019050e-01
-1.261120021677296776e+01 6.322932811396171360e-01
-1.255410990283811579e+01 6.282779518953659492e-01
-1.249164459944088890e+01 6.238360660321036200e-01
-1.243673112224892030e+01 6.200150339184499204e-01
-1.238447919234146433e+01 6.163846302875470862e-01
-1.233073118455761552e+01 6.126605588002618230e-01
-1.227588933454825160e+01 6.088438461472452934e-01
-1.223307463557453190e+01 6.058603484921423199e-01
-1.219835173882167823e+01 6.034256093307261981e-01
-1.215818686069611587e+01 6.006388923543002356e-01
-1.209785782315569058e+01 5.964701119313873257e-01
-1.204498996886879247e+01 5.928393854633123849e-01
-1.199895585815582955e+01 5.896927917241591155e-01
-1.195042968286767682e+01 5.863421787170988164e-01
-1.191039285119964219e+01 5.835869894778790146e-01
-1.186944358184639370e+01 5.807694470830547795e-01
-1.183685066093621074e+01 5.785572194068361318e-01
-1.179925302058181202e+01 5.759723066197315333e-01
-1.175580033908233801e+01 5.730239202363889284e-01
-1.170527453932827733e+01 5.695933287542055412e-01
-1.163359312380070776e+01 5.647133992837423122e-01
-1.158213933625143355e+01 5.612746743538050698e-01
-1.154315858276528139e+01 5.586178552781341233e-01
-1.146659009963275899e+01 5.534759334270937803e-01
-1.141833712369747111e+01 5.502382831920846762e-01
-1.138632550001491772e+01 5.481073507631207820e-01
-1.134521068799560517e+01 5.453432431930508306e-01
-1.130354439554482404e+01 5.425859627401471430e-01
-1.125888835319293513e+01 5.396121727491330899e-01
-1.121843927253599915e+01 5.368906593777778014e-01
-1.118107836040542225e+01 5.344579954163806157e-01
-1.113960007876434233e+01 5.317075886378267446e-01
-1.110238200527170882e+01 5.292533818365946496e-01
-1.106678643300988085e+01 5.269128392965231056e-01
-1.100814485433413736e+01 5.230661736152782959e-01
-1.097142528040007647e+01 5.206637144593053712e-01
-1.093193682912102815e+01 5.181027399350289775e-01
-1.088008732388429145e+01 5.147515370880694219e-01
-1.083737588672579832e+01 5.119688845476202399e-01
-1.079540092163477816e+01 5.092217197330313194e-01
-1.076238505828630743e+01 5.070521864999729678e-01
-1.071745012401256503e+01 5.041533475995275682e-01
-1.068112062572586041e+01 5.018136165513468194e-01
-1.064507341674619134e+01 4.995076595355326665e-01
-1.060722225998386570e+01 4.970999661708628836e-01
-1.057330461838935243e+01 4.949298435273555841e-01
-1.052648598661960122e+01 4.918873784975519858e-01
-1.047065210867775598e+01 4.883324971532329029e-01
-1.042997893130855580e+01 4.857567688539178863e-01
-1.039597575508059002e+01 4.835769508964261054e-01
-1.035780700695992351e+01 4.811626105972219292e-01
-1.032322411471263912e+01 4.789672725378854579e-01
-1.029467279875041541e+01 4.771624464844934077e-01
-1.026569348855159802e+01 4.753201114535229865e-01
-1.022856176839179199e+01 4.729639689657990642e-01
-1.019426132136822361e+01 4.708014022004775589e-01
-1.015476077547842770e+01 4.683086117058400388e-01
-1.012263627667436161e+01 4.662930407718882675e-01
-1.008590281140094369e+01 4.639929224360300752e-01
-1.004420905907703521e+01 4.613700667272205846e-01
-1.000836877999237906e+01 4.591456730649999263e-01
-9.968945740277527889e+00 4.566977289271614837e-01
-9.936995933582061014e+00 4.546825506564329822e-01
-9.909183815618934688e+00 4.529392185759104628e-01
-9.884254446686270512e+00 4.513751773837927361e-01
-9.849136979807942893e+00 4.491686645029708824e-01
-9.809489799959267842e+00 4.467179356619478958e-01
-9.784516422319326168e+00 4.451919153121339234e-01
-9.754683287578442830e+00 4.433438284911651595e-01
-9.722253123185787160e+00 4.413244287788701259e-01
-9.686912119972209467e+00 4.391441711371210643e-01
-9.660346117892107287e+00 4.375256254512210896e-01
-9.636705677852255292e+00 4.360478592151845190e-01
-9.603033358701887678e+00 4.339548666506964913e-01
-9.575899169719656712e+00 4.322615191892950071e-01
-9.543386512983429881e+00 4.302519082463868716e-01
-9.513965835247203628e+00 4.284634212618269600e-01
-9.479778514723978589e+00 4.263717775263812793e-01
-9.455879028365757222e+00 4.249000791831308854e-01
-9.427100375437250435e+00 4.231395329426699270e-01
-9.401215866612908201e+00 4.215623631282834904e-01
-9.370004244429043894e+00 4.196813125422206858e-01
-9.327271612930946532e+00 4.170825543757196718e-01
-9.298588085506285239e+00 4.153492845798597566e-01
-9.268689294272295598e+00 4.135819348623681613e-01
-9.241599564423216506e+00 4.119831840575400861e-01
-9.209077043298616871e+00 4.100094234820036432e-01
-9.184991372468029880e+00 4.085658763065071475e-01
-9.150572548041125742e+00 4.065137523786552243e-01
-9.125371977461062656e+00 4.050217469122105451e-01
-9.092919244627051256e+00 4.030830872047285185e-01
-9.072659487449701743e+00 4.018736470646601666e-01
-9.043128161531003073e+00 4.001305559922211930e-01
-9.017862003671524462e+00 3.986518560738500638e-01
-8.993139349495656631e+00 3.972000419708280883e-01
-8.961339630907934506e+00 3.953126926291241627e-01
-8.926086549932678693e+00 3.932039811136554541e-01
-8.902989568593028480e+00 3.918168062824414766e-01
-8.875453527374407514e+00 3.901771158564696362e-01
-8.845057440564753293e+00 3.883770436144811655e-01
-8.818459574022652347e+00 3.868010834523326058e-01
-8.796929812219302036e+00 3.855274627766768769e-01
-8.775569643658950980e+00 3.842993976572421921e-01
-8.754279365271246505e+00 3.830655769016399481e-01
-8.725590740737859008e+00 3.813825206425543457e-01
-8.706738560489331036e+00 3.802745252368488482e-01
-8.685044355656510007e+00 3.790195743504887194e-01
-8.660912087417370842e+00 3.776159442920800080e-01
-8.641051730677109077e+00 3.764507109571653687e-01
-8.617084679386325163e+00 3.750452008804974757e-01
-8.593434933240851947e+00 3.736913825083298391e-01
-8.570644422120462735e+00 3.723497172454280912e-01
-8.550447761129785107e+00 3.711687768335202309e-01
-8.526368039252934850e+00 3.697929242780050862e-01
-8.506802358171121625e+00 3.686664963709645471e-01
-8.486640399463981410e+00 3.674944886980766046e-01
-8.465556903796926491e+00 3.662875410328541581e-01
-8.443367995880677768e+00 3.649980301960707996e-01
-8.422149270538508148e+00 3.637706059908923928e-01
-8.398003247896024703e+00 3.623942626224187502e-01
-8.380950779867470501e+00 3.613847665277809540e-01
-8.363381599290896418e+00 3.603587704761168076e-01
-8.343477609137067930e+00 3.591883139404441483e-01
-8.326417634742727003e+00 3.582109037485708969e-01
-8.307513706785444541e+00 3.571277284561063525e-01
-8.277686940585654796e+00 3.554476235254810379e-01
-8.258412719988662332e+00 3.543394141511811979e-01
-8.232685441213549282e+00 3.528706748396901460e-01
-8.213819430386569920e+00 3.517763245725194499e-01
-8.188003564009795454e+00 3.502768857686039961e-01
-8.170869404756331278e+00 3.493206207768864147e-01
-8.147417270924751875e+00 3.479892699445311655e-01
-8.126992658297581329e+00 3.468137260645706155e-01
-8.110303877591032773e+00 3.458661347492533178e-01
-8.089668357456618608e+00 3.446898250367751992e-01
-8.066158732777067186e+00 3.433593564828292810e-01
-8.043508795408726542e+00 3.420493744505722633e-01
-8.015241249904361709e+00 3.404540688740524401e-01
-7.996097571777511348e+00 3.393741979526276320e-01
-7.971498232980703591e+00 3.379997593363993635e-01
-7.952600165177608815e+00 3.369169587801321142e-01
-7.933201602763784166e+00 3.358395328191379758e-01
-7.907600451454821489e+00 3.343645565954682097e-01
-7.884216003602224632e+00 3.330497851899718031e-01
-7.861515032159241301e+00 3.317660447311638894e-01
-7.844398573168970934e+00 3.308100138012901037e-01
-7.827870341686629985e+00 3.298858639367105994e-01
-7.805289251256245286e+00 3.286307360389980059e-01
-7.782948647720736801e+00 3.273587863873724801e-01
-7.766011436131848633e+00 3.264234815323813765e-01
-7.745863756535653621e+00 3.252752545684106100e-01
-7.725865599566437147e+00 3.241487557929860208e-01
-7.706236717780183376e+00 3.230516262152607898e-01
-7.687473271217617032e+00 3.220174048978935444e-01
-7.669890309961656882e+00 3.210291288047958380e-01
-7.654490834007879663e+00 3.201778976139165733e-01
-7.628262003569220795e+00 3.187536045571724430e-01
-7.608469063967793211e+00 3.176788770098979420e-01
-7.588518262006494375e+00 3.165689228704625657e-01
-7.570855277771293856e+00 3.155801998547847487e-01
-7.551452556773306846e+00 3.145044943782024927e-01
-7.529140943522765639e+00 3.132821737949354479e-01
-7.512216473524064853e+00 3.123439167270999905e-01
-7.487576605225325643e+00 3.110019554547386877e-01
-7.472146311375198913e+00 3.101512094772312378e-01
-7.453370417983640195e+00 3.091185631041911130e-01
-7.439171435152086787e+00 3.083363675178276697e-01
-7.421365112038689205e+00 3.073481517504366156e-01
-7.401985239847232556e+00 3.062759356572074543e-01
-7.382795969270044445e+00 3.052326306940782996e-01
-7.367119596268931758e+00 3.043868165834320849e-01
-7.353017676571007577e+00 3.036395705439925430e-01
-7.337596742542696227e+00 3.028077318616582136e-01
-7.322081530745883526e+00 3.019748940165148943e-01
-7.302619640332935091e+00 3.009241396144764491e-01
-7.286654848632640125e+00 3.000291254549075637e-01
-7.269958845074143916e+00 2.991248685324736645e-01
-7.254794369310996416e+00 2.982900371476348567e-01
-7.243761291785239642e+00 2.976972248015014033e-01
-7.231433067458103103e+00 2.970256119728292288e-01
-7.211352675334428142e+00 2.959301375783988108e-01
-7.195564604337297610e+00 2.950803373616552872e-01
-7.177160339751380569e+00 2.941051290066277191e-01
-7.161872709250795666e+00 2.932777323150664861e-01
-7.147126838392786397e+00 2.924720126542658671e-01
-7.132246469663797939e+00 2.916731394312909176e-01
-7.116488854546113352e+00 2.908114984380450463e-01
